137
1646 924
1 76 74 43 93 1
167
1563 935
1 51 10 16 73 64 1
137
1919 704
1 59 69 93 80 1
148
1949 897
1 99 118 108 40 1 1
152
1944 919
1 57 94 9 34 4 1
162
1956 772
1 92 103 83 120 93 1
146
1473 943
1 107 34 130 90 95 1
150
1582 817
1 27 135 42 39 79 1
134
1815 952
1 5 65 9 40 1
159
1496 966
1 52 114 108 20 95 1
167
2033 959
1 60 69 122 79 85 1
138
1977 907
1 104 81 84 139 1
134
2094 928
1 121 68 102 85 1
164
1957 951
1 126 38 109 84 139 1
144
1718 909
1 57 62 30 56 1 1
152
1687 764
1 38 82 130 108 71 1
135
1842 677
1 10 119 53 80 1 1
158
1958 996
1 32 15 140 85 95 1
132
1412 706
1 86 57 101 95 1
148
1760 847
1 99 76 115 93 1 1
131
1485 897
1 60 33 111 95 1
154
1967 796
1 127 115 5 13 22 1
142
1923 669
1 52 88 102 111 1 1
149
2093 865
1 19 79 122 80 76 1
158
1819 900
1 38 25 76 22 32 1
159
1943 951
1 119 50 118 11 120 1
125
1854 969
1 28 21 43 69 1
154
1413 915
1 42 120 9 64 40 1
165
1533 822
1 70 55 108 47 40 1
114
1734 813
1 51 74 132 40 1
168
2096 898
1 136 3 67 68 95 1
127
1453 957
1 21 117 24 109 1
160
1868 932
1 119 63 135 30 64 1
148
2041 823
1 92 61 85 47 22 1
146
1741 956
1 8 62 32 95 1 1
149
1564 943
1 83 58 40 97 37 1
114
1656 982
1 27 117 129 96 1
160
1639 869
1 60 136 115 74 102 1
130
1753 960
1 99 116 47 81 77 1
121
1541 905
1 114 137 72 95 1
177
1955 841
1 60 55 92 68 109 1 1
170
1635 874
1 47 49 70 73 120 1
169
1441 950
1 34 135 65 90 95 1
148
1790 903
1 116 17 136 68 129 1
160
1421 898
1 57 126 36 20 80 1
170
1649 882
1 92 60 44 69 122 1 1
153
2063 924
1 20 58 16 43 1 1
138
2055 824
1 59 10 98 24 1 1
167
1894 888
1 58 39 73 111 120 1
163
1959 754
1 19 101 37 43 4 1
167
1911 969
1 92 18 39 68 108 1
131
1911 956
1 92 75 10 108 1
147
2063 977
1 140 45 92 85 4 1
148
1710 905
1 49 7 76 122 108 1
169
1931 812
1 83 8 22 71 76 1 1
151
1496 887
1 92 20 70 98 1 1
