141
1428 658
1 10 58 21 103 1
126
1224 654
1 68 100 103 47 1
151
1441 590
1 9 81 3 61 38 1
161
1513 793
1 4 3 24 40 2 1
130
1279 588
1 13 80 101 65 22 1
132
1477 658
1 77 73 18 39 1
174
1504 675
1 6 22 40 11 48 1
155
1203 712
1 75 9 64 3 71 1
130
1561 653
1 80 92 3 103 1
157
1168 923
1 30 87 63 14 91 1
168
1346 717
1 106 7 27 74 2 1
138
1225 760
1 63 69 14 71 1 1
145
1549 669
1 5 3 53 98 1 1
140
1162 775
1 53 61 3 92 18 1
131
1534 543
1 10 95 74 38 1
181
1477 723
1 97 16 26 105 3 1 1
130
1269 665
1 75 15 56 38 1
153
1607 746
1 5 64 102 92 2 1
172
1167 717
1 27 8 71 38 2 1
162
1523 775
1 33 53 73 63 39 1
141
1138 727
1 77 74 71 56 1 1
154
1320 683
1 106 79 24 43 84 1
140
1127 793
1 10 78 2 91 23 1
148
1226 830
1 106 77 28 71 1 1
171
1637 745
1 27 78 47 45 18 1
177
1289 691
1 81 107 88 69 14 1 1
136
1157 848
1 93 101 102 11 1
167
1290 811
1 92 22 35 11 105 1
123
1190 653
1 107 70 35 23 1
173
1112 755
1 87 44 53 105 35 1 1
144
1507 871
1 68 62 76 32 11 1
144
1321 602
1 9 8 84 105 1
138
1564 520
1 77 13 42 45 1 1
144
1286 784
1 68 99 63 23 18 1
175
1106 791
1 68 87 95 76 99 11 1
141
1270 701
1 68 77 25 63 1 1
156
1635 804
1 29 72 22 98 47 1
143
1200 547
1 42 78 50 13 1 1
169
1482 743
1 55 37 56 54 23 1 1
149
1327 776
1 33 72 105 40 1
168
1265 767
1 75 61 98 72 105 1
137
1301 828
1 40 25 47 67 105 1
139
1563 672
1 26 24 46 21 1
151
1550 633
1 75 52 96 3 99 1
165
1461 964
1 30 17 79 2 91 1
171
1491 746
1 77 87 44 18 14 1 1
143
1632 737
1 3 62 98 56 2 1
142
1186 605
1 3 43 108 98 1 1
165
1491 720
1 106 49 76 8 71 23 1
149
1421 781
1 29 18 92 35 1 1
142
1310 844
1 68 55 19 84 71 1
179
1262 885
1 106 69 40 60 11 1 1
