141
1423 726
1 89 49 21 85 1
148
1390 676
1 106 79 114 98 115 1
142
1584 708
1 73 35 60 86 1 1
148
1668 686
1 81 48 61 54 16 1
149
1485 868
1 28 81 89 74 110 1
159
1226 816
1 75 41 25 78 95 1
163
1571 893
1 57 59 13 41 40 1
171
1283 734
1 106 4 45 120 38 1
141
1564 974
1 13 42 105 86 40 1
153
1732 781
1 65 108 113 54 98 1
156
1650 856
1 10 109 35 83 105 39 47 1
143
1339 903
1 73 36 113 6 94 1
157
1757 760
1 119 80 53 67 12 1
165
1242 759
1 42 48 61 49 75 95 1
149
1550 622
1 119 54 35 53 1 1
162
1386 872
1 60 2 19 78 85 1
148
1400 699
1 10 3 32 107 1 1
138
1262 819
1 58 66 14 36 113 1
138
1607 692
1 11 16 23 92 1
194
1407 930
1 62 89 107 17 41 118 1
172
1704 706
1 65 8 18 41 95 1
143
1319 739
1 54 62 52 114 95 1
158
1532 793
1 43 60 85 51 98 1
141
1684 846
1 13 30 95 113 1
171
1325 714
1 43 35 98 115 95 1 1
164
1791 840
1 18 61 98 49 92 1
153
1564 906
1 42 83 48 86 94 1
163
1503 748
1 11 75 60 118 113 1
146
1588 853
1 43 4 67 26 98 1
159
1562 775
1 58 99 8 53 98 1
154
1391 742
1 10 107 34 105 53 1
155
1577 948
1 57 91 95 75 40 1
151
1311 648
1 100 65 16 108 36 1
