142
710 507
1 59 43 68 7 1 1
147
872 513
1 47 12 32 38 44 1
167
1044 583
1 45 50 33 61 52 1
152
915 559
1 62 69 64 31 21 1
157
846 559
1 16 69 9 4 43 1
146
1038 557
1 62 9 43 18 13 1
159
899 562
1 62 51 54 18 21 1
147
1008 566
1 15 7 14 21 17 1
143
958 610
1 45 6 62 50 17 1
135
921 410
1 39 56 28 7 1
160
718 459
1 47 54 18 34 31 1
136
1008 487
1 55 62 7 40 21 1
149
920 558
1 47 11 20 7 21 1
168
778 439
1 62 34 51 12 40 1
152
892 458
1 55 50 65 24 60 1
175
839 410
1 22 69 48 7 50 68 1
144
967 516
1 30 55 27 3 31 1
144
738 473
1 15 50 29 68 43 1
