149
1498 871
1 84 137 30 17 62 1
145
1928 683
1 45 57 93 69 47 1
160
1525 985
1 68 12 42 73 114 1
146
1727 831
1 16 5 57 131 7 40 1
149
1841 926
1 66 63 52 117 116 1
154
2023 876
1 22 95 47 117 65 1
158
1553 965
1 113 95 58 129 49 1
151
1810 886
1 98 21 58 114 20 1
158
1852 913
1 66 58 137 69 132 1
176
1805 962
1 95 48 42 78 132 1 1
162
1990 987
1 25 75 65 47 49 1
147
1990 829
1 45 136 50 67 65 1
181
1929 801
1 14 55 84 17 12 49 1
176
1671 856
1 34 113 39 78 65 1 1
138
1705 732
1 68 37 35 118 90 1
162
1681 896
1 14 30 117 86 49 1
145
2087 877
1 16 84 74 2 27 1
144
2075 912
1 12 136 61 124 1 1
139
1638 805
1 15 140 3 63 12 1
174
1559 891
1 13 25 50 90 82 1 1
149
1883 965
1 87 124 63 6 3 1
160
1829 968
1 68 122 62 58 7 1
144
1445 906
1 39 94 38 83 134 1
172
1476 762
1 68 113 33 124 116 1
145
1426 937
1 45 25 6 5 24 1
164
1524 955
1 138 89 83 133 129 1
131
1853 987
1 3 131 80 129 1
156
1729 969
1 95 41 46 21 78 1 1
184
1930 876
1 68 54 87 24 133 116 1
141
1968 824
1 39 13 109 58 5 1
164
1710 946
1 34 138 57 62 21 1
156
1913 959
1 13 30 137 8 129 1
150
1728 923
1 17 48 125 124 24 1
157
1495 883
1 89 35 17 55 65 1
140
1911 711
1 70 86 104 24 1
157
2080 894
1 68 136 93 92 6 1
172
1608 901
1 126 138 77 89 131 40 1
158
1941 978
1 95 24 21 67 114 1
170
1784 934
1 34 64 97 91 49 1
167
1410 770
1 45 72 74 118 51 1
169
1875 933
1 16 73 70 52 51 1 1
141
1702 998
1 14 68 73 90 82 1
144
1935 852
1 95 104 60 105 62 1
147
1639 954
1 51 72 38 134 24 1
154
1747 848
1 14 119 6 40 24 1
141
2050 769
1 39 96 4 71 1
148
1695 996
1 112 136 63 83 116 1
175
1514 841
1 77 97 65 8 59 1 1
165
1818 807
1 68 120 73 139 116 1
150
1590 967
1 16 87 104 121 7 1
