144
1382 706
1 89 75 26 55 85 1
153
1234 728
1 41 35 84 87 66 1
175
1109 742
1 59 94 2 6 55 1 1
174
1246 646
1 74 16 70 96 55 1
162
1055 778
1 74 8 25 57 55 1
156
1423 590
1 12 54 26 98 27 1
150
1277 712
1 12 80 8 11 85 1
157
1328 786
1 100 62 56 22 71 1
146
1427 794
1 74 62 77 27 35 1
144
1396 755
1 12 74 93 35 1
160
1060 595
1 13 39 23 99 55 1
193
1061 763
1 13 79 23 56 10 71 1
147
1026 727
1 18 17 10 3 40 1
146
1491 620
1 30 35 4 78 22 1
161
1489 650
1 59 81 69 17 40 1
157
1349 766
1 25 21 71 85 77 1
143
1148 770
1 59 33 60 55 77 1
152
1191 712
1 58 62 39 14 77 1
165
1374 789
1 45 93 28 67 53 1
138
1127 679
1 97 93 95 55 1
161
1061 626
1 59 27 12 40 10 1
139
1347 721
1 79 2 23 84 7 1
153
1191 719
1 45 17 26 67 15 1
162
1019 707
1 12 59 72 71 55 1
179
1025 735
1 76 29 15 53 55 1
135
1141 712
1 45 47 63 17 91 1
