157
1351 875
1 63 15 56 42 83 1
136
1558 818
1 98 118 77 31 20 1
136
1317 860
1 63 10 57 73 1 1
149
1379 953
1 99 80 44 48 78 1
188
1289 874
1 110 28 116 107 20 117 1
168
1544 932
1 51 101 96 30 83 1
164
1759 853
1 54 95 26 111 119 1 1
144
1508 637
1 69 13 36 56 81 1
137
1602 784
1 113 101 34 23 31 1
144
1451 852
1 19 25 65 91 117 1
150
1543 638
1 87 54 88 62 104 1
163
1548 925
1 50 95 66 61 83 1
138
1512 866
1 110 101 107 39 106 1
146
1455 738
1 50 26 18 91 1
156
1550 824
1 50 44 117 106 57 1
161
1316 905
1 59 5 103 88 83 1 1
158
1500 848
1 110 33 119 26 23 1
150
1380 734
1 108 111 120 83 26 1
150
1780 725
1 51 27 39 78 1 1
137
1438 846
1 18 46 74 83 1
130
1680 844
1 43 64 33 12 20 1
155
1383 693
1 17 111 37 33 74 1
146
1647 622
1 65 74 60 26 1 1
158
1339 802
1 110 54 47 48 39 1
135
1572 847
1 39 111 12 106 117 1
165
1218 813
1 53 103 47 65 57 1
160
1666 889
1 99 46 86 39 16 1
139
1278 847
1 13 104 83 26 23 1
147
1476 904
1 69 22 37 83 1 1
159
1753 812
1 53 84 10 81 20 1
149
1600 765
1 53 108 56 64 71 1
147
1404 775
1 69 19 91 112 57 1
142
1671 639
1 8 53 18 65 70 1
