100
0 7 12 8 18 12 19 5 8 10 13 18 12 15 15 13 10 5 16 7 13 9 16 13 10 8 9 7 20 7 9 20 20 11 17 12 13 14 9 20 18 14 5 13 16 9 19 10 7 18 15 19 12 15 5 11 13 7 8 10 5 13 12 16 11 18 6 18 18 17 11 7 8 16 12 20 20 19 6 19 20 12 13 13 16 15 16 15 14 18 20 8 12 9 5 16 20 11 20 11
0 999  383 641  289 370  300 623  153 509  186 505  185 493  372 715  165 217  358 620  175 543  133 198  362 419  291 425  158 528  189 230  263 573  205 343  359 576  195 313  76 119  319 634  200 300  250 465  258 450  332 678  322 667  268 533  383 720  113 268  273 364  246 482  348 697  261 336  139 430  332 521  204 332  215 544  264 479  141 418  219 589  217 277  145 224  279 335  179 265  187 350  264 383  143 348  217 469  268 353  216 334  227 540  299 337  321 509  303 580  269 464  140 372  242 413  312 442  286 656  203 301  196 381  322 574  254 490  191 351  297 562  102 299  216 547  261 367  238 375  240 294  238 548  167 455  316 356  108 368  327 646  249 286  285 450  165 517  301 464  181 460  382 750  174 277  237 402  305 665  271 474  159 457  191 230  277 394  181 255  144 180  211 558  244 608  244 587  115 273  257 447  145 435  237 576  267 437  142 181
0 191 99 106 114 153 114 197 115 190 90 101 175 190 144 131 125 138 190 156 69 189 90 113 121 195 142 147 193 89 105 194 158 177 72 188 149 72 106 136 147 163 108 85 153 98 72 121 136 132 194 82 118 192 177 99 89 177 129 103 121 97 154 128 170 155 52 95 150 74 149 93 100 139 65 157 57 162 119 110 63 196 125 62 160 119 137 88 120 125 136 121 54 148 94 69 100 178 175 113
171 0 124 127 154 58 200 146 79 171 53 148 182 149 66 119 88 194 185 68 51 151 84 158 128 102 171 112 144 180 181 146 58 140 69 84 57 76 156 111 82 90 143 173 73 85 166 53 54 57 68 79 57 90 129 68 152 176 66 176 186 67 185 144 102 166 99 138 74 105 193 80 107 74 133 65 178 85 82 108 101 55 120 75 125 71 108 80 57 63 89 80 55 84 86 75 63 199 50 121
154 95 0 94 172 184 93 50 142 186 163 166 77 170 60 127 68 158 99 165 142 106 102 59 134 50 113 133 106 178 64 87 137 73 148 73 59 135 98 124 181 145 99 109 166 194 86 92 152 147 84 88 181 190 146 50 113 188 180 174 174 142 189 139 122 133 68 119 122 85 147 103 81 192 150 57 138 147 129 131 52 88 174 145 170 60 71 145 69 120 57 92 200 101 88 163 147 142 92 169
122 135 160 0 142 74 141 151 126 103 196 94 142 124 84 158 57 64 150 140 155 61 184 128 114 79 139 151 96 87 57 73 66 80 95 161 146 120 92 105 193 189 112 64 197 163 119 107 133 196 115 199 200 81 162 100 178 183 134 105 140 122 137 102 87 122 111 147 63 84 197 185 79 154 139 191 54 151 166 143 128 101 134 114 58 136 52 198 140 102 169 80 94 76 105 147 170 87 105 133
142 150 61 132 0 194 190 191 129 156 171 196 105 114 104 79 72 83 187 153 57 52 140 159 116 181 115 58 126 112 66 110 60 107 88 156 125 177 88 92 90 74 158 79 178 120 169 191 164 81 60 65 193 74 51 61 124 104 57 108 93 96 148 145 150 133 181 114 154 148 195 93 159 92 124 60 114 67 132 180 138 199 148 158 59 150 102 193 166 144 75 129 112 59 69 70 138 168 139 166
167 171 193 175 124 0 153 106 127 96 190 140 166 141 188 152 169 188 152 97 82 57 89 71 116 158 82 140 156 174 154 154 54 91 144 91 185 116 93 182 183 91 143 119 87 126 151 130 187 88 62 70 195 135 82 187 112 199 57 105 194 92 136 87 56 143 77 196 161 131 177 75 139 54 91 133 152 110 163 94 130 90 176 54 178 75 105 134 168 138 70 171 177 86 186 58 160 54 134 152
74 71 88 61 109 149 0 70 72 76 187 162 190 171 52 128 53 58 72 147 126 152 54 62 175 88 123 179 191 110 72 142 186 156 137 85 152 68 113 77 105 98 101 131 125 60 89 93 87 196 140 190 178 65 150 126 110 82 145 122 100 140 182 86 88 102 129 121 137 65 52 182 141 68 162 91 174 95 67 163 57 91 62 150 200 82 126 55 186 155 144 97 192 183 82 118 197 75 153 193
62 181 55 185 186 196 174 0 51 176 89 114 136 150 174 129 194 160 180 147 149 63 190 173 68 200 106 136 88 76 126 124 142 141 184 88 148 103 187 154 99 153 81 120 168 85 56 151 178 57 90 63 126 94 102 198 116 173 154 123 111 89 56 83 81 102 186 197 158 87 121 192 104 97 56 127 71 126 79 51 80 200 56 79 51 145 72 185 162 171 73 174 191 125 166 92 62 131 58 129
111 121 61 63 198 162 186 133 0 126 136 189 144 106 144 101 68 148 50 98 57 115 72 188 142 187 182 81 190 186 198 173 63 82 196 74 180 109 110 141 108 69 200 171 144 134 195 82 60 193 77 130 166 160 64 154 65 94 156 198 56 128 171 136 130 140 63 151 121 122 60 51 65 62 63 200 138 121 121 139 69 179 171 109 80 189 110 199 135 168 102 197 90 62 86 53 60 116 73 86
66 165 146 65 116 89 198 158 143 0 51 138 53 191 58 101 71 192 142 75 130 57 91 178 197 165 71 75 163 128 87 168 163 144 100 160 165 171 62 54 61 87 57 146 187 94 82 56 177 120 129 114 88 157 93 159 167 85 135 118 138 166 130 157 170 117 188 153 184 145 185 111 118 150 77 187 114 131 58 59 114 161 187 174 192 83 200 89 69 79 89 164 88 185 65 149 70 181 76 124
149 103 174 106 200 106 111 167 65 147 0 95 191 144 143 183 181 114 105 64 122 93 144 100 157 142 89 131 121 62 64 173 102 132 96 106 81 106 56 155 130 86 88 163 58 164 119 154 146 135 171 196 145 196 72 99 104 87 143 75 56 94 51 151 180 55 168 116 107 173 196 58 123 190 60 51 145 108 181 128 78 54 82 196 163 78 123 94 111 102 85 198 93 97 113 133 129 84 118 124
74 146 192 72 100 127 174 157 150 80 151 0 163 55 139 161 100 58 75 158 193 55 138 197 198 138 182 105 149 81 71 155 156 173 105 138 142 173 164 53 192 159 50 113 147 55 160 104 175 181 96 151 61 94 58 192 185 176 185 103 122 163 50 69 122 101 61 106 179 107 186 57 135 139 174 191 59 109 187 165 198 161 137 170 133 181 95 116 192 127 73 73 126 153 192 123 50 81 100 120
176 106 114 97 63 115 76 175 192 171 165 138 0 93 72 129 136 151 151 54 164 175 137 115 53 63 88 196 187 174 92 81 177 107 101 164 138 66 184 90 129 177 103 138 162 181 110 110 185 124 148 174 59 184 102 96 158 158 129 98 92 120 107 94 148 119 123 142 189 145 149 78 115 96 120 115 156 78 192 113 146 63 115 100 124 162 54 94 154 79 61 106 126 184 104 114 143 109 94 89
142 160 109 98 58 95 179 189 188 186 184 159 200 0 54 151 102 127 116 80 57 90 97 116 197 61 77 199 100 151 140 153 61 141 192 167 146 131 56 149 120 188 139 152 160 81 144 163 58 167 159 73 133 116 123 184 137 98 77 91 166 152 149 53 171 191 136 76 197 186 189 190 76 64 196 93 119 112 93 113 147 138 166 143 73 91 156 65 59 185 198 115 136 171 109 69 67 150 96 124
82 155 145 74 86 165 167 199 198 120 164 96 55 102 0 108 118 148 175 53 137 178 157 172 103 149 54 60 72 179 51 116 129 182 131 77 148 103 63 60 153 116 181 116 74 81 70 81 121 165 123 183 72 55 159 65 186 143 161 133 143 56 181 50 180 106 118 110 118 177 197 179 64 144 62 127 89 157 88 162 85 175 169 152 60 132 137 74 185 73 117 166 119 129 62 122 53 62 143 61
163 62 77 83 132 50 194 119 113 139 128 131 95 65 192 0 62 162 65 117 115 86 173 75 75 188 134 81 173 52 119 195 192 80 63 128 166 82 149 59 183 84 113 101 190 120 188 73 85 157 140 56 59 198 195 87 106 152 166 161 54 78 57 122 149 163 96 168 161 93 156 166 67 91 109 63 166 137 145 102 107 150 92 118 104 170 107 133 177 111 99 103 197 147 130 129 168 72 146 118
73 101 141 179 89 171 117 66 144 98 192 56 157 116 126 91 0 186 73 63 158 87 59 159 67 154 89 123 61 130 192 196 95 158 129 69 190 96 117 166 199 176 144 168 120 53 181 50 59 107 138 121 114 106 111 173 196 83 117 116 144 98 134 195 58 147 139 155 89 132 199 196 117 195 142 100 111 53 161 142 147 52 159 182 64 54 69 85 80 168 61 125 165 65 178 74 185 73 182 176
172 80 141 172 136 149 125 62 52 106 74 117 67 183 105 143 192 0 120 104 159 126 155 141 131 171 61 125 72 166 72 86 78 116 121 198 121 140 54 61 185 189 89 153 119 111 135 176 63 67 184 84 160 57 169 146 116 57 56 123 90 142 101 92 50 157 195 151 152 128 200 71 104 148 50 158 62 138 71 151 198 124 87 52 182 74 64 180 65 140 54 68 98 133 114 85 117 149 186 172
197 143 169 57 89 68 185 81 142 165 146 146 128 79 110 150 76 63 0 97 73 174 191 147 126 175 149 163 59 175 107 100 77 69 154 152 148 79 102 170 113 114 164 162 167 61 143 134 122 137 200 91 131 85 182 122 163 161 101 56 180 79 75 135 184 90 92 187 54 156 107 108 65 118 122 93 163 65 185 80 142 171 151 162 185 84 161 143 184 185 72 84 193 79 63 173 192 98 84 120
123 56 86 110 138 185 123 194 139 132 86 148 74 199 188 162 143 142 105 0 104 90 114 154 102 121 190 89 129 168 186 123 193 112 62 69 145 99 176 163 108 108 124 105 64 194 113 168 78 153 75 54 147 196 177 93 125 73 135 86 162 67 104 98 58 196 172 194 69 74 153 176 86 133 169 65 90 128 55 108 90 183 96 71 51 96 75 167 102 200 192 110 133 70 164 121 93 130 56 183
124 94 109 159 186 50 61 184 131 154 127 178 65 114 123 120 79 137 117 189 0 117 62 175 174 182 66 94 69 108 187 117 84 138 199 59 80 151 73 167 108 93 102 89 146 129 105 147 141 123 111 146 112 165 159 75 136 184 65 178 115 80 116 186 84 128 100 134 108 166 63 168 191 113 160 115 172 51 68 55 154 197 186 168 99 175 137 150 160 178 195 163 76 133 100 111 90 79 77 146
125 135 175 55 91 77 115 143 179 63 133 102 92 131 153 155 195 84 134 107 114 0 177 89 175 155 149 144 73 58 51 81 193 139 72 96 131 143 125 72 132 139 63 197 192 117 118 64 156 97 55 163 131 129 112 151 182 88 61 97 138 108 190 106 97 120 93 105 55 96 89 53 96 138 56 187 57 144 130 147 165 147 62 123 104 112 198 102 116 126 151 157 174 99 90 100 53 111 69 114
112 118 149 199 119 198 95 100 91 121 162 193 131 64 116 55 137 81 161 101 100 180 0 181 82 193 73 128 129 195 51 118 174 115 81 134 96 103 197 66 116 58 156 83 66 58 139 111 56 55 140 114 154 166 198 112 186 61 92 87 115 112 144 54 52 182 68 79 118 179 51 161 188 53 193 182 118 139 99 193 143 131 110 137 179 85 103 123 58 109 165 82 182 113 82 54 144 165 162 186
179 180 191 113 111 50 78 163 140 130 106 88 157 124 152 130 64 181 71 106 114 122 146 0 166 88 164 69 50 90 110 80 124 142 192 171 92 112 59 196 75 78 183 108 124 101 123 92 76 62 175 187 126 80 178 116 195 126 162 179 107 61 94 149 99 155 165 142 168 82 82 146 84 100 129 107 90 61 180 179 136 130 96 62 50 53 57 55 67 125 162 171 80 109 65 128 70 70 156 114
116 132 126 167 180 97 76 73 182 195 144 76 170 85 195 199 148 97 99 167 126 177 58 114 0 87 182 140 112 132 103 166 195 134 155 182 92 96 187 83 51 118 139 170 147 50 131 177 144 187 64 61 117 104 69 86 138 189 167 190 131 96 188 180 107 145 92 174 120 102 174 118 52 106 125 198 146 77 75 165 168 102 154 199 114 64 122 151 55 148 62 109 168 129 50 87 114 117 70 97
175 161 106 138 141 110 161 65 188 113 170 130 56 125 175 77 54 145 60 73 50 183 120 162 95 0 58 155 102 113 114 79 194 78 80 53 147 150 182 144 178 106 163 66 62 95 163 82 189 120 196 65 158 155 152 141 157 115 155 83 68 64 131 58 185 166 80 67 146 179 81 153 145 113 183 96 163 84 55 92 177 171 142 172 166 178 103 51 115 186 122 156 88 90 149 64 137 133 107 55
140 175 180 175 198 83 64 79 126 133 172 171 191 189 85 55 193 136 186 110 198 62 164 78 74 105 0 101 186 118 186 64 59 55 86 166 138 64 126 152 185 145 194 183 166 174 89 64 161 160 66 51 197 58 83 89 57 125 65 200 141 199 113 103 76 73 110 198 92 143 67 62 154 182 172 177 188 136 178 57 110 90 139 110 164 100 158 172 196 81 69 106 61 100 103 88 199 124 126 176
140 91 175 85 57 100 119 73 54 75 98 53 167 169 80 152 164 64 200 181 98 105 100 181 54 73 69 0 193 107 162 150 83 67 165 130 181 100 124 50 163 154 79 66 62 115 80 70 55 170 84 66 127 183 173 78 150 169 147 86 160 92 117 104 78 101 67 102 112 136 92 101 181 123 170 193 63 188 94 154 73 79 153 80 196 82 97 50 63 109 74 140 142 139 157 145 98 57 188 132
72 144 193 86 55 132 71 117 94 98 82 81 156 90 115 90 89 124 190 126 193 114 73 129 67 164 173 181 0 197 123 54 120 159 90 180 186 55 182 95 53 154 74 142 183 164 194 101 148 196 136 115 61 185 168 179 146 57 169 133 65 152 193 61 65 78 87 163 97 199 144 52 98 87 137 170 63 116 61 134 98 57 121 181 168 192 57 139 102 189 84 187 63 167 65 191 181 66 199 170
188 138 114 177 189 184 63 68 176 82 119 104 127 187 120 63 63 139 94 122 50 96 66 101 71 154 148 168 77 0 94 169 123 132 141 111 50 115 89 162 132 169 192 78 111 70 188 51 109 62 134 106 200 164 165 53 190 72 153 139 91 59 123 103 149 95 181 143 98 147 121 151 162 177 139 167 145 172 97 133 169 119 95 182 63 147 75 184 61 147 52 70 64 124 86 128 109 57 143 78
156 62 133 151 146 191 172 75 153 115 95 193 168 179 123 198 186 118 138 178 157 66 123 111 182 187 107 70 100 73 0 141 91 131 167 93 191 184 71 134 127 174 101 119 137 121 53 67 106 75 173 52 88 71 68 100 70 115 52 109 99 62 149 111 133 67 86 86 188 161 126 173 71 128 174 81 95 176 119 122 86 142 194 180 103 58 164 172 193 119 163 138 114 183 50 60 114 120 64 132
66 186 135 51 71 134 120 107 162 194 117 81 106 163 144 134 189 97 154 175 68 69 162 95 178 142 53 106 51 154 186 0 177 74 195 132 52 154 54 82 104 166 137 154 72 75 73 114 98 183 173 138 118 163 173 78 187 181 52 50 75 182 171 151 124 78 156 67 83 167 183 124 96 121 149 167 139 73 119 69 78 151 72 158 56 130 147 91 194 120 188 71 77 152 156 125 62 76 177 50
180 100 88 84 76 195 192 162 126 113 102 55 72 115 95 127 169 168 130 87 120 187 124 52 61 194 56 129 72 88 111 79 0 178 156 144 56 79 173 160 105 51 117 146 132 109 187 64 195 147 50 77 156 53 157 180 184 189 130 112 57 97 77 183 100 111 87 126 105 199 156 133 52 151 102 174 179 62 95 108 139 188 69 189 171 112 130 91 181 161 185 64 123 101 187 198 83 96 74 95
152 87 65 80 182 130 166 54 197 151 60 68 127 111 52 152 67 59 132 148 131 141 177 157 57 159 93 58 169 188 135 99 169 0 130 148 134 86 172 177 138 113 184 112 50 128 151 173 155 170 123 171 162 132 111 142 50 199 77 126 121 156 86 157 138 51 79 144 55 121 158 50 70 164 50 58 186 60 52 174 60 122 142 172 154 154 116 106 129 152 199 86 74 118 177 139 141 109 101 127
79 81 61 194 135 117 143 100 123 57 190 102 133 91 128 140 181 149 95 105 167 199 53 65 113 193 67 196 174 137 167 149 171 60 0 78 120 79 59 80 119 120 86 80 138 123 168 123 105 77 96 123 144 89 109 189 81 82 156 66 180 139 100 174 93 153 88 179 154 98 124 116 79 156 165 186 108 113 115 51 84 125 97 68 160 58 137 66 192 183 120 107 116 122 82 172 68 105 123 143
189 145 169 62 160 200 114 121 126 139 135 81 127 126 191 146 168 135 170 110 183 109 185 62 125 85 189 109 73 76 164 162 57 143 151 0 59 75 98 106 191 188 60 118 163 127 179 140 192 130 58 144 165 99 95 117 189 161 180 81 130 142 191 102 120 169 142 59 136 141 165 124 81 67 102 141 163 171 93 178 80 95 105 83 70 179 166 97 75 135 166 180 179 61 106 198 115 165 118 65
104 175 87 178 56 176 80 140 71 138 113 105 190 117 193 188 138 56 108 158 108 134 182 89 63 170 86 149 134 154 69 76 149 165 116 197 0 170 198 55 74 140 122 139 126 136 116 74 163 113 53 96 198 143 192 61 170 96 120 125 129 170 183 54 178 139 141 195 75 156 104 161 124 92 144 91 81 122 59 196 139 149 131 161 107 147 74 192 191 176 183 60 91 148 69 189 104 53 69 155
63 187 148 67 134 106 107 95 94 96 89 198 112 144 100 66 130 56 91 158 153 57 150 137 53 66 152 130 58 197 99 52 50 86 181 118 149 0 167 159 63 92 127 171 98 198 178 89 103 59 192 105 124 156 52 187 191 168 103 178 163 61 170 105 167 84 144 165 111 193 71 61 124 144 181 195 194 167 53 192 116 169 200 61 195 126 162 193 170 111 103 170 83 141 146 180 173 99 198 137
80 114 71 146 67 55 57 170 101 134 136 148 147 157 188 57 153 91 164 185 155 83 60 81 114 99 120 103 168 64 194 79 50 180 169 76 105 127 0 80 143 79 74 167 71 52 119 76 140 151 180 139 80 121 89 130 166 90 170 93 57 138 155 95 124 126 53 176 190 76 200 80 199 190 160 64 135 87 129 158 133 50 95 61 171 172 94 83 96 155 174 82 154 192 156 85 108 71 102 121
189 166 90 144 140 193 154 189 161 139 155 152 131 112 57 198 116 120 60 70 78 191 171 50 99 100 140 162 66 90 96 167 200 93 167 193 96 152 180 0 72 91 84 104 111 89 114 75 117 192 106 65 57 71 137 62 180 173 82 152 145 178 170 58 135 130 169 162 85 59 158 112 113 176 191 64 173 176 145 120 176 87 198 178 180 184 168 92 145 101 137 196 148 109 106 73 87 129 60 147
113 155 86 147 195 89 168 165 188 78 192 103 51 165 141 170 197 139 131 179 106 62 99 102 90 88 167 200 134 58 114 142 106 108 121 93 153 185 127 181 0 198 129 112 90 83 68 182 131 186 141 83 197 191 151 115 160 65 112 148 194 124 61 199 99 131 146 160 76 73 70 148 140 108 126 172 97 109 161 122 101 84 81 179 82 70 125 79 125 63 113 159 105 122 154 181 121 88 142 200
81 83 173 128 128 96 153 188 182 104 200 75 154 197 75 193 162 76 192 58 87 116 188 86 100 116 154 84 131 185 192 136 116 197 79 88 137 194 119 111 131 0 153 59 69 73 86 162 151 126 104 63 68 94 172 122 117 169 164 91 145 195 165 186 101 164 178 100 72 154 130 94 98 123 66 139 73 155 195 60 124 142 199 177 87 91 93 110 169 121 65 185 140 193 105 129 115 124 136 120
178 197 82 91 68 183 74 78 197 172 187 192 86 95 98 91 85 71 113 110 106 175 200 167 100 91 80 101 164 117 77 50 108 75 69 166 166 76 109 105 125 129 0 135 54 70 130 55 60 171 158 96 190 97 120 192 114 145 56 77 193 91 191 156 87 68 82 77 76 127 142 91 102 53 194 50 127 177 168 86 136 88 65 167 176 178 119 56 89 126 125 66 113 162 125 140 93 113 89 194
162 98 94 128 200 93 160 179 154 97 84 157 56 115 79 64 139 82 123 98 68 144 69 107 56 121 135 68 167 95 178 111 75 162 168 93 103 124 60 128 124 147 126 0 115 56 123 150 184 104 85 189 105 169 158 120 100 134 76 65 187 96 98 175 76 54 121 76 60 55 126 106 50 198 174 131 104 162 129 122 102 128 189 56 128 60 142 186 56 113 184 188 100 129 138 98 186 153 94 121
151 200 135 96 142 114 91 60 69 158 105 96 193 67 77 182 127 121 175 189 181 64 142 176 113 134 153 78 64 50 137 178 145 189 133 168 94 193 146 103 118 102 110 157 0 175 60 53 189 146 185 137 105 173 68 82 82 100 80 199 71 126 119 171 118 83 114 139 70 70 198 189 138 51 129 131 179 62 198 86 147 154 151 85 65 132 120 57 92 154 138 58 127 84 61 195 183 81 153 54
162 137 111 69 151 82 81 154 86 157 161 166 139 139 65 171 60 97 160 125 114 103 69 189 152 101 148 187 151 56 102 132 140 99 67 164 135 196 154 174 127 120 119 157 149 0 170 96 57 78 171 109 197 68 148 134 180 148 166 59 158 108 90 140 145 147 167 62 87 168 101 63 53 95 144 167 99 101 58 88 176 192 78 60 74 79 145 84 105 57 68 63 50 110 109 155 161 156 181 159
160 148 102 180 97 101 104 125 51 98 78 50 152 119 111 109 138 161 161 69 51 126 98 95 62 173 192 174 115 132 187 160 105 145 101 62 123 176 50 115 53 134 135 109 188 131 0 84 154 109 139 67 75 102 148 187 132 149 63 72 99 148 102 195 168 168 63 95 115 75 101 156 72 66 151 189 136 95 169 62 56 94 105 79 106 160 186 112 132 121 194 196 130 148 176 109 150 118 77 98
143 141 147 105 74 103 153 177 55 189 142 74 161 192 94 110 125 56 94 60 199 77 134 66 140 151 142 76 160 63 110 162 136 99 194 177 53 104 185 187 173 53 174 198 105 70 99 0 200 60 137 125 97 145 135 57 103 196 93 196 188 110 75 182 70 191 65 104 106 166 95 95 196 104 188 50 166 97 90 160 99 86 98 141 71 143 147 112 122 164 164 79 149 186 194 55 152 165 75 126
126 123 53 161 179 98 176 182 175 81 69 58 100 131 133 59 150 180 129 144 177 179 174 140 105 100 82 58 127 50 157 59 55 60 150 93 94 118 134 59 105 117 56 188 163 149 53 92 0 159 74 175 90 102 90 95 95 108 181 137 105 150 190 50 60 125 150 146 67 69 177 168 80 126 62 199 126 182 61 194 103 153 98 102 118 100 62 128 99 97 89 112 157 61 192 97 199 151 155 173
190 120 62 187 135 88 104 179 147 134 156 154 183 194 72 154 183 59 79 120 181 72 105 195 145 92 110 190 93 119 66 70 183 116 120 171 181 67 135 99 88 135 187 83 109 77 168 140 112 0 127 90 132 54 62 83 140 136 133 154 82 104 153 191 65 84 74 110 114 161 189 158 86 53 137 192 67 50 84 116 125 97 114 82 143 55 58 106 146 130 97 63 195 114 113 82 178 195 147 57
115 77 157 126 90 78 185 167 143 175 136 173 137 62 163 197 191 67 196 51 151 164 137 64 69 179 115 66 82 117 51 164 143 130 169 173 82 179 176 109 58 200 184 197 170 104 116 198 132 51 0 58 115 104 100 132 177 90 146 146 115 162 87 192 112 55 72 102 123 175 163 189 106 126 175 98 143 103 122 188 164 128 178 119 194 141 107 157 161 163 85 97 54 135 144 150 89 133 132 74
108 137 80 103 140 141 151 94 198 82 171 75 171 93 89 156 64 142 76 74 177 199 174 87 168 113 122 88 163 86 178 172 192 118 123 126 94 68 83 107 53 63 53 57 72 81 135 108 167 130 131 0 193 159 91 109 85 100 180 82 132 136 102 194 69 192 136 124 64 98 179 57 61 52 158 147 67 147 195 50 92 165 163 119 86 168 54 115 78 194 108 150 117 166 172 170 176 174 149 50
109 90 81 168 99 195 118 122 68 123 53 69 65 131 52 73 50 52 109 160 100 103 119 78 142 189 167 164 109 117 198 95 197 94 95 127 56 141 171 81 110 159 81 155 108 70 94 199 146 150 69 197 0 81 114 122 144 186 116 186 184 129 149 57 165 70 149 51 165 103 184 75 136 160 54 98 53 98 193 73 176 77 192 196 164 136 190 64 170 170 95 113 183 139 176 64 123 83 83 64
64 146 67 136 130 98 85 118 163 170 69 160 168 117 82 184 143 165 144 97 121 187 143 148 102 121 69 76 132 144 82 182 126 81 182 169 171 142 50 64 182 127 68 170 94 88 78 100 55 108 110 169 116 0 102 80 162 130 110 88 117 115 58 102 173 75 89 105 171 71 182 85 138 80 106 103 133 52 176 197 87 108 114 123 155 163 117 58 51 102 111 92 76 91 157 118 117 122 82 101
88 161 52 84 122 80 97 52 190 99 116 72 180 182 82 196 71 162 65 85 118 110 156 63 175 150 132 125 183 85 192 158 149 158 79 142 50 129 197 79 136 192 162 83 166 178 96 200 159 156 186 152 127 139 0 62 62 200 200 116 175 192 114 113 140 119 50 106 82 111 89 171 193 139 167 71 50 186 137 137 69 82 70 73 71 160 102 130 55 171 105 111 98 92 77 199 169 72 120 140
53 75 88 142 117 131 64 106 199 196 105 137 84 146 55 193 173 68 68 103 75 184 158 103 76 50 151 130 128 85 76 150 73 70 175 86 163 144 79 89 117 134 139 185 70 190 135 91 58 79 134 112 161 195 189 0 97 56 94 73 145 66 112 51 118 121 165 106 136 77 50 106 101 180 198 89 162 150 116 146 191 126 88 108 101 55 148 100 68 148 154 124 147 93 60 98 107 128 179 106
123 61 170 97 52 180 147 67 184 102 101 139 150 161 109 165 65 139 51 128 79 87 125 187 81 134 137 163 102 195 153 189 179 80 84 116 107 80 109 50 110 185 63 110 125 132 168 106 70 168 173 165 112 70 123 149 0 162 68 184 93 179 196 77 170 103 161 187 112 167 149 166 132 58 50 183 110 97 148 127 196 147 142 135 122 113 109 95 147 155 175 195 144 197 149 181 134 99 113 149
74 152 102 179 180 136 143 61 142 75 68 175 166 64 174 81 169 121 74 123 105 169 129 110 159 138 60 123 122 75 187 81 124 75 180 151 196 66 153 154 90 196 142 148 71 85 94 148 195 168 62 126 168 75 152 91 194 0 92 115 118 129 56 199 147 67 172 191 60 168 161 184 102 130 108 87 62 66 65 136 69 182 114 151 80 60 135 125 140 194 131 143 166 168 164 131 199 172 121 88
125 159 77 75 136 150 123 71 71 90 75 197 94 59 179 105 124 168 68 62 80 79 154 93 138 194 162 152 105 151 195 189 157 133 191 167 91 163 106 59 169 187 135 185 91 70 92 190 91 123 65 162 178 165 50 66 185 175 0 170 156 187 182 145 79 113 200 160 123 177 63 144 57 74 159 197 81 57 133 197 149 158 197 68 109 54 199 145 155 200 171 103 147 112 191 60 78 135 121 124
69 119 158 72 175 126 183 110 125 136 156 80 198 70 65 61 116 190 158 74 184 93 177 104 178 61 61 178 158 76 200 59 86 59 93 95 126 157 94 133 144 140 123 148 183 86 62 190 155 164 142 107 73 179 104 151 164 63 85 0 103 98 111 155 165 117 137 95 113 100 65 170 71 54 65 179 64 127 107 79 173 76 165 196 52 120 188 104 57 191 160 128 57 151 163 101 116 67 54 60
69 101 155 169 100 182 159 70 170 54 163 127 198 78 140 115 161 200 53 196 166 200 72 116 175 139 112 151 193 169 95 99 156 159 126 160 89 157 100 119 108 146 61 134 71 141 175 56 97 149 139 153 141 107 148 61 113 77 73 159 0 75 67 158 139 65 96 119 124 115 83 54 150 90 169 170 145 106 180 83 195 67 192 177 136 101 54 80 52 100 153 76 177 86 146 156 176 148 193 90
167 157 193 130 69 198 124 180 104 168 96 116 165 55 189 118 145 153 69 143 108 55 159 90 143 184 71 88 167 79 120 135 70 159 148 139 79 115 61 191 66 50 77 127 185 113 72 158 127 116 146 115 121 86 128 128 198 141 159 138 67 0 129 91 83 195 134 68 98 151 162 89 147 192 186 53 99 119 75 123 73 98 78 148 67 165 134 98 61 59 109 79 150 78 71 151 73 133 111 80
176 147 78 84 67 127 160 160 79 100 163 52 85 60 97 134 105 61 98 76 111 94 172 193 179 158 65 107 157 155 121 149 50 197 148 113 71 78 71 165 83 175 164 182 167 200 149 110 190 149 62 84 122 61 57 154 148 152 182 99 53 128 0 151 167 166 144 199 73 171 125 54 171 154 89 78 117 65 92 132 70 80 55 133 103 107 179 96 151 128 187 121 194 76 166 122 68 101 62 94
165 193 121 95 59 177 58 181 96 69 161 133 159 157 164 176 68 143 180 105 71 109 116 114 61 190 145 174 66 165 182 158 59 163 127 71 150 178 100 97 104 193 107 105 129 93 176 90 111 97 119 61 143 165 102 61 89 196 113 123 128 117 127 0 105 90 126 60 138 127 59 133 125 147 105 179 152 65 54 121 56 71 114 88 187 148 67 104 193 163 100 183 161 67 149 65 145 59 60 185
161 85 101 159 116 73 82 107 124 151 152 115 88 151 115 55 127 107 116 71 106 168 88 119 124 173 91 157 93 126 175 52 177 150 92 90 139 117 163 110 132 194 182 158 97 139 126 106 71 113 143 62 122 129 95 55 200 158 186 112 154 91 199 155 0 178 141 170 89 61 157 70 72 90 187 103 54 120 86 141 159 65 116 103 197 101 180 121 139 146 180 188 153 180 103 175 198 120 159 88
177 103 136 61 139 183 138 70 185 195 177 186 58 184 163 138 113 111 80 64 151 52 189 197 179 93 193 91 74 155 111 191 52 137 114 154 179 82 87 89 75 164 100 182 87 61 147 134 72 134 122 150 120 110 169 112 57 61 117 69 160 200 183 139 63 0 156 129 79 179 179 183 144 71 129 57 75 162 98 181 121 131 192 62 110 148 166 56 119 122 64 84 117 121 123 138 72 179 199 165
56 149 165 180 117 179 107 70 120 69 71 129 104 110 158 179 127 128 117 189 188 160 81 84 68 146 118 57 187 175 89 192 143 163 166 173 148 51 192 191 162 80 155 162 146 145 196 153 112 198 185 87 171 149 133 73 134 163 90 104 149 50 159 66 75 65 0 99 159 174 66 96 67 84 76 164 75 91 71 127 169 188 160 86 176 122 55 78 138 107 164 64 106 63 69 58 60 101 86 142
71 199 168 114 168 127 90 105 139 163 115 73 107 103 59 170 187 184 142 101 197 134 79 112 95 59 178 55 94 197 102 152 173 75 173 187 134 187 135 164 123 78 177 158 168 139 185 94 64 50 164 193 140 97 194 127 97 150 131 68 62 160 152 74 62 101 164 0 95 148 137 148 77 53 67 175 98 114 175 61 96 76 157 180 165 144 130 166 117 105 131 64 133 185 170 191 87 187 170 122
105 165 74 79 157 84 141 188 115 74 179 171 199 126 123 104 171 56 124 138 160 178 64 165 186 142 81 80 56 142 173 161 102 102 139 105 160 150 107 153 91 179 195 54 130 67 66 88 188 188 147 74 173 103 197 54 87 67 89 131 89 160 155 104 198 86 91 130 0 147 169 191 176 53 65 95 197 88 86 73 173 144 68 167 87 182 65 135 71 76 100 69 71 72 147 143 92 182 124 178
173 102 72 95 157 150 60 169 62 193 81 101 61 122 133 147 161 134 64 144 178 83 59 68 148 89 65 126 193 162 79 178 79 84 136 123 196 179 125 85 196 100 95 68 62 199 56 105 184 113 50 88 99 123 128 51 116 68 189 177 125 98 168 191 125 192 90 117 109 0 98 149 169 141 169 107 158 145 157 104 150 94 76 163 50 177 167 76 134 138 149 132 81 98 148 109 126 69 63 122
193 125 75 106 183 86 52 94 57 154 137 94 60 143 162 66 81 200 54 160 111 162 148 85 106 59 123 122 144 62 114 196 85 196 75 166 105 76 134 187 136 105 92 155 197 81 127 160 173 111 66 103 52 164 171 165 163 97 98 94 186 174 86 161 158 82 176 150 157 135 0 150 90 54 151 190 104 161 50 110 150 105 65 129 106 85 157 88 198 95 156 160 195 199 120 60 200 51 73 84
118 163 87 52 80 173 74 200 124 61 200 67 200 179 140 116 96 153 173 51 78 141 166 91 75 126 74 103 137 78 58 105 159 115 166 92 180 172 141 189 54 56 98 119 182 189 134 103 119 84 68 182 102 106 92 183 159 149 142 149 51 176 64 171 56 182 68 166 113 155 52 0 174 157 101 144 161 182 92 168 185 181 62 77 53 127 128 145 93 163 93 80 57 187 172 121 159 173 66 180
65 92 69 126 57 182 142 79 83 65 153 156 165 159 65 120 144 166 199 188 148 54 163 160 78 127 90 137 74 146 98 169 120 153 86 156 153 59 108 105 115 63 94 111 53 104 155 166 158 66 103 80 60 100 68 64 139 74 114 67 112 170 59 114 174 200 95 132 145 67 77 115 0 111 106 66 186 145 180 90 76 77 182 107 89 128 156 199 91 85 72 171 123 60 107 122 66 145 153 198
155 60 50 188 126 114 168 109 147 146 53 65 133 166 124 180 77 174 89 145 190 143 176 190 54 182 168 145 152 183 79 115 83 173 193 127 77 196 122 127 129 173 132 149 192 97 106 159 121 58 68 181 86 51 85 95 199 169 164 134 50 142 118 173 83 159 52 135 104 119 169 79 83 0 163 126 96 123 150 71 87 107 149 112 164 98 183 197 168 154 179 109 184 97 51 163 188 58 67 196
172 59 86 187 95 122 74 108 163 157 52 128 162 106 131 77 76 93 160 110 192 185 178 58 111 110 108 174 184 153 69 140 192 119 55 171 99 86 149 197 61 129 83 192 169 174 62 105 192 178 144 182 100 52 83 180 148 175 178 156 54 71 85 89 140 170 200 198 194 135 143 153 159 189 0 146 116 67 67 181 97 177 86 50 129 185 81 93 101 90 68 63 72 97 68 107 57 144 124 97
121 150 94 156 63 64 52 115 61 109 74 150 52 193 159 175 56 87 159 60 71 147 177 141 117 140 151 81 71 94 97 137 181 182 189 199 186 72 174 182 200 171 84 199 68 58 70 162 124 194 197 130 144 52 51 68 196 146 115 122 62 90 114 177 142 53 101 76 83 150 170 114 95 94 77 0 96 127 58 70 159 63 99 173 70 181 105 111 67 61 188 160 167 115 91 186 108 136 128 146
96 198 74 53 71 156 102 93 116 94 171 129 196 187 144 133 84 80 66 172 111 84 183 146 169 104 161 82 69 178 82 127 198 92 52 194 176 98 102 163 66 127 183 124 78 110 74 51 59 90 140 142 167 119 110 127 156 137 80 120 125 98 133 122 144 59 106 78 120 117 61 90 176 87 81 130 0 89 167 50 135 91 121 107 67 129 94 190 189 141 61 149 125 107 86 116 138 56 94 113
84 175 159 151 177 158 149 62 135 144 131 145 186 169 91 102 98 115 176 53 68 88 160 166 64 164 189 74 81 73 146 143 51 139 94 151 142 120 200 164 70 164 179 103 198 140 165 139 78 150 84 171 65 90 136 135 158 134 189 160 107 182 188 146 86 92 102 150 200 196 137 81 160 102 61 88 61 0 164 150 115 55 96 68 199 54 142 171 123 88 59 113 88 132 136 96 150 168 104 197
190 86 94 191 181 132 182 113 94 135 103 165 116 59 167 95 74 159 113 53 114 99 152 174 94 152 154 171 84 147 177 90 116 79 114 198 180 155 55 165 102 101 70 195 94 88 195 53 142 99 176 83 89 145 198 197 177 160 72 81 87 108 195 76 153 142 129 53 73 117 75 52 111 68 55 128 109 161 0 70 116 72 58 76 68 144 150 192 197 168 189 200 112 122 142 102 57 157 160 101
172 197 89 198 50 109 122 170 64 102 169 122 192 173 85 135 156 135 64 140 92 109 118 104 139 132 61 67 113 134 197 168 179 135 56 91 136 94 145 171 182 192 191 142 50 111 66 96 94 78 150 83 143 150 138 155 121 191 69 163 143 117 72 108 125 138 178 130 62 151 160 136 57 136 185 73 178 182 179 0 102 140 154 51 98 114 122 77 77 85 197 61 73 112 74 145 133 69 188 138
198 67 194 58 55 177 89 89 97 99 143 56 74 83 76 55 127 182 180 57 55 51 65 80 197 158 72 73 200 131 141 66 55 61 158 171 89 126 142 122 74 130 170 154 111 141 176 158 59 169 182 109 60 77 53 108 143 109 51 109 186 163 185 157 195 130 148 90 76 135 78 144 172 192 98 150 59 68 120 144 0 189 148 100 70 192 110 172 148 87 164 113 86 152 80 106 176 181 193 133
173 130 105 140 147 163 62 116 131 191 125 146 183 60 131 83 166 146 83 191 116 178 179 181 75 176 196 62 119 72 88 52 108 102 71 86 68 72 133 128 160 111 145 119 188 153 55 147 97 153 174 124 153 164 112 50 87 198 165 64 51 114 136 108 56 198 143 110 126 183 58 156 126 91 156 188 86 128 153 69 56 0 64 109 124 83 68 114 57 128 160 60 173 180 132 165 159 76 136 89
74 164 148 57 182 152 159 109 138 180 106 162 52 188 133 103 193 187 122 84 181 115 135 150 132 183 60 103 157 87 121 72 174 95 196 99 81 141 139 93 92 168 111 78 197 73 153 134 99 100 160 55 70 111 152 100 122 136 113 59 108 142 177 100 147 124 156 133 67 100 88 98 73 91 58 100 107 148 197 160 159 83 0 133 107 136 153 95 187 88 198 82 135 99 128 154 73 179 116 184
118 103 98 151 70 108 89 64 192 194 72 130 181 146 150 186 147 173 118 167 155 157 200 134 86 79 94 134 99 147 168 143 164 90 151 56 122 158 152 88 135 192 159 56 193 90 138 172 193 132 164 143 65 74 179 107 65 130 171 87 97 138 106 119 199 81 50 179 181 149 99 112 97 198 76 56 104 112 169 56 200 158 53 0 51 147 183 83 170 153 191 54 113 122 120 105 196 60 150 186
92 140 135 175 57 134 186 166 153 76 119 76 90 164 66 92 103 82 77 131 146 127 115 174 198 168 117 168 118 60 90 72 77 90 174 167 165 89 75 182 86 177 91 74 75 75 189 176 55 165 114 186 61 200 67 130 200 159 142 81 72 161 194 129 199 101 80 82 168 105 93 70 180 160 136 160 90 123 156 89 66 51 164 93 0 150 126 170 112 151 73 197 64 168 145 187 81 124 91 103
171 89 103 58 70 70 128 118 104 120 72 133 140 190 79 125 185 137 76 89 80 96 83 167 71 192 136 106 95 105 114 137 102 191 116 114 101 124 134 77 159 86 68 165 155 93 77 120 161 183 85 162 188 95 167 52 100 50 188 95 199 116 193 94 153 70 62 57 75 189 163 76 78 181 145 146 127 70 183 100 156 136 140 55 184 0 74 51 66 166 188 187 145 158 76 171 74 107 127 134
124 178 194 168 89 114 130 141 105 105 134 159 118 192 143 195 137 182 193 192 152 163 73 108 149 149 138 160 146 70 198 114 109 58 62 180 132 121 174 74 147 113 77 142 115 159 77 172 129 63 84 107 100 80 59 92 190 84 72 126 190 169 91 98 140 73 163 137 69 50 163 56 86 156 116 184 96 180 112 181 196 69 123 109 77 151 0 71 153 106 74 172 161 187 78 178 64 150 134 137
64 100 161 67 177 181 64 180 84 115 181 197 197 114 173 91 190 181 150 170 66 164 153 139 94 110 159 99 87 112 116 74 133 98 106 108 56 131 151 98 83 149 78 84 114 161 113 123 55 162 115 69 160 168 189 67 184 109 189 95 111 60 153 157 91 84 88 180 68 51 119 193 94 149 92 66 148 129 186 128 89 65 108 72 71 119 171 0 173 55 73 100 162 78 79 124 145 50 135 188
51 51 171 60 92 184 132 75 130 148 100 95 178 192 57 134 110 162 102 165 191 193 139 195 99 90 149 50 110 77 195 191 188 103 99 56 160 53 196 188 173 151 120 142 114 121 99 107 153 105 193 197 197 177 184 165 115 75 122 189 111 51 146 192 113 162 198 61 58 143 90 170 119 194 116 73 196 50 139 182 134 123 146 182 135 85 111 178 0 85 136 107 130 196 115 192 102 66 102 99
145 92 100 81 78 103 162 61 184 144 187 190 66 135 123 63 96 97 187 88 167 164 159 67 56 82 94 94 166 165 190 180 80 102 90 197 90 153 195 158 111 73 167 163 67 165 108 191 199 124 128 78 147 61 112 90 179 135 131 178 55 96 166 151 152 119 124 124 68 139 85 132 68 124 78 157 106 186 157 87 197 129 55 198 197 103 177 171 112 0 153 186 112 56 182 87 81 58 140 142
64 113 113 175 71 139 134 78 76 189 132 124 89 149 91 117 106 151 130 113 73 134 61 177 185 66 50 50 107 57 94 195 156 164 156 144 163 199 181 58 98 129 181 159 79 197 188 59 74 96 189 123 128 56 79 175 149 67 192 53 155 147 179 68 187 186 133 67 142 80 124 168 96 177 199 87 87 131 115 71 151 58 88 124 88 196 172 66 101 116 0 170 96 61 118 79 183 179 153 90
102 172 165 154 133 143 127 60 87 173 67 127 194 169 86 92 112 103 173 178 111 145 144 102 79 129 95 138 69 195 198 130 61 157 52 196 98 189 87 162 105 199 179 113 144 152 60 129 122 99 141 95 173 193 95 122 127 50 116 166 86 132 77 198 90 83 50 105 67 102 120 175 71 131 195 200 121 118 156 130 70 87 104 65 167 163 163 137 88 73 167 0 107 69 148 153 182 112 182 123
75 57 55 62 61 200 108 122 146 93 80 67 130 153 106 96 108 116 60 192 163 167 155 83 99 173 108 154 170 189 81 195 103 58 95 59 80 64 129 148 60 74 177 50 162 89 125 77 128 93 93 199 154 114 177 82 173 177 188 121 130 120 197 64 141 175 171 87 98 84 195 172 100 186 156 160 72 181 109 155 100 98 121 64 94 134 69 110 91 143 170 100 0 156 200 66 149 98 53 94
164 133 111 53 133 183 98 127 85 139 57 66 187 51 172 166 111 109 75 191 82 176 88 195 64 199 58 128 157 57 105 100 103 118 153 118 183 137 131 159 83 107 170 82 84 150 139 154 153 106 71 138 99 198 64 151 181 144 102 140 148 67 182 111 105 169 65 78 190 167 120 190 178 113 96 109 96 102 158 134 103 193 121 101 180 70 76 105 137 189 87 115 106 0 69 133 199 87 151 59
130 137 74 52 56 198 110 104 109 124 151 95 86 111 72 189 190 89 112 177 164 69 107 139 142 152 81 50 161 148 85 121 166 177 186 113 151 128 118 172 181 62 160 196 78 63 120 199 73 98 105 87 61 171 73 166 63 119 119 78 170 183 100 126 63 78 182 66 66 96 61 104 133 148 60 61 153 128 102 92 184 173 89 112 183 190 196 112 85 176 180 172 111 149 0 162 99 171 92 57
164 126 120 115 156 113 51 57 99 111 71 108 60 159 171 162 72 75 98 128 89 57 133 136 91 124 173 118 116 182 169 106 57 188 93 165 133 63 140 151 198 159 123 195 61 71 138 65 105 141 96 150 192 88 60 64 60 64 162 161 76 185 76 114 154 180 144 162 106 131 112 165 121 68 197 177 126 159 61 80 94 118 145 73 195 108 53 56 155 60 165 191 57 195 179 0 101 75 72 134
152 148 184 97 58 78 157 165 106 190 72 158 150 90 157 156 89 100 125 73 137 150 77 129 83 54 179 74 94 192 184 62 124 58 50 153 134 148 87 67 69 115 117 157 134 158 69 77 100 171 81 174 69 142 137 113 59 122 65 60 68 89 66 102 103 145 102 158 56 164 179 103 124 181 106 159 182 190 96 178 117 114 199 137 108 140 130 128 199 115 155 97 106 160 73 105 0 98 95 186
160 117 53 176 184 114 62 170 58 50 151 183 178 85 107 73 73 182 63 50 185 195 60 59 67 77 94 151 164 189 113 51 147 160 132 192 196 141 144 125 75 187 118 165 155 107 178 179 190 164 64 76 65 105 164 116 116 144 108 58 117 132 184 116 91 135 136 183 144 115 153 78 102 137 50 118 184 77 74 51 174 186 79 106 197 71 73 112 121 158 123 86 93 156 99 170 171 0 71 90
87 91 178 67 147 146 177 121 158 197 92 71 128 82 158 92 80 74 135 196 161 123 81 65 148 155 81 184 178 54 159 136 95 162 181 151 150 67 143 79 144 180 89 193 193 120 62 188 116 110 62 103 157 148 107 164 138 118 56 135 91 166 111 128 190 177 93 153 72 99 51 161 110 163 105 126 70 69 142 89 114 137 75 198 104 154 128 77 51 181 128 63 169 57 79 140 54 62 0 183
131 159 161 180 79 157 171 200 84 75 103 99 196 166 81 170 91 127 194 186 159 125 75 96 108 151 54 134 110 192 58 157 159 120 135 75 170 103 152 70 190 195 154 76 199 171 160 197 93 76 130 128 140 71 141 104 197 101 180 129 182 83 185 173 113 162 130 140 70 100 95 118 68 104 159 97 179 81 182 137 90 51 193 117 85 171 111 158 160 149 86 149 158 159 111 119 110 145 183 0
