100
0 18 18 9 17 9 17 7 11 6 11 8 18 10 11 20 7 9 16 18 10 11 12 11 10 16 7 10 20 8 7 17 13 19 16 16 15 16 12 17 6 20 6 18 9 9 18 19 14 17 6 19 5 15 16 5 20 10 13 12 12 8 17 11 13 16 10 15 17 6 19 9 8 20 6 13 20 19 14 5 17 10 18 17 6 14 15 16 14 8 6 18 10 16 7 6 12 11 19 16
0 999  215 506  199 505  275 485  233 350  292 606  248 576  253 456  260 302  287 566  125 439  91 373  146 185  295 394  258 538  142 347  175 518  144 395  320 451  210 432  227 479  303 589  248 560  295 567  197 422  239 360  225 564  270 456  279 371  190 250  191 349  163 263  195 403  94 272  275 613  196 472  280 564  221 265  198 317  301 607  233 268  197 456  227 319  272 388  108 143  178 322  247 465  293 362  260 326  107 401  119 349  256 409  318 680  225 405  380 697  330 475  275 523  149 259  68 363  324 379  327 372  170 328  201 359  151 495  367 617  287 606  284 486  255 470  290 564  258 432  372 723  204 434  231 400  104 283  231 369  196 498  257 620  248 534  117 362  188 223  256 299  235 509  196 374  375 532  284 602  169 213  325 492  268 325  133 194  234 354  282 559  177 215  128 464  267 578  216 519  259 612  259 397  314 459  280 581  134 267
0 143 173 89 101 180 50 116 103 180 110 50 85 130 82 90 94 137 160 63 159 142 183 151 96 55 68 165 168 102 118 60 78 70 90 126 127 59 87 189 178 145 98 81 78 132 118 130 173 59 55 79 175 110 185 161 85 65 63 191 142 96 173 85 196 181 157 67 166 132 176 99 98 55 125 98 103 135 98 125 149 169 85 190 198 148 134 90 61 113 185 168 100 92 99 161 95 143 152 96
158 0 113 97 96 172 165 168 144 102 122 141 159 166 100 170 79 145 84 175 178 127 97 191 153 53 130 194 106 51 179 116 105 50 169 68 62 160 65 134 188 169 172 106 86 123 175 131 171 155 144 143 167 194 110 81 175 75 135 200 151 161 81 91 86 88 123 169 140 197 186 105 127 96 97 192 70 166 178 122 68 185 156 181 145 55 160 120 79 180 88 148 160 156 162 115 123 132 123 123
104 178 0 175 117 186 162 69 67 161 89 154 74 186 139 171 51 152 121 134 181 100 183 164 139 50 193 190 175 174 91 167 159 197 78 74 87 153 127 126 69 62 133 116 183 72 97 78 185 172 156 72 145 185 69 108 99 77 77 90 197 159 83 102 175 71 137 71 87 153 85 174 54 171 108 61 200 164 149 119 176 85 113 103 150 154 197 82 53 142 176 85 103 162 59 87 89 86 181 154
78 73 133 0 190 72 91 155 57 184 88 54 87 111 111 115 122 140 72 72 194 60 118 77 194 123 84 167 148 128 170 133 57 50 182 88 198 126 133 154 72 61 60 101 188 199 65 171 120 186 102 174 122 187 144 81 173 141 106 179 115 197 85 194 51 187 78 91 173 125 60 162 185 117 61 104 152 61 191 116 191 74 135 100 163 163 101 200 119 167 160 155 191 53 199 126 96 107 111 150
129 108 62 73 0 106 156 137 138 72 170 124 120 173 90 94 51 110 151 129 149 124 141 195 178 152 148 168 172 88 194 134 197 125 64 100 168 82 141 68 111 192 161 102 78 162 110 82 97 79 152 148 176 175 75 77 115 140 107 52 151 88 178 151 144 50 126 83 59 78 171 106 110 95 168 129 169 108 137 157 106 153 128 200 200 197 78 95 145 121 104 156 67 157 81 135 116 156 63 191
110 108 71 102 194 0 119 160 62 190 81 105 182 60 104 114 77 109 73 193 102 135 115 184 196 65 147 73 166 200 176 80 98 104 164 85 66 154 192 61 179 131 199 154 165 159 172 104 112 135 72 150 167 124 88 135 55 181 76 119 194 194 74 173 176 138 74 191 115 59 192 144 150 50 98 79 169 79 71 95 93 196 140 136 162 126 154 137 184 109 56 189 132 182 200 185 88 145 52 109
183 118 95 88 154 85 0 157 112 51 81 117 172 135 170 97 170 106 148 105 75 184 86 77 123 161 156 172 69 132 87 100 96 97 94 102 105 147 123 68 55 101 108 117 154 106 163 159 195 98 50 53 75 106 193 134 136 113 90 102 55 160 186 62 161 125 198 108 126 93 71 128 93 71 193 84 147 199 185 138 120 160 150 96 192 161 134 84 99 59 102 181 57 179 155 50 200 97 181 69
179 69 68 187 199 193 113 0 142 138 103 177 50 123 131 170 71 112 60 115 60 145 98 86 69 92 97 128 106 113 77 65 141 110 92 99 61 168 165 180 157 197 52 75 139 117 188 56 103 73 108 134 156 128 108 107 122 130 163 181 185 155 100 172 162 120 53 83 126 111 156 103 155 126 109 180 128 100 78 125 121 117 130 75 79 175 84 60 180 108 108 95 196 114 81 50 106 137 197 151
96 167 109 103 152 95 143 95 0 159 162 59 105 171 194 176 171 95 147 187 178 97 75 96 68 117 173 50 169 76 84 114 104 116 192 57 52 63 197 53 119 67 52 120 144 198 107 152 66 114 174 54 84 175 132 139 71 156 147 82 176 130 200 170 103 185 64 196 130 150 135 55 83 119 59 60 135 90 110 94 113 139 140 175 78 72 163 110 158 55 145 188 88 132 104 132 192 84 126 177
115 143 103 95 173 177 193 186 68 0 100 53 115 61 74 187 127 93 80 99 162 147 78 184 89 156 92 97 97 101 170 152 93 178 190 175 127 94 165 169 94 81 129 126 108 163 69 129 106 154 109 134 93 173 189 84 145 68 77 100 179 102 130 143 106 194 136 60 176 136 166 126 170 185 83 129 81 151 112 181 134 186 186 149 61 161 131 98 133 152 96 50 71 167 88 186 76 100 108 50
92 181 167 144 141 147 189 71 63 66 0 183 165 101 134 77 127 140 57 55 68 169 95 162 184 90 67 177 153 94 156 103 99 60 162 58 82 127 59 154 144 67 199 197 62 110 159 112 106 94 84 51 119 104 149 108 121 66 175 52 102 67 104 99 128 130 180 61 117 112 165 168 144 197 115 145 95 60 170 83 85 184 93 59 137 105 147 131 151 183 106 78 94 197 175 56 90 103 197 186
62 107 161 170 98 102 136 85 134 72 156 0 193 171 61 90 97 157 161 82 104 53 179 152 91 105 194 143 119 75 181 71 134 154 98 135 189 102 149 94 110 105 197 72 105 144 155 51 88 98 189 148 133 109 163 192 184 167 79 96 190 91 57 126 89 153 109 59 178 172 193 190 148 83 143 95 98 196 138 77 128 119 192 175 179 71 116 111 102 168 119 130 131 52 88 74 167 135 127 73
149 188 153 117 180 159 188 82 142 168 86 164 0 101 111 172 114 132 150 79 142 140 79 131 153 194 120 124 72 59 186 157 145 195 190 200 191 139 90 68 142 169 131 90 109 163 63 80 196 161 168 192 53 142 155 90 140 80 173 176 185 194 132 174 151 152 57 199 142 90 132 113 155 177 121 80 78 84 82 72 155 95 74 198 126 122 120 104 85 125 153 138 156 60 110 170 64 59 123 193
180 96 63 152 161 91 68 170 78 153 65 178 91 0 164 66 114 131 189 90 72 132 170 109 55 98 62 130 99 150 85 111 88 78 140 181 157 138 85 171 110 199 190 112 52 87 112 167 128 185 96 174 96 137 106 145 80 154 148 159 88 169 64 199 121 74 196 94 130 53 196 102 157 134 59 183 135 79 198 162 74 147 195 61 105 108 174 177 160 120 118 185 190 176 71 126 188 141 54 179
185 79 122 87 111 78 81 112 54 87 83 50 78 112 0 52 96 83 124 132 66 135 64 129 111 192 75 181 184 164 82 184 55 165 65 145 150 76 87 101 136 133 52 95 138 92 158 151 113 173 165 133 78 90 155 167 182 173 90 116 98 179 127 152 189 165 189 197 120 114 149 142 86 79 97 174 103 64 96 83 187 76 152 138 181 148 123 92 89 194 157 156 123 107 93 189 190 136 199 60
151 157 67 187 68 52 80 72 157 81 159 195 164 56 144 0 140 157 60 107 135 52 53 119 153 79 173 84 55 178 145 162 64 146 191 51 74 140 75 199 188 143 61 64 126 56 156 116 76 200 184 67 115 163 117 93 96 77 82 100 101 182 155 144 107 104 84 119 74 134 122 130 141 146 96 190 116 197 194 137 147 158 110 144 88 188 50 76 194 189 193 162 166 97 154 114 54 64 87 51
57 194 173 67 188 160 101 156 99 85 152 172 67 116 136 120 0 61 71 177 163 103 185 182 188 85 116 77 160 55 167 179 157 85 132 100 109 179 172 56 101 160 75 193 180 54 140 152 52 97 106 163 112 168 146 168 110 199 93 172 108 147 104 64 119 99 78 100 53 63 147 199 63 133 120 172 93 134 138 105 64 129 76 106 170 174 83 174 194 66 91 92 126 86 103 148 137 130 193 145
74 168 114 153 157 118 68 200 91 192 131 175 71 189 156 102 65 0 105 63 63 59 97 148 198 53 105 112 119 157 98 73 105 132 107 196 136 112 72 62 164 160 116 172 74 114 175 81 109 91 88 61 147 197 86 168 110 163 87 114 106 130 144 157 176 56 102 178 62 112 91 155 150 168 71 160 200 115 152 64 199 147 159 133 176 101 112 73 54 88 169 163 177 61 74 152 138 61 166 129
53 64 173 172 57 91 84 69 114 91 105 95 52 180 160 129 82 91 0 195 78 179 145 78 110 63 96 73 98 100 100 159 175 120 168 88 92 85 98 74 96 151 161 87 117 137 98 195 123 80 172 115 178 119 70 159 122 180 170 134 110 121 170 154 191 96 65 182 152 50 89 168 154 134 185 56 151 157 190 58 125 157 198 89 78 105 67 185 90 63 80 164 188 108 161 128 159 136 55 141
188 115 63 113 191 52 100 135 179 56 189 184 121 148 146 157 55 70 97 0 187 67 165 51 125 140 141 200 112 151 168 68 96 76 81 77 116 89 192 71 177 108 172 164 161 103 182 92 166 152 113 143 71 76 101 115 71 109 149 194 117 104 97 183 154 88 160 88 160 194 108 132 141 175 192 169 103 167 148 58 110 159 155 92 99 129 57 120 170 178 199 124 134 148 62 121 178 174 127 126
95 102 68 71 196 70 70 170 55 133 199 137 109 66 146 136 135 72 119 177 0 186 127 173 145 84 83 84 146 90 129 105 89 108 166 63 151 104 150 168 126 110 75 90 145 69 176 88 126 92 172 92 103 94 134 126 195 145 61 63 155 89 107 50 51 55 124 64 54 92 112 78 171 63 75 179 120 171 181 199 130 54 172 154 178 180 102 51 77 78 91 53 157 113 140 169 141 101 180 198
50 90 103 177 99 118 136 93 100 96 152 90 117 121 69 189 111 110 75 175 95 0 137 89 79 172 152 103 160 197 187 156 93 164 182 56 98 138 87 110 133 154 144 138 178 77 86 174 181 161 118 97 169 130 160 156 117 128 64 75 149 178 99 141 110 116 117 180 140 103 191 54 67 107 141 189 102 81 169 69 129 105 177 87 88 77 54 172 146 122 180 184 121 103 185 59 73 92 170 162
84 187 90 149 53 194 195 84 192 60 148 90 82 162 62 175 68 131 185 197 140 55 0 150 151 71 165 98 50 116 199 113 111 152 150 121 94 60 165 116 89 134 178 95 189 79 113 154 182 63 108 200 120 183 107 65 169 60 111 119 63 195 65 161 153 118 144 128 106 101 124 50 66 179 128 59 157 130 189 103 108 130 91 103 155 61 165 132 186 185 150 78 96 137 148 65 94 153 64 196
90 120 73 85 88 111 136 172 158 149 93 88 133 137 134 162 75 157 73 74 168 72 171 0 100 167 73 150 99 120 154 157 65 101 135 181 132 76 185 165 147 105 130 137 54 157 105 182 65 51 105 133 189 172 143 161 94 155 113 66 72 99 89 103 87 96 146 82 134 193 171 72 75 89 92 111 72 195 139 198 89 182 193 175 55 86 175 192 179 99 92 120 164 55 152 171 152 116 137 194
145 102 100 147 58 79 184 170 134 75 136 142 70 143 55 148 178 129 101 191 101 100 130 78 0 71 72 144 97 123 98 184 57 146 177 172 60 129 114 99 93 65 196 90 178 163 178 92 188 186 138 68 59 190 79 144 114 55 108 132 78 103 71 179 187 165 59 126 113 169 76 50 90 132 132 61 78 185 92 164 180 166 127 90 63 110 125 159 78 55 119 166 189 136 147 149 71 144 60 178
107 91 94 185 102 129 71 137 139 105 148 104 105 188 52 181 153 100 88 181 77 150 167 127 64 0 60 200 90 122 107 55 153 58 191 133 91 90 137 121 142 149 176 74 160 106 149 59 136 140 67 80 94 99 135 71 182 65 90 128 170 166 88 121 176 63 175 140 195 79 132 64 90 154 156 78 141 124 175 151 159 103 82 150 134 66 115 193 178 108 136 94 146 157 185 55 87 84 75 122
50 172 87 75 78 87 142 88 178 66 91 60 112 117 158 75 195 125 101 61 161 132 101 125 148 117 0 56 126 137 117 183 178 65 199 91 79 136 177 98 104 101 101 129 62 61 136 120 120 64 128 118 194 190 75 93 134 56 105 128 170 163 76 194 84 75 193 128 148 151 168 126 192 140 168 157 189 171 82 122 183 140 92 131 126 113 102 130 132 107 181 115 114 88 194 104 143 91 171 110
105 123 179 80 100 79 105 73 177 70 173 157 189 150 197 99 117 153 121 171 179 76 55 148 88 77 61 0 197 62 190 109 85 68 151 196 165 95 122 177 111 162 125 86 161 71 95 62 156 104 156 84 114 104 122 146 99 169 111 69 70 112 165 156 98 107 146 119 145 163 199 171 89 97 145 132 198 99 113 170 149 191 70 61 66 69 155 131 82 65 64 125 56 191 96 71 179 156 147 115
94 146 150 159 50 126 150 158 104 121 65 138 100 113 177 58 124 92 63 61 85 157 180 155 141 77 116 78 0 118 77 94 102 181 113 94 177 120 154 56 90 109 179 148 162 198 107 172 101 172 74 53 67 140 89 98 53 179 174 84 52 82 150 79 60 159 67 130 135 55 128 143 138 100 60 159 124 182 170 170 176 85 160 51 50 56 148 68 108 113 126 109 144 93 74 157 99 134 159 183
149 192 163 64 61 128 107 188 165 154 172 88 76 148 142 90 148 69 140 167 184 190 81 78 50 139 93 93 89 0 146 98 67 90 81 184 78 149 163 77 82 151 151 115 148 190 91 69 170 190 63 158 144 195 95 200 151 125 110 118 144 170 165 105 135 148 111 141 118 116 84 64 103 177 71 67 60 155 62 94 112 96 182 146 112 87 160 88 162 78 185 173 186 56 86 56 95 153 105 119
164 103 79 164 120 86 76 174 174 77 65 50 80 113 72 105 143 120 88 92 125 171 112 133 176 86 63 114 54 128 0 58 150 127 90 59 139 99 90 100 156 171 186 95 100 182 97 56 161 175 192 116 111 98 59 64 70 118 116 171 160 143 166 158 137 155 132 68 163 65 72 78 117 102 121 89 86 115 176 57 125 82 179 85 200 183 53 175 182 61 71 58 90 99 150 153 99 112 109 127
87 147 77 112 170 127 161 178 71 75 104 159 158 185 199 94 194 90 161 162 179 105 131 182 50 84 59 126 116 128 66 0 116 65 159 77 194 91 112 178 143 115 102 122 165 67 52 103 194 127 190 195 141 172 149 78 87 146 153 195 139 172 140 196 66 180 144 55 149 132 133 104 187 102 94 79 171 107 122 78 54 119 189 110 160 156 131 154 93 200 53 144 192 188 70 164 169 104 168 172
152 152 114 60 141 139 164 126 178 158 73 115 172 172 118 89 153 86 74 163 105 130 106 66 128 159 115 122 73 137 92 153 0 158 82 188 104 169 92 145 59 150 103 155 158 151 143 63 195 176 112 78 58 63 62 169 149 160 122 107 54 76 121 129 187 157 96 144 180 171 146 104 186 121 60 165 184 133 195 93 128 115 120 189 129 107 197 84 181 71 186 56 189 145 60 156 77 176 158 151
105 170 90 137 142 159 80 78 57 160 161 156 145 157 122 196 144 93 116 182 198 95 68 92 86 75 158 121 187 64 50 126 156 0 171 184 55 139 113 107 171 176 93 178 139 141 82 165 77 158 121 92 180 60 179 152 134 153 121 110 180 128 100 183 103 161 77 173 188 186 111 87 129 149 91 195 126 106 50 91 175 98 70 153 116 78 140 176 58 157 77 107 131 113 162 148 130 145 167 124
200 199 154 50 179 71 131 181 66 193 93 176 100 132 104 126 132 100 133 129 115 163 111 138 191 120 78 161 165 161 70 51 110 90 0 90 190 165 125 160 52 190 109 117 169 200 91 195 190 126 173 61 123 115 177 170 65 149 66 117 166 119 55 134 154 130 58 142 91 64 198 166 161 103 162 122 88 136 84 110 70 101 155 73 191 199 200 69 129 186 102 108 177 167 57 199 87 166 173 189
110 60 181 56 84 68 142 139 189 60 57 110 200 142 161 115 82 142 166 87 80 169 94 199 54 153 134 156 96 53 64 167 77 126 198 0 93 76 56 117 116 84 171 116 79 116 115 172 200 162 139 195 59 160 164 141 157 145 84 111 76 168 163 84 163 149 168 157 93 171 85 94 105 98 183 184 162 143 96 65 182 51 198 159 136 183 78 70 164 157 118 137 162 173 106 193 144 165 150 83
69 133 75 137 164 95 185 149 132 172 120 132 107 158 58 190 118 145 150 92 50 55 52 71 118 100 141 151 172 121 97 175 160 134 188 139 0 71 200 61 149 127 92 60 167 195 154 181 51 98 107 122 60 80 188 112 81 63 124 90 123 97 78 196 142 156 190 109 50 89 88 153 155 124 197 190 169 147 107 156 136 172 78 133 177 147 116 152 158 58 128 168 183 130 58 86 116 113 162 105
182 89 112 178 145 180 199 166 70 138 176 96 105 59 92 174 91 168 150 194 87 130 174 133 78 152 109 176 72 82 162 119 173 99 160 126 121 0 144 52 170 56 172 110 60 92 63 165 86 112 53 148 88 62 195 98 92 186 125 194 67 64 200 84 177 110 73 188 125 83 151 152 200 110 117 73 129 65 131 164 150 97 67 191 69 100 53 63 114 89 170 147 127 199 191 58 198 163 163 140
136 63 65 149 150 107 145 120 108 128 133 150 177 75 79 103 111 182 85 79 61 120 56 89 94 119 57 120 195 176 116 105 166 134 121 64 52 57 0 80 74 61 160 146 71 167 184 63 198 55 68 156 58 50 175 100 85 165 60 58 74 189 173 64 183 197 57 56 149 166 135 134 105 186 128 122 166 75 125 57 174 109 55 167 190 132 125 130 138 72 100 175 63 54 83 191 101 74 50 112
147 103 127 121 158 137 58 70 159 94 114 198 136 138 51 71 106 127 154 53 132 170 141 87 64 114 179 71 114 72 159 130 192 119 195 99 120 138 67 0 164 88 73 64 196 91 123 55 151 183 169 50 187 152 187 154 170 164 185 161 119 145 192 188 157 162 78 106 76 109 64 163 88 184 167 137 83 132 178 104 69 197 62 153 165 186 130 171 62 76 85 142 124 100 118 115 83 118 61 76
131 99 54 178 62 138 119 100 114 127 185 178 136 150 152 89 135 151 176 121 104 70 51 103 197 188 114 74 99 61 77 197 85 185 56 73 94 115 136 133 0 184 158 83 73 53 197 196 123 187 176 189 72 111 56 167 141 176 93 160 188 169 124 50 147 72 173 118 103 117 145 166 62 136 77 190 122 96 91 90 186 82 51 176 72 90 72 143 79 73 168 71 75 177 137 143 161 61 139 136
60 120 82 179 85 160 145 169 97 141 164 159 158 131 123 169 125 153 161 101 151 128 91 163 159 174 200 125 96 88 142 82 191 66 96 93 185 90 90 128 139 0 73 150 139 82 144 88 161 195 104 67 130 74 141 129 107 167 145 97 77 155 172 97 61 165 60 89 118 185 171 82 199 116 157 182 165 115 106 167 54 160 180 108 71 183 61 95 75 102 187 177 186 81 169 199 58 101 73 86
96 80 190 176 133 88 117 132 75 132 153 180 70 71 110 198 65 143 64 125 191 71 80 172 154 172 177 74 134 74 144 142 127 187 131 172 144 75 89 120 153 65 0 172 146 158 94 70 189 133 200 106 118 90 85 106 135 113 162 123 193 119 139 63 153 87 69 87 51 125 175 171 179 54 191 160 85 179 100 119 134 172 174 123 96 181 68 123 71 139 136 91 173 184 124 75 189 75 169 129
188 142 158 101 63 68 151 173 128 147 103 186 109 76 188 180 163 126 80 98 88 144 132 147 141 51 197 142 127 91 84 174 192 184 179 88 60 140 174 189 183 129 172 0 69 158 164 107 191 187 175 116 122 141 156 165 146 66 87 142 86 122 93 71 113 178 60 185 192 91 133 195 159 64 96 55 155 197 89 135 54 96 54 150 104 137 85 175 147 99 76 169 80 117 190 189 53 169 114 132
158 134 139 94 117 130 128 70 59 159 127 131 147 72 72 93 55 60 98 88 58 116 89 153 191 179 50 72 99 182 161 67 177 60 52 122 61 144 176 163 157 145 113 130 0 138 107 146 198 108 145 122 139 118 140 147 124 141 87 121 69 94 169 79 112 92 149 51 172 160 114 165 86 93 54 81 103 89 65 67 109 126 93 166 105 153 103 151 147 177 52 162 70 165 188 147 72 110 89 57
59 190 91 137 142 164 120 175 173 87 155 85 198 156 162 134 69 133 115 73 71 89 120 156 83 145 157 123 102 126 132 93 179 192 121 167 103 50 53 73 185 108 171 70 108 0 118 71 186 131 179 195 174 143 178 91 131 133 96 52 90 122 153 177 149 89 110 175 101 162 163 175 113 127 91 157 73 136 96 141 104 98 151 116 184 117 149 52 75 189 123 177 98 64 156 62 183 150 127 97
189 163 85 123 76 163 78 123 119 179 160 166 108 118 121 122 128 196 75 166 63 99 102 104 51 53 89 197 116 73 57 163 54 184 156 156 60 151 82 183 142 81 145 199 106 191 0 149 142 50 105 57 145 185 64 94 150 65 83 119 183 78 67 176 91 80 193 95 170 114 89 90 164 123 53 114 164 57 110 83 69 152 71 171 112 166 119 60 169 123 188 163 77 183 163 85 131 146 59 55
170 58 150 175 120 100 94 99 96 150 74 141 90 58 159 96 142 59 195 176 62 53 151 68 79 138 87 54 199 122 107 195 190 105 111 133 100 62 112 96 105 75 167 170 83 168 185 0 127 150 100 130 99 124 166 121 187 140 181 119 158 59 104 74 86 181 58 90 104 80 61 112 84 55 54 112 101 88 52 180 85 135 196 54 157 99 189 197 82 171 158 200 136 183 89 74 78 196 82 145
86 79 96 190 162 197 173 93 147 67 66 198 84 194 182 132 141 146 76 145 144 102 163 50 86 64 131 65 56 126 164 108 168 154 137 160 184 174 137 150 125 174 167 145 185 180 137 179 0 105 195 50 158 59 177 60 104 54 114 184 67 66 156 103 87 55 94 83 68 174 181 183 73 142 106 154 117 108 188 100 77 67 111 141 123 55 183 139 63 158 173 120 109 171 96 170 152 141 58 55
156 98 79 129 100 83 60 67 193 52 184 188 181 142 88 55 84 174 188 180 95 129 125 198 105 62 97 91 85 163 120 164 173 186 100 152 148 69 185 189 55 72 161 115 166 70 68 149 56 0 74 152 124 145 54 138 187 107 72 61 70 105 198 135 199 193 87 75 152 163 87 88 90 63 57 102 131 157 185 191 170 176 141 58 180 108 113 189 107 160 160 135 100 195 51 120 120 161 197 178
75 53 164 66 71 89 128 145 83 91 150 140 167 63 104 195 114 175 156 163 170 91 112 127 99 177 92 95 143 175 60 181 64 188 111 111 155 73 137 75 180 103 173 191 147 104 180 79 143 132 0 100 50 52 135 184 169 144 199 84 139 140 133 58 176 189 103 89 57 167 165 170 198 90 53 134 66 181 94 137 81 119 78 61 184 51 173 184 200 78 83 165 139 176 78 85 149 72 129 65
73 64 156 161 54 119 182 178 161 61 189 141 104 137 196 75 148 183 183 200 109 90 191 182 129 95 78 160 170 159 153 61 113 106 151 76 96 117 194 84 104 117 168 91 60 169 172 149 166 147 137 0 103 179 158 131 103 198 99 100 67 160 112 113 105 174 82 160 114 153 163 176 124 136 131 193 69 148 175 142 191 100 166 98 77 71 90 54 110 183 134 133 133 152 70 77 117 91 173 65
174 58 169 55 104 80 115 108 144 82 176 61 63 96 113 138 96 178 87 51 76 182 65 114 165 82 70 100 67 184 130 123 108 117 185 167 78 189 129 191 68 139 157 160 54 60 149 141 155 158 139 102 0 76 58 94 135 64 167 54 77 97 124 147 109 185 129 131 169 89 177 61 155 131 147 169 189 63 83 120 141 99 187 97 189 177 176 148 86 160 114 66 55 187 137 147 88 72 116 50
68 70 156 119 185 197 152 186 97 120 69 119 57 92 137 111 186 140 90 90 136 180 111 169 96 66 133 69 110 67 79 179 50 152 75 123 144 187 171 64 171 70 62 130 136 141 129 128 86 144 181 188 148 0 125 118 72 90 181 141 81 92 51 94 50 170 104 132 94 175 89 158 86 149 174 143 83 57 142 183 77 60 100 95 194 117 120 193 107 83 129 91 146 169 113 157 140 199 98 90
91 114 140 170 159 95 191 83 123 175 80 148 53 161 173 86 134 173 58 196 55 91 119 160 85 141 105 129 119 115 95 96 118 119 63 137 64 194 188 140 111 67 157 129 162 122 182 195 93 121 153 190 66 184 0 85 72 159 61 174 143 125 70 133 85 50 159 200 80 200 182 105 95 127 76 100 70 121 194 96 168 58 117 178 59 199 107 88 115 85 164 61 56 98 149 63 146 170 168 139
87 108 71 140 193 177 138 108 141 72 53 66 157 199 132 168 61 76 117 144 195 123 97 105 189 149 113 167 187 117 170 123 73 58 56 59 85 68 87 72 166 189 101 137 137 86 118 54 131 112 54 106 165 149 169 0 63 122 85 52 136 94 140 107 169 186 62 76 98 155 60 80 65 163 175 145 155 99 172 186 63 50 164 136 194 151 108 91 184 69 78 74 121 114 69 179 60 64 116 79
94 80 177 131 76 190 56 169 197 66 170 92 154 96 154 120 74 98 136 106 103 166 54 169 112 194 168 50 183 90 171 147 141 72 94 170 72 124 180 187 181 198 103 96 96 157 178 81 140 174 140 80 123 138 198 98 0 131 200 138 114 115 147 158 123 123 60 125 58 169 76 118 140 120 65 183 113 129 172 154 194 83 69 106 86 163 97 152 70 80 69 61 51 66 89 161 124 67 112 143
165 98 69 50 60 191 60 200 198 193 55 60 110 153 58 191 82 108 176 128 197 120 80 120 86 164 144 58 120 165 60 137 190 197 101 149 72 93 75 109 169 110 118 90 97 67 105 128 92 59 157 198 79 129 127 56 78 0 152 179 135 53 86 73 84 85 96 184 115 127 153 139 151 85 180 89 89 138 59 51 172 70 182 72 171 159 156 171 198 84 65 68 141 143 95 115 50 68 148 85
194 170 164 198 179 95 147 108 159 132 79 134 196 149 179 164 122 95 56 98 66 102 150 185 128 81 124 70 102 52 77 182 153 184 79 77 144 86 52 177 92 87 91 155 167 151 50 153 174 110 183 188 149 73 161 176 195 90 0 69 153 130 156 187 160 155 125 71 64 166 75 143 181 167 132 178 83 158 152 173 176 198 74 104 168 140 147 149 109 116 199 187 117 65 116 99 116 188 163 95
109 97 111 123 75 177 154 144 134 185 107 114 53 188 171 54 200 128 89 58 157 89 55 117 157 125 128 65 87 149 125 157 156 190 182 128 165 127 160 171 93 113 182 109 97 83 120 135 196 169 53 153 114 179 123 76 151 133 121 0 112 173 69 64 115 189 148 151 114 168 161 88 131 143 179 123 187 188 52 117 135 52 191 175 76 60 184 151 80 113 133 134 77 67 162 110 73 119 159 125
82 177 173 189 190 102 172 64 157 82 116 198 117 162 146 158 89 168 160 87 111 74 107 90 121 115 193 157 113 86 58 64 125 57 124 136 131 139 175 97 81 198 77 51 104 108 54 174 142 98 55 94 125 157 88 198 184 91 97 126 0 82 72 97 180 132 173 153 182 72 145 180 123 69 127 96 183 66 99 66 98 156 85 147 129 169 187 173 182 159 168 64 168 142 189 168 156 78 102 119
160 171 149 172 151 193 79 72 184 127 60 78 146 98 77 88 54 191 138 145 145 76 110 180 100 79 60 100 62 170 74 53 128 165 159 51 74 184 65 158 99 152 69 145 130 87 69 76 147 152 65 105 182 83 72 86 62 131 91 172 182 0 76 115 56 194 125 70 175 131 80 80 140 180 134 98 61 101 84 97 187 195 58 155 115 190 141 62 141 65 109 159 182 91 77 173 193 195 79 73
128 105 161 180 106 179 76 185 178 105 150 109 171 107 171 87 96 144 114 68 52 197 124 171 128 184 73 104 69 193 123 167 59 175 147 132 178 98 127 170 109 74 182 168 66 104 121 182 112 156 92 52 157 173 149 144 113 139 114 195 81 150 0 166 110 132 74 181 184 138 99 179 63 101 50 187 98 186 125 191 109 69 188 96 65 189 56 106 151 158 57 200 194 97 182 82 176 79 134 134
90 67 51 162 128 152 152 184 66 67 90 52 109 183 90 131 133 89 129 181 156 159 128 105 143 79 131 75 65 144 61 55 102 79 89 146 98 192 94 108 73 121 91 81 129 60 54 77 62 110 67 142 176 98 192 158 138 56 170 102 167 155 99 0 141 51 178 171 145 159 114 157 50 97 186 198 172 161 123 131 102 110 180 129 139 192 173 127 82 182 76 90 159 107 153 123 92 163 150 156
126 129 52 128 121 192 147 146 64 181 65 137 133 171 132 153 77 122 96 76 166 110 185 98 110 122 84 191 74 175 58 91 73 106 136 144 65 70 192 77 82 67 93 124 96 196 54 171 147 130 195 144 190 72 67 116 149 71 176 95 104 131 126 200 0 98 160 71 167 200 129 192 166 196 191 87 180 159 115 103 118 57 58 66 108 52 88 113 133 200 147 108 63 138 170 108 85 61 173 90
166 177 61 110 172 98 112 152 74 121 177 82 140 61 126 147 101 172 127 165 124 57 175 66 192 86 58 177 94 116 195 67 149 144 111 156 56 150 178 163 100 58 119 168 178 141 186 111 79 172 109 101 115 57 103 107 74 109 99 194 174 115 99 139 157 0 171 108 76 121 118 99 56 197 52 64 105 160 132 78 101 117 115 140 168 163 105 102 78 154 175 150 192 159 145 111 60 142 59 198
157 178 87 166 118 186 62 71 74 72 73 151 84 106 55 197 50 82 192 195 90 60 83 93 102 120 112 139 50 126 95 189 197 158 148 179 136 153 121 127 103 141 118 126 167 153 88 120 138 50 138 181 169 78 50 134 200 155 146 58 172 161 64 105 76 167 0 156 137 143 128 133 186 146 199 123 142 162 143 166 104 193 141 191 131 171 82 128 121 140 75 64 111 61 58 121 95 190 195 199
62 164 150 156 85 119 162 94 109 54 84 151 60 157 66 73 85 197 161 61 176 138 122 92 198 100 134 104 129 172 165 174 171 185 90 85 85 54 159 122 70 107 141 189 132 163 91 192 137 117 196 148 72 180 53 177 113 68 153 119 120 172 163 52 162 112 69 0 74 67 110 58 139 106 191 180 51 164 125 183 122 56 170 157 77 116 58 148 65 79 70 77 129 58 72 154 173 182 126 108
129 153 183 123 196 168 99 78 149 160 188 63 56 52 168 86 74 99 104 58 184 160 103 69 72 53 155 192 181 187 149 67 190 168 160 158 156 191 189 51 97 181 172 81 138 123 121 73 86 100 122 82 109 165 141 140 53 86 128 56 78 151 183 81 63 53 104 60 0 171 132 52 106 180 182 83 170 101 154 91 97 170 176 56 141 138 83 142 189 187 140 64 150 138 168 192 146 92 176 107
108 91 164 199 73 63 71 172 89 184 150 146 95 168 122 68 128 168 172 122 119 159 138 70 176 83 63 163 64 107 50 181 110 147 112 178 73 157 192 61 77 141 142 197 175 59 115 106 52 66 185 134 139 60 58 50 121 175 119 194 116 75 74 154 65 182 81 141 145 0 97 141 96 96 76 68 182 149 68 175 134 97 137 178 113 148 77 193 118 116 62 87 116 80 180 55 183 57 85 153
67 126 133 160 102 135 88 160 54 161 77 56 83 63 74 184 170 141 174 108 163 96 156 168 93 66 64 130 161 86 80 137 74 193 67 193 122 184 108 192 156 161 78 183 113 77 153 114 74 149 85 161 196 75 101 141 186 195 97 100 61 70 167 58 79 76 57 166 191 161 0 120 144 177 86 131 62 155 114 196 194 171 65 100 58 110 142 144 59 59 97 117 116 163 113 106 146 163 186 167
115 153 119 92 93 69 135 136 164 170 127 179 53 153 110 147 128 126 50 87 64 84 175 179 111 141 164 155 181 167 107 154 60 182 75 99 67 71 63 169 97 155 148 90 197 185 144 95 55 146 190 131 73 93 186 191 118 60 148 103 157 143 93 111 93 164 81 131 130 64 137 0 171 177 172 186 96 137 60 153 114 94 187 188 190 89 196 141 57 62 152 152 177 186 63 178 73 65 105 124
50 83 123 88 69 154 70 160 126 140 99 154 74 86 170 79 197 114 188 191 96 123 71 82 90 157 116 54 61 143 53 166 138 189 192 136 95 77 160 67 182 162 120 160 154 187 161 164 179 105 99 85 117 187 113 62 130 85 90 102 77 88 190 152 136 185 146 181 62 153 142 172 0 185 134 179 66 177 103 173 168 91 155 158 129 165 185 187 96 194 72 82 181 68 101 146 140 109 162 78
129 100 91 199 173 55 158 59 186 75 106 134 139 156 106 107 123 65 138 121 150 95 62 153 96 148 124 164 138 147 149 129 65 164 149 70 63 90 157 118 68 84 98 65 195 110 122 104 169 153 135 170 160 167 198 152 136 159 111 180 73 84 172 112 139 81 76 179 193 60 167 159 171 0 80 60 112 169 59 200 101 140 128 139 123 58 190 84 134 70 127 64 139 127 163 90 145 135 197 147
166 177 169 62 196 177 174 180 140 71 65 106 157 176 159 104 140 120 114 195 183 98 162 91 152 85 187 146 91 88 120 109 104 85 179 82 117 127 54 143 129 88 197 133 196 63 112 54 94 75 170 79 183 167 86 183 53 63 66 93 80 145 195 162 71 127 166 93 154 177 71 137 181 183 0 116 113 51 153 103 175 104 126 173 70 172 190 56 50 89 80 94 95 103 87 114 139 151 97 64
78 164 94 99 69 83 118 111 106 82 186 153 177 155 163 166 93 136 132 56 161 200 129 173 92 104 124 102 66 152 59 74 195 129 149 100 200 188 156 124 182 50 135 53 139 120 86 101 178 143 161 195 117 107 97 186 53 151 189 78 64 172 103 88 78 85 80 177 63 193 83 117 152 122 162 0 97 50 199 164 104 126 101 123 79 200 157 168 165 163 85 155 127 172 56 173 153 76 177 195
175 68 160 149 197 147 144 107 180 76 103 107 72 160 152 166 127 110 187 120 54 79 186 132 81 148 75 135 56 154 131 117 137 92 151 83 124 75 132 145 147 52 179 128 133 62 66 128 91 197 124 168 92 55 140 66 68 195 70 90 115 69 86 131 200 148 91 186 188 112 148 171 159 139 88 69 0 88 99 196 135 67 174 142 158 103 180 171 85 167 145 60 82 142 98 123 117 139 67 94
174 190 122 172 74 142 121 60 141 136 197 169 134 162 97 195 174 185 199 64 169 125 170 177 140 130 118 153 97 132 189 177 110 83 52 100 58 157 91 115 140 112 63 56 148 152 66 111 185 58 68 102 81 197 115 133 159 167 154 63 106 174 131 86 123 127 134 95 60 50 160 184 109 179 100 54 140 0 190 186 74 147 166 166 101 102 134 118 121 193 85 184 144 104 102 165 81 146 85 67
174 75 136 140 82 137 171 197 114 70 60 111 192 70 179 190 118 108 148 145 53 125 91 101 178 183 64 85 79 160 193 157 133 160 195 93 154 178 101 117 119 110 199 82 149 68 56 165 73 112 170 128 188 186 190 116 166 80 126 60 57 115 132 155 164 195 80 109 176 148 120 113 169 125 107 72 181 199 0 100 167 144 124 131 172 56 69 63 76 121 62 68 86 154 147 141 155 153 101 104
80 56 68 189 159 150 110 122 139 196 137 199 171 83 127 199 187 100 141 97 158 179 77 113 179 73 146 94 114 126 140 113 60 106 111 86 64 61 148 79 172 66 106 71 89 54 78 61 192 119 103 100 187 66 101 156 158 128 171 194 100 105 140 155 65 179 160 56 144 119 195 83 147 96 122 58 179 186 138 0 176 118 187 178 159 132 127 145 57 56 72 195 173 194 79 157 62 186 97 158
92 107 194 180 177 124 167 165 122 71 102 144 146 63 83 70 143 126 113 111 80 64 126 139 188 111 103 195 129 176 182 94 158 193 168 68 137 62 199 152 186 107 52 140 160 134 142 107 168 165 175 96 142 182 69 111 178 158 143 190 63 57 52 135 82 105 175 87 58 188 193 62 103 157 177 88 166 138 170 55 0 69 105 110 135 61 115 51 127 89 79 168 61 194 57 67 144 158 89 103
151 112 92 182 149 154 175 101 133 145 99 103 68 150 100 135 189 81 139 142 188 200 176 162 63 51 150 190 92 174 161 139 196 181 127 119 64 192 152 65 189 193 176 158 116 124 137 81 141 118 157 172 175 126 78 144 56 164 59 57 164 131 148 160 116 185 99 97 114 173 76 85 110 159 73 173 111 102 116 174 149 0 86 58 154 102 185 144 145 158 132 134 72 109 58 92 182 51 171 88
136 152 153 148 52 177 92 185 110 184 147 176 131 87 73 178 67 93 158 169 72 66 156 97 98 166 91 99 169 182 105 72 135 161 177 131 175 124 114 57 93 63 136 198 159 127 174 151 161 67 189 163 91 174 70 188 52 179 122 151 150 109 62 90 83 91 123 72 75 68 161 150 82 84 164 67 187 116 134 55 152 96 0 164 177 83 197 60 182 118 163 193 98 113 114 121 162 95 119 153
170 193 172 151 80 115 59 181 53 134 84 61 144 159 145 198 95 110 160 132 54 193 58 54 126 66 142 157 77 118 92 88 141 156 101 59 117 158 83 172 85 178 168 93 168 171 128 143 154 171 131 141 109 64 129 110 88 106 173 72 122 133 50 111 130 87 165 111 183 139 200 89 111 86 168 101 89 166 177 81 197 121 181 0 64 55 73 55 98 127 59 138 175 115 199 175 141 194 123 187
133 76 66 99 73 65 148 123 107 148 154 62 190 140 141 181 94 176 171 139 113 136 200 144 173 199 188 108 158 145 142 134 180 181 70 85 164 146 174 50 124 131 80 73 143 181 148 56 161 194 160 104 176 120 194 66 103 131 53 91 184 114 127 93 144 86 188 139 146 82 172 170 176 184 192 90 58 98 65 92 164 144 119 97 0 139 54 157 179 58 100 92 71 100 129 108 108 147 81 59
89 159 200 100 129 66 131 64 108 112 92 119 109 78 82 141 89 189 131 196 129 194 122 70 123 154 172 81 106 74 190 98 58 140 121 58 109 117 101 58 73 187 56 197 153 91 161 159 88 158 107 68 134 72 100 61 149 190 122 96 61 152 171 200 53 102 188 137 153 86 71 178 77 169 65 114 129 192 157 133 145 194 185 156 51 0 194 137 98 97 60 105 109 150 159 63 75 158 157 56
122 160 129 56 57 115 141 191 137 156 122 73 154 149 119 57 197 154 74 112 138 69 135 84 159 172 146 129 171 162 71 200 183 176 200 191 146 137 140 97 111 53 173 124 151 88 153 114 197 129 71 91 88 140 58 120 186 187 81 168 61 68 145 165 101 57 139 125 83 92 117 166 110 66 168 103 108 126 162 174 177 163 51 105 137 53 0 111 76 90 66 146 75 155 200 82 149 62 112 102
169 194 95 142 59 55 183 105 188 84 89 114 92 171 121 139 195 193 163 155 155 111 60 109 113 134 57 128 139 152 114 181 85 154 177 78 127 137 171 166 146 108 129 109 122 107 185 96 70 166 156 197 147 155 60 180 69 133 102 141 199 108 70 166 102 120 141 199 169 78 64 200 66 167 113 188 73 71 94 174 170 76 141 142 81 50 92 0 74 126 108 60 91 189 188 110 150 142 174 146
149 195 125 85 96 148 179 180 73 114 146 102 85 137 167 97 96 114 74 173 64 57 152 50 130 75 91 61 120 117 77 142 106 57 121 83 156 118 197 149 115 66 97 103 125 195 94 98 161 104 67 112 86 128 60 186 194 121 137 55 139 53 134 84 177 108 164 185 110 108 92 103 168 95 103 55 170 102 135 137 84 93 51 125 199 106 163 128 0 65 126 165 74 200 136 146 123 158 174 120
141 183 96 153 50 174 88 116 161 80 52 121 132 117 113 97 136 114 191 134 128 121 112 64 100 50 75 111 184 151 105 56 57 167 177 152 65 168 63 85 139 69 91 173 104 163 155 149 176 106 178 114 103 155 178 178 100 145 54 111 139 150 200 81 167 69 104 187 181 130 164 196 59 138 91 133 96 113 171 154 115 151 79 115 110 157 142 142 111 0 140 194 64 71 162 150 84 196 156 173
163 173 57 169 83 105 158 132 82 176 155 72 132 116 86 193 199 56 69 89 129 151 133 105 200 82 151 99 109 171 97 140 51 188 160 67 174 105 105 127 134 107 74 196 120 50 124 80 182 181 141 54 78 64 101 80 148 124 128 173 191 130 76 142 192 171 82 132 120 51 63 138 179 86 138 143 106 90 136 52 155 57 147 167 70 79 149 73 132 123 0 103 61 184 95 110 72 123 162 64
132 74 83 122 155 96 65 92 57 105 195 104 90 116 64 199 52 194 127 128 187 191 92 109 195 102 79 79 141 189 67 102 167 174 181 110 83 67 166 57 170 76 146 98 191 197 198 146 159 80 93 76 198 149 172 193 129 174 135 161 156 163 190 184 99 176 84 180 190 167 90 199 121 151 134 164 166 74 199 190 180 74 120 155 108 179 84 130 98 92 121 0 92 141 101 106 180 184 123 183
97 162 147 173 86 94 53 65 160 161 105 138 121 182 78 168 175 107 77 160 101 114 135 73 183 153 123 78 110 119 66 169 170 164 188 56 195 157 133 133 178 163 83 130 70 82 167 82 78 58 113 97 156 59 81 147 61 131 127 152 73 184 97 162 136 102 164 82 56 196 112 90 70 51 127 121 167 178 92 64 65 77 193 166 107 129 180 163 172 132 140 97 0 54 95 124 63 161 115 112
187 65 65 50 119 131 171 123 97 193 181 133 191 192 98 71 162 86 124 152 200 167 149 134 149 176 95 92 64 170 141 145 122 169 107 89 51 138 163 165 121 153 59 165 189 109 141 137 190 132 62 175 158 59 60 57 181 85 117 186 65 148 74 148 175 102 154 186 104 171 59 143 159 54 72 100 54 154 199 57 151 74 95 144 129 196 104 141 118 91 166 188 87 0 128 155 138 199 150 153
104 152 83 135 196 55 111 145 57 54 190 174 83 66 62 130 159 72 124 58 93 54 181 50 93 98 174 89 196 59 183 101 175 172 92 67 92 51 144 174 100 108 135 79 119 190 197 68 125 100 159 199 196 184 67 82 85 91 192 121 89 60 74 143 187 77 189 85 176 71 130 168 159 138 99 185 67 153 107 171 66 94 65 196 140 97 134 163 200 72 82 144 194 71 0 200 123 74 137 118
50 180 99 106 170 160 127 126 60 104 121 186 67 105 61 93 79 107 166 93 113 55 116 128 106 83 100 191 167 118 86 132 112 162 153 70 173 140 112 168 74 153 174 58 63 146 63 51 121 188 103 159 144 138 87 139 119 130 124 119 95 64 111 86 77 72 50 108 111 190 57 79 98 164 195 86 197 131 128 155 68 138 62 73 152 88 123 127 93 178 75 70 159 50 150 0 70 88 135 50
190 77 95 151 78 83 59 147 96 181 139 54 126 92 176 151 124 195 183 114 88 170 125 89 177 79 101 143 55 102 154 183 114 110 59 72 184 166 169 115 156 126 89 153 117 53 130 117 94 170 90 97 175 133 122 60 65 162 108 106 94 90 100 179 132 175 177 88 172 59 154 72 73 78 92 194 90 59 185 63 130 130 162 179 120 148 112 155 68 120 104 160 122 132 65 129 0 147 84 89
67 155 162 73 132 118 179 105 101 133 140 178 83 124 107 107 131 196 52 64 120 108 169 137 186 181 116 135 143 185 62 113 75 102 148 192 169 141 185 97 174 81 94 135 196 128 182 122 116 141 60 135 122 113 152 52 126 98 145 85 71 159 119 116 80 146 111 124 81 189 85 80 55 69 63 169 50 147 183 155 105 55 141 192 156 103 129 60 194 63 147 75 153 193 168 71 96 0 104 169
185 99 121 75 173 79 122 59 102 101 146 54 102 168 113 55 116 74 101 79 78 157 159 183 134 78 185 101 186 84 129 74 190 103 122 156 115 89 193 109 74 113 69 179 143 141 111 173 63 130 119 157 165 84 71 148 53 200 59 185 82 161 108 140 120 192 143 165 173 78 111 197 145 104 80 110 143 105 67 191 175 185 150 187 100 119 157 158 186 177 122 88 99 86 68 82 174 174 0 107
164 78 128 56 157 139 85 86 77 177 78 127 147 149 63 156 156 186 112 186 118 65 111 142 163 126 56 131 76 93 63 141 132 166 98 65 90 192 185 89 65 144 114 101 87 194 69 50 128 163 105 180 146 192 138 159 97 135 181 59 155 126 148 136 148 75 158 191 184 111 119 175 169 141 162 156 61 115 142 116 187 157 188 199 76 168 167 51 174 154 176 170 176 171 175 172 69 88 90 0
