100
0 19 15 7 6 9 15 6 12 5 17 20 7 15 9 16 18 6 17 15 14 5 10 8 12 20 20 9 14 17 13 19 5 18 17 10 12 7 5 20 17 18 11 15 11 12 11 19 15 6 7 11 13 9 19 12 11 10 5 6 7 15 5 10 12 15 14 20 18 8 11 19 7 8 13 5 18 18 11 9 8 9 17 14 5 5 17 12 7 8 6 8 17 19 16 20 18 16 18 20
0 999  335 521  123 420  255 526  226 569  191 329  195 448  331 618  210 410  353 529  134 320  141 334  199 426  254 340  132 417  104 461  324 433  186 483  147 476  290 559  229 469  156 242  302 343  307 677  169 250  193 378  282 440  112 448  140 293  218 477  209 516  358 472  153 337  195 415  219 341  191 482  175 538  93 180  162 423  225 353  302 573  191 476  113 386  196 487  199 358  323 609  217 356  263 554  249 401  133 352  359 546  189 378  318 377  174 511  315 478  217 531  361 550  382 423  145 175  203 396  260 449  224 496  349 709  211 518  219 421  277 371  221 304  237 573  202 442  253 524  261 509  174 450  249 600  228 535  181 312  242 414  160 220  262 537  176 520  167 366  171 229  97 191  134 464  196 421  248 420  99 225  63 224  108 315  188 272  150 268  182 227  345 560  264 442  140 201  204 463  225 504  193 529  154 509  238 446  177 272
0 175 98 101 125 168 126 143 60 182 73 129 68 194 52 96 185 79 116 165 74 79 150 107 73 164 189 102 80 189 180 167 53 172 78 99 50 77 147 73 139 120 61 71 117 178 68 103 135 96 200 66 171 50 150 197 175 189 130 80 139 173 193 195 61 80 140 124 167 117 192 89 144 63 165 166 111 102 87 153 128 86 87 176 90 55 51 94 132 129 133 147 104 75 81 56 82 58 98 128
189 0 134 53 195 80 187 182 190 190 50 54 151 192 86 67 63 200 121 134 135 91 159 69 70 83 82 127 194 130 141 195 189 102 129 72 188 119 72 129 170 70 100 193 61 140 165 92 167 170 69 192 141 66 51 53 107 131 191 105 93 181 99 129 87 143 148 144 116 122 99 198 198 94 181 193 125 190 184 54 172 59 80 171 110 114 69 167 131 56 64 100 70 127 122 164 157 170 173 196
98 112 0 65 134 160 158 169 180 153 96 159 63 159 191 78 170 144 161 161 191 63 131 101 70 182 145 180 199 122 90 62 135 173 109 179 143 58 66 173 159 65 72 121 194 178 79 143 120 71 62 85 174 159 94 164 65 178 131 172 161 193 149 95 109 88 97 178 159 144 173 145 102 92 130 126 56 170 71 99 140 59 190 75 97 127 102 167 87 103 162 131 99 72 122 64 108 105 91 72
151 187 153 0 132 147 172 124 68 103 96 174 83 191 71 176 154 126 112 121 69 127 140 189 95 188 101 131 73 153 67 71 149 126 95 95 191 88 53 60 109 148 88 77 182 60 119 108 138 94 123 58 167 95 155 198 141 63 120 122 154 109 172 192 179 199 115 103 84 55 175 169 127 135 140 82 127 172 69 183 160 125 179 193 61 126 186 93 110 70 76 68 103 92 156 121 132 135 131 114
131 149 145 132 0 74 165 163 88 101 122 132 156 101 184 175 72 143 168 50 91 136 189 102 171 115 165 55 179 72 84 57 168 102 111 172 68 57 52 80 192 176 191 143 135 200 78 68 96 63 182 147 116 57 182 146 86 177 170 150 128 77 107 135 129 149 164 50 132 99 90 161 156 175 146 67 187 193 135 178 127 193 61 126 137 162 155 74 178 136 164 197 127 178 84 52 118 165 101 56
195 151 66 62 191 0 74 64 146 112 115 186 175 148 85 127 142 169 119 188 150 93 181 200 91 96 147 176 53 67 173 55 166 168 171 105 162 161 83 139 110 158 131 120 84 156 74 181 114 56 117 199 149 58 133 174 183 82 86 136 179 152 147 108 123 108 150 194 93 81 112 190 153 75 83 105 125 101 118 94 87 64 144 82 164 178 184 115 68 155 188 53 105 108 123 132 128 98 163 78
88 158 57 104 125 130 0 140 179 181 197 194 101 100 184 87 182 171 151 168 159 64 131 85 193 167 67 53 119 177 192 85 186 184 97 181 162 94 97 144 170 138 177 51 114 192 65 123 110 120 191 77 181 132 61 86 159 171 151 132 103 164 112 137 168 112 163 191 116 179 180 123 183 99 167 104 80 132 158 127 77 150 60 160 53 93 196 133 184 132 144 158 113 156 152 157 96 112 134 149
118 162 138 65 156 193 179 0 52 153 74 156 170 122 182 77 58 58 104 69 51 164 128 147 89 188 164 196 196 143 64 191 113 95 65 110 164 100 147 88 177 128 188 96 100 182 177 128 200 134 176 177 80 144 72 199 166 94 136 198 116 75 162 143 104 57 58 113 178 89 95 52 186 93 73 105 128 76 111 152 155 139 99 102 56 167 56 69 158 181 167 157 166 111 98 58 94 159 73 179
164 200 98 98 125 87 190 66 0 178 181 184 129 57 64 84 192 179 168 96 122 62 151 105 120 126 162 61 147 169 69 62 154 186 172 191 158 74 153 86 75 193 97 158 197 175 75 75 101 52 194 155 69 135 178 166 107 148 95 109 148 157 159 89 157 119 142 112 126 127 83 99 61 120 146 65 170 138 155 161 82 144 133 100 155 161 119 180 109 80 127 158 66 168 96 70 141 121 133 128
170 171 168 194 103 117 128 75 65 0 113 81 56 137 164 183 172 151 53 59 151 96 99 116 84 110 151 69 50 156 152 54 81 195 95 153 148 99 85 194 138 154 181 93 87 87 56 121 181 153 149 133 197 70 196 113 143 131 99 125 69 76 123 168 162 126 200 114 53 180 169 160 124 182 53 152 70 86 96 96 175 139 69 78 56 113 113 73 187 119 134 195 50 112 181 142 162 121 166 179
67 162 160 200 60 190 76 141 120 96 0 112 78 168 128 114 54 125 198 122 139 176 92 165 98 95 125 87 88 106 120 181 179 162 100 169 75 76 191 135 60 74 84 168 184 177 130 64 70 58 146 191 180 96 83 102 98 52 74 76 57 101 77 131 80 147 184 85 198 74 155 177 95 123 162 64 122 93 159 108 171 191 163 57 154 71 102 55 88 193 107 70 78 155 61 126 107 183 100 170
56 93 97 108 178 123 70 101 146 170 171 0 123 193 88 81 158 123 108 57 200 139 168 109 152 131 129 72 119 73 158 53 103 63 131 163 63 86 108 186 156 60 58 109 195 108 69 169 180 68 103 160 94 194 85 103 181 178 89 92 164 182 141 117 140 57 55 163 125 64 104 89 95 161 64 64 122 80 71 130 150 161 140 64 127 132 100 123 154 54 150 69 112 169 95 104 124 90 140 73
115 109 116 67 197 160 136 145 119 159 58 59 0 63 132 93 94 61 200 192 109 116 172 63 178 191 100 130 71 100 90 75 75 171 162 130 91 84 155 129 180 133 118 140 53 63 164 101 91 62 121 147 145 185 96 66 121 56 170 90 93 59 199 194 75 181 123 187 145 126 191 130 187 63 124 137 154 169 86 90 87 68 84 112 108 189 57 120 171 132 62 192 57 122 135 75 180 171 97 114
86 50 63 62 148 73 182 92 139 119 177 96 182 0 144 150 170 74 77 65 176 123 54 119 83 77 63 180 160 74 96 182 73 126 145 164 121 181 68 98 190 123 123 79 51 53 153 158 84 63 61 98 89 67 128 57 67 53 57 194 70 111 153 161 56 127 163 59 160 134 155 128 67 82 75 82 181 94 197 115 174 113 132 163 139 83 77 155 200 101 78 130 123 113 103 63 185 85 158 80
157 188 168 155 166 69 119 55 104 121 159 100 64 190 0 188 135 141 107 124 109 138 157 101 151 75 69 63 62 112 77 128 164 128 81 91 169 108 128 121 78 138 149 169 61 96 138 148 140 128 197 139 126 82 108 55 148 97 186 129 147 116 58 78 94 198 163 107 110 76 82 55 178 51 179 89 159 70 196 108 65 179 99 148 186 165 80 85 99 141 105 161 123 165 184 127 142 185 149 137
136 160 180 127 134 168 176 154 57 141 69 52 50 106 149 0 156 192 56 150 113 172 51 73 126 110 131 157 116 187 85 128 137 121 75 147 145 102 99 144 155 140 93 91 110 84 153 186 95 175 181 90 84 58 69 192 139 116 70 122 167 148 77 129 195 102 143 158 109 146 192 78 176 113 80 160 76 117 170 195 195 81 152 177 139 55 71 165 138 117 181 66 80 150 78 154 145 104 74 115
149 185 93 147 196 131 153 197 78 102 77 188 150 200 132 66 0 126 67 199 150 170 139 104 196 91 188 126 133 61 85 64 96 79 132 187 98 114 108 189 83 79 102 167 172 155 57 126 187 108 97 162 102 107 70 149 193 129 134 76 54 54 58 62 89 98 127 92 164 111 118 187 81 165 90 101 142 60 169 173 76 74 102 141 183 79 166 92 114 57 100 187 177 144 102 167 170 130 136 63
128 152 122 111 191 59 175 61 111 185 143 78 142 89 187 100 128 0 161 54 123 194 131 97 83 129 162 123 187 117 124 66 118 149 58 102 68 145 84 163 161 156 125 147 61 171 56 97 130 143 95 81 83 137 113 195 126 153 138 71 129 184 74 130 72 165 61 54 130 146 167 187 109 118 131 69 58 184 141 51 108 174 176 174 60 70 51 194 188 65 76 195 139 56 140 164 149 169 188 84
64 118 120 178 165 139 145 70 181 92 50 66 140 160 109 157 174 64 0 80 116 113 190 188 184 170 173 168 166 96 131 117 166 148 88 102 112 62 187 133 98 115 54 163 179 191 135 172 61 75 80 116 114 105 176 193 65 99 114 130 188 59 114 158 101 162 199 137 199 153 61 78 140 143 61 185 67 176 63 74 142 107 180 109 73 107 56 129 167 112 61 92 200 128 160 194 168 175 124 156
180 142 60 139 118 119 113 99 160 88 51 64 125 98 114 146 106 161 69 0 163 85 190 102 88 149 71 140 108 131 197 175 107 183 128 130 102 102 191 84 98 199 65 189 137 117 148 147 97 118 198 193 68 108 104 112 63 156 72 124 143 123 185 172 164 162 62 111 187 52 58 187 52 125 121 120 187 110 123 84 97 126 100 176 178 143 179 176 76 148 184 125 103 62 72 140 172 101 53 165
136 162 67 105 182 199 101 188 59 58 121 80 131 74 50 97 64 72 59 109 0 72 167 106 132 171 59 97 111 140 93 54 162 146 62 124 99 97 50 70 131 158 178 59 130 138 90 110 175 113 160 159 140 104 197 182 50 183 171 77 174 116 70 96 179 57 180 53 180 97 107 81 93 173 52 97 75 94 170 109 200 116 140 67 71 154 116 167 132 82 150 105 173 168 196 178 93 86 88 101
184 149 164 190 195 129 160 172 125 76 60 166 105 153 130 100 65 149 82 198 181 0 193 193 160 60 50 117 166 75 154 137 178 171 100 116 118 139 157 163 84 169 188 181 142 54 153 50 149 153 109 163 146 103 69 109 92 163 64 57 195 102 109 125 189 68 175 178 111 160 115 142 174 197 171 83 78 84 133 122 60 158 97 178 53 190 158 104 171 84 192 145 121 113 170 122 69 171 85 190
72 79 193 108 187 100 106 93 80 155 60 149 69 122 128 138 192 189 193 150 176 116 0 163 171 138 173 184 112 165 157 183 169 76 139 50 159 91 89 85 177 63 69 67 107 127 100 177 69 164 78 196 116 58 103 142 69 113 131 66 174 100 55 169 88 130 165 84 191 116 70 159 104 189 140 128 119 70 97 89 87 191 128 87 94 131 175 94 149 148 185 79 130 123 127 181 106 125 185 166
196 82 139 139 114 148 110 126 130 144 74 82 71 57 148 153 109 113 124 175 170 82 172 0 61 195 61 123 174 85 89 67 88 146 84 92 70 124 173 126 79 74 102 159 175 57 67 75 78 100 156 105 75 106 182 165 181 78 93 131 151 60 73 73 136 196 131 54 131 188 200 69 149 88 158 173 93 154 173 154 196 94 168 153 99 74 99 69 110 161 148 76 88 130 107 84 153 103 51 54
89 136 98 177 65 193 135 144 170 102 87 200 57 153 107 74 133 91 81 83 122 135 180 115 0 112 198 75 128 90 89 88 70 187 181 57 143 50 131 95 110 80 104 198 58 160 94 128 152 149 152 101 107 197 147 103 182 140 181 161 129 83 120 166 114 57 90 113 134 136 123 155 134 111 74 136 108 119 56 52 123 149 181 55 175 137 157 85 189 93 117 160 151 174 120 137 145 159 117 60
191 168 84 129 106 188 94 132 87 191 106 199 145 64 77 165 97 179 158 99 191 58 145 101 110 0 68 146 138 112 77 55 75 98 172 139 148 98 137 127 102 56 197 128 176 135 141 70 176 75 186 139 121 162 95 150 93 102 64 87 110 111 112 187 70 54 181 105 184 158 88 163 158 125 103 95 162 173 149 187 82 149 176 140 76 53 53 107 91 123 74 101 180 84 188 140 113 131 103 149
115 146 90 90 94 123 103 122 113 198 121 136 135 173 125 172 104 112 137 188 115 134 128 132 64 76 0 199 162 178 132 117 52 111 128 67 194 152 173 183 99 192 90 150 195 198 115 95 103 158 156 181 170 180 179 52 74 131 183 192 157 96 67 116 109 119 189 166 68 121 124 148 176 163 124 136 103 107 66 69 185 93 132 117 103 145 168 80 191 82 130 161 101 167 169 166 127 122 165 196
55 119 66 55 192 98 82 55 105 94 126 161 128 137 73 162 76 199 86 51 69 53 152 161 105 101 180 0 176 139 157 190 132 139 106 93 61 87 197 94 148 147 143 160 102 137 116 173 91 87 80 118 55 122 53 57 191 168 174 161 141 60 142 110 174 191 92 146 136 142 141 59 103 125 137 199 144 151 54 134 60 110 177 71 118 52 95 52 199 117 160 115 86 140 130 194 195 185 188 118
71 128 153 191 170 178 144 51 177 166 118 144 130 59 78 51 172 168 171 84 116 85 121 136 195 199 189 70 0 139 91 158 176 179 83 90 161 106 61 103 136 157 128 161 125 85 132 65 192 52 135 142 157 147 180 106 100 124 123 82 191 151 104 150 190 114 55 78 127 58 140 79 169 182 161 134 177 182 114 59 148 129 91 180 171 186 194 81 57 194 67 148 171 137 178 200 75 161 138 87
50 143 198 93 97 198 126 84 51 155 96 165 123 108 92 77 88 120 55 57 154 100 107 89 126 167 163 120 126 0 194 62 100 91 145 86 186 79 137 135 99 145 189 158 84 69 99 143 133 159 182 140 119 196 184 177 190 88 67 75 137 66 171 195 113 140 75 98 101 188 53 86 108 104 194 107 118 113 194 97 164 198 180 173 62 175 158 119 93 115 78 70 153 167 76 150 198 68 175 134
70 51 126 78 55 170 105 164 193 74 77 160 172 192 132 186 62 126 189 129 95 138 130 165 115 56 184 68 199 188 0 57 133 59 171 124 61 138 197 200 119 166 130 117 186 181 140 97 165 60 77 179 116 184 65 162 69 143 130 88 158 180 168 55 104 174 66 154 122 152 161 50 55 177 194 69 65 126 141 130 97 90 78 90 62 179 167 115 158 175 165 171 129 116 132 156 134 174 192 70
194 146 83 179 189 150 137 149 98 162 98 177 186 139 83 160 64 79 118 88 188 89 162 131 108 127 132 79 199 54 121 0 151 86 83 61 185 59 138 194 147 148 101 132 154 80 120 141 73 174 73 101 153 148 135 69 126 83 109 143 90 195 165 180 111 183 151 161 96 134 150 98 115 160 127 66 155 193 96 111 82 152 125 174 51 160 146 66 151 124 163 165 125 72 108 162 182 71 66 69
189 81 150 52 57 177 130 123 138 142 85 151 122 63 147 164 84 140 158 177 98 188 133 77 177 123 176 160 93 98 188 177 0 125 199 172 107 79 168 198 71 128 196 64 81 158 198 133 172 185 117 91 119 89 67 82 109 157 149 130 97 86 63 57 134 182 103 132 178 105 96 195 198 151 112 147 138 147 180 189 143 198 133 114 154 153 121 107 103 78 106 117 133 107 193 149 67 129 174 60
128 85 114 190 152 51 160 121 125 151 197 97 59 181 189 142 84 91 55 131 113 124 178 92 185 53 124 74 191 139 56 197 82 0 200 84 78 130 107 50 161 118 107 102 133 154 131 91 67 107 154 63 174 128 137 198 175 166 131 63 126 55 108 129 124 73 143 161 181 139 131 125 169 116 107 84 145 78 154 115 90 175 156 103 138 128 91 133 137 158 96 192 107 190 118 143 88 150 137 75
63 71 76 108 86 51 141 156 112 83 71 155 58 151 51 90 53 133 119 142 65 105 89 66 80 98 183 136 198 68 89 147 157 83 0 147 72 146 148 137 105 179 130 137 195 89 142 127 51 109 180 176 118 73 57 137 134 162 83 68 131 135 107 115 188 112 176 165 109 145 100 90 189 50 194 99 130 144 149 52 113 167 175 112 94 112 54 133 74 62 81 124 96 155 172 156 194 121 75 76
120 85 199 124 137 130 54 60 143 87 78 155 113 158 137 57 102 184 107 65 102 58 190 170 55 120 85 121 113 108 182 199 198 56 164 0 181 94 174 112 126 147 66 128 116 50 171 82 64 109 71 184 100 92 89 107 50 105 173 195 80 92 157 165 56 185 111 123 137 103 175 54 140 103 129 65 88 176 125 140 181 158 134 115 198 54 94 85 136 121 65 162 193 72 157 199 107 177 159 170
90 135 87 81 181 142 100 66 127 62 170 90 120 127 60 115 82 139 112 110 167 91 135 61 65 92 167 167 175 184 148 165 75 155 200 113 0 96 105 154 172 147 153 118 83 78 65 98 146 89 156 117 74 111 123 128 136 173 92 131 76 198 131 81 170 176 163 125 188 121 72 79 70 145 143 186 108 156 156 197 78 108 184 134 175 179 135 117 99 112 61 151 166 160 168 133 173 99 140 126
72 61 192 192 153 174 154 65 117 174 186 53 159 93 190 156 197 156 71 138 119 72 115 95 88 121 198 147 70 182 149 175 183 128 94 189 139 0 115 183 123 56 115 128 193 104 117 163 94 159 157 174 191 77 126 198 74 81 139 158 147 171 80 170 145 115 108 76 51 98 74 100 61 126 192 120 179 117 152 190 148 146 71 76 103 120 117 181 181 51 153 200 179 156 73 158 103 102 122 126
168 166 170 82 118 144 119 51 108 102 175 72 65 78 68 200 60 170 164 136 81 129 76 57 56 146 138 171 144 151 109 69 52 176 80 146 115 152 0 175 167 153 188 129 60 154 114 183 109 142 129 54 129 55 85 117 63 193 105 179 80 197 151 189 174 109 180 99 163 80 182 91 188 52 170 67 168 184 159 170 140 133 129 95 164 168 163 161 141 179 103 69 178 148 86 135 198 190 158 89
122 113 57 161 113 114 91 125 160 157 174 73 188 73 153 95 52 168 160 110 145 131 53 84 56 52 145 104 152 55 65 185 171 75 119 140 190 149 167 0 99 64 100 73 139 160 143 164 62 130 120 97 190 174 157 139 118 50 161 67 196 67 163 138 74 179 54 99 67 136 56 158 158 83 129 100 138 113 168 110 79 87 132 74 103 101 164 172 131 180 159 82 185 63 164 157 170 119 125 153
144 180 177 169 73 151 199 197 136 120 151 190 169 83 90 146 164 159 176 144 161 178 100 81 175 59 183 51 93 52 143 164 187 138 101 126 145 80 97 117 0 199 185 179 93 139 87 197 103 92 138 99 82 54 103 71 195 152 104 71 191 111 183 158 187 78 140 50 97 142 79 84 134 184 119 150 154 58 85 87 116 88 184 187 134 107 133 84 196 164 95 141 79 184 62 71 163 141 71 184
66 189 170 173 121 187 130 75 50 101 119 135 190 85 58 195 136 112 188 159 50 152 109 192 180 181 118 127 129 106 57 71 174 61 170 78 51 168 160 190 87 0 106 81 188 69 160 188 151 79 188 58 127 146 196 105 181 164 130 200 69 121 127 190 147 192 115 142 189 176 90 59 118 195 87 93 156 198 99 166 118 180 53 63 72 65 169 172 73 198 152 69 163 116 164 139 57 149 138 189
75 56 164 186 173 135 72 55 185 72 133 122 55 195 140 175 199 89 75 111 88 68 95 177 92 145 103 116 194 158 72 149 73 116 133 95 186 55 189 95 105 60 0 196 174 181 157 74 138 56 132 146 171 191 75 184 80 136 99 142 116 51 180 78 162 129 126 191 66 86 107 77 109 187 167 112 185 93 76 190 64 79 106 105 68 153 156 197 198 156 53 193 174 120 59 52 61 112 191 143
77 128 107 79 114 128 129 172 105 183 192 93 166 73 135 138 125 122 138 116 164 160 174 142 175 113 69 153 113 64 67 161 121 54 66 115 134 157 158 142 77 137 139 0 83 108 166 54 118 198 135 68 178 141 118 198 193 74 185 168 71 104 192 134 151 62 130 66 86 87 193 83 73 140 60 61 136 91 63 88 119 154 169 108 149 165 168 54 189 160 147 57 122 90 82 194 121 139 184 192
51 60 109 120 83 58 62 58 56 117 88 104 101 171 87 60 66 126 115 108 178 151 89 63 186 51 190 82 169 53 62 94 86 142 128 55 112 89 162 150 133 199 130 137 0 102 152 129 107 170 140 103 164 145 127 120 99 51 116 174 174 113 95 168 95 96 59 103 70 50 66 170 75 87 133 199 110 119 122 175 115 85 87 119 67 162 119 57 108 89 126 85 191 186 139 78 96 161 125 193
129 58 99 77 169 91 161 61 160 140 102 125 99 104 62 187 141 168 184 79 187 160 132 182 142 61 59 168 99 146 72 54 117 197 174 180 62 123 61 65 160 74 103 60 126 0 81 120 197 158 123 99 166 165 166 113 183 138 93 152 50 177 133 55 159 142 51 115 97 123 108 105 58 169 106 192 173 124 172 82 166 67 180 106 129 58 122 86 95 134 165 70 127 123 95 131 167 88 115 89
149 103 102 189 167 163 191 147 101 171 81 168 163 162 183 60 197 79 135 122 148 99 137 109 125 58 130 108 150 127 184 106 169 179 83 198 147 159 82 125 188 121 113 54 104 99 0 156 102 66 57 53 113 199 64 104 147 154 158 95 97 79 100 152 105 141 133 191 191 114 129 153 190 106 157 160 197 170 119 91 153 132 60 160 66 125 129 143 182 118 66 107 104 67 142 64 51 129 54 96
196 50 174 77 127 55 124 93 139 190 63 118 164 194 82 163 129 188 161 99 89 190 74 163 81 158 93 170 151 199 57 188 138 191 64 132 111 165 82 71 68 176 78 185 192 50 199 0 177 122 188 156 123 176 168 174 84 149 134 190 70 100 62 86 114 194 167 99 156 95 178 119 105 160 107 141 87 51 97 164 198 103 165 138 88 183 135 90 159 110 73 115 136 193 115 99 173 161 163 125
69 186 184 187 89 163 199 117 173 112 191 130 96 170 153 196 196 96 108 96 174 74 61 128 130 68 88 79 101 109 106 145 87 87 99 128 89 105 98 189 132 184 162 160 83 161 194 154 0 165 199 193 81 136 130 115 187 132 71 50 72 65 189 132 95 127 65 197 146 95 117 175 100 199 138 83 139 102 136 186 91 164 64 200 168 151 193 197 134 69 193 94 90 150 50 94 121 185 164 136
199 148 106 66 75 120 103 115 167 65 162 105 189 166 66 53 179 101 148 146 158 157 182 167 74 78 87 87 169 69 176 97 161 89 114 55 73 144 78 64 89 68 136 120 141 118 79 189 191 0 151 167 126 51 185 67 176 91 101 109 98 86 196 179 181 107 84 64 181 196 163 182 90 91 88 101 180 66 71 60 178 92 163 68 179 158 191 144 103 99 193 200 174 157 196 52 172 194 53 187
168 109 61 166 130 159 70 95 118 179 139 167 189 155 125 178 95 108 73 102 193 165 158 170 151 171 80 188 194 167 58 89 136 164 156 173 73 74 164 95 164 168 107 104 87 127 85 181 198 75 0 84 199 181 153 127 180 98 101 190 126 189 97 87 70 199 136 182 62 76 101 120 173 67 70 94 62 58 81 123 90 64 69 63 138 84 69 144 68 86 66 127 93 187 137 109 69 163 173 121
154 154 160 79 184 130 184 172 191 75 198 129 98 126 112 91 112 137 141 198 120 175 108 59 70 63 52 142 71 64 157 145 97 90 181 121 114 57 89 77 170 161 111 144 118 145 92 109 96 80 199 0 173 73 155 153 184 135 96 196 148 136 199 125 119 81 168 139 187 90 79 77 150 171 97 89 163 109 137 187 191 74 199 90 131 101 95 68 50 89 143 82 140 154 171 193 134 54 182 111
86 100 70 144 176 95 139 175 73 69 120 180 78 158 127 127 147 147 121 83 135 191 93 111 186 197 111 115 187 194 147 141 57 69 84 56 83 94 193 55 68 77 54 165 115 146 184 142 176 133 128 76 0 175 73 198 153 64 151 135 188 114 200 138 118 128 83 155 68 105 79 112 96 92 65 100 164 110 81 140 168 186 126 64 130 186 182 141 171 127 90 85 118 94 86 140 163 170 72 136
139 123 66 66 68 91 192 171 96 67 168 77 92 139 97 174 77 164 162 104 155 80 139 154 181 114 50 131 161 91 131 170 65 85 82 52 68 87 196 150 51 175 198 139 155 145 166 199 160 76 182 52 147 0 165 138 161 117 74 87 148 139 140 129 89 199 135 174 87 54 93 107 168 70 75 134 99 183 73 71 99 196 169 145 200 150 137 162 56 54 163 137 156 103 125 131 196 145 174 176
142 128 96 164 151 71 77 54 92 127 130 138 111 61 189 105 74 124 93 84 200 60 116 65 116 64 87 57 94 134 114 153 50 137 160 141 98 73 79 72 120 72 183 195 92 198 175 128 130 152 180 105 146 185 0 53 57 71 78 198 108 114 50 200 155 80 132 83 188 56 167 55 127 124 69 178 135 77 75 95 164 192 142 120 119 74 195 75 124 132 170 109 174 57 133 121 184 77 195 138
103 167 74 149 61 74 168 163 51 111 173 115 116 138 63 158 119 62 85 154 55 64 99 56 106 97 200 99 195 72 169 102 144 68 71 116 135 199 116 111 130 95 191 130 76 89 120 200 184 94 199 118 140 189 135 0 181 115 154 153 131 87 109 105 198 104 51 194 143 61 117 71 193 68 105 118 90 144 106 101 65 180 90 184 66 174 107 66 198 107 178 155 107 162 81 111 72 72 192 139
140 157 109 113 197 198 147 155 153 98 104 107 162 75 142 114 139 89 56 102 98 134 87 56 149 80 149 178 107 123 76 74 76 160 194 148 177 160 129 73 97 96 85 141 111 179 150 163 161 137 175 199 98 127 128 138 0 144 54 66 198 162 65 164 197 82 54 191 90 61 75 172 151 103 179 192 50 164 156 102 72 89 163 71 98 83 80 187 127 57 154 155 55 125 105 114 171 65 161 187
124 63 152 151 145 169 134 143 145 102 105 51 101 182 121 173 197 154 162 73 68 183 72 162 51 113 101 131 172 103 153 173 136 57 52 103 107 81 197 149 67 195 56 75 139 165 195 91 137 183 83 187 87 132 75 72 167 0 150 196 185 61 167 89 136 110 174 109 185 155 62 163 182 61 163 157 163 79 116 75 54 124 185 181 115 172 79 80 100 162 195 198 58 143 117 182 106 160 148 170
102 126 79 194 158 152 174 58 119 64 67 198 102 138 107 125 161 70 126 184 109 155 169 141 199 189 69 123 200 103 162 54 93 136 174 155 195 133 62 118 108 153 126 55 194 114 123 118 134 138 171 132 53 135 83 134 81 188 0 77 107 172 79 130 52 98 62 130 52 115 171 99 51 118 149 121 78 70 190 124 72 192 138 170 188 148 108 99 65 84 169 96 163 169 156 156 87 52 56 62
136 131 122 188 168 77 159 92 157 77 111 163 190 168 79 91 50 113 165 85 122 76 176 172 94 119 186 67 103 128 159 101 149 126 134 90 179 130 174 147 186 194 184 90 195 181 148 108 59 138 146 69 97 77 76 84 142 176 185 0 93 167 177 177 57 118 129 78 131 70 107 154 96 166 94 171 100 70 171 73 124 131 122 168 179 148 56 183 193 102 171 149 121 99 120 99 61 61 156 102
176 82 108 140 83 122 193 160 169 97 90 144 161 119 54 147 53 65 143 129 73 85 183 176 133 108 105 100 178 102 196 179 82 69 155 145 120 181 65 149 180 121 147 193 88 123 103 130 135 111 119 111 124 136 78 65 64 110 143 139 0 55 98 169 59 66 63 165 155 74 185 85 91 197 81 61 76 65 153 134 191 190 56 123 96 103 89 73 153 132 90 77 88 135 126 136 108 200 50 57
142 190 95 101 197 124 131 121 90 101 189 74 116 66 129 163 151 122 115 131 107 185 157 117 79 78 160 101 162 123 176 61 194 89 91 52 109 107 86 81 155 176 132 191 51 137 131 131 118 132 62 124 62 79 165 135 122 60 73 73 137 0 152 129 196 164 198 187 60 86 61 188 130 56 155 195 199 170 130 80 117 108 85 82 152 127 83 106 93 159 192 136 152 161 199 177 158 98 143 81
72 74 178 79 58 177 157 180 81 195 121 169 106 159 63 182 134 55 180 118 54 166 173 52 169 108 131 116 172 174 124 69 166 109 74 170 65 82 66 101 54 55 184 181 65 92 196 144 94 170 187 53 163 75 89 169 185 129 80 173 139 123 0 76 172 109 108 151 130 122 147 86 137 181 65 147 182 115 109 122 79 92 199 92 197 110 176 119 97 80 136 98 170 60 97 96 131 168 106 144
175 139 85 172 88 142 83 116 123 127 184 60 102 138 184 112 175 65 143 150 153 95 143 90 126 185 199 171 141 92 195 136 112 140 124 149 99 179 100 161 193 75 200 170 177 135 74 93 162 80 171 61 124 180 95 71 186 181 147 165 139 154 124 0 174 171 106 100 134 94 75 104 103 136 187 114 170 161 170 165 87 181 99 139 199 80 109 69 96 186 171 197 120 175 60 150 67 171 133 135
164 166 64 119 194 189 136 131 162 141 63 117 157 159 108 105 80 147 93 122 153 172 77 169 67 158 183 85 60 135 125 76 143 100 168 182 87 137 99 160 54 140 118 133 93 140 174 186 58 54 114 156 128 157 104 101 50 71 109 146 102 87 114 167 0 55 58 159 160 187 145 75 100 153 94 124 182 97 167 189 110 97 162 147 72 132 54 54 155 184 147 119 178 188 144 100 71 152 82 164
147 181 194 195 177 59 97 178 98 111 179 191 149 169 156 75 102 158 178 171 110 126 69 129 177 90 135 122 188 183 127 81 71 78 170 129 96 111 84 79 76 67 183 147 121 80 64 137 112 94 169 104 101 192 181 64 68 62 107 119 117 66 51 105 128 0 142 57 140 116 96 166 111 110 103 62 115 112 145 152 129 183 111 90 82 81 60 61 131 108 179 85 174 65 152 105 102 182 92 60
166 64 182 102 111 194 175 50 93 150 155 129 121 141 185 50 53 88 167 177 56 112 111 188 126 151 89 104 196 146 145 52 127 78 185 74 165 151 190 75 99 53 155 135 51 108 91 83 120 124 112 128 163 96 161 174 82 119 199 198 100 109 182 77 156 125 0 152 173 91 51 114 92 83 174 112 189 147 186 59 65 136 115 160 85 54 52 179 180 84 134 145 125 108 163 78 123 67 158 199
59 83 58 63 154 93 122 119 73 58 116 82 52 198 193 109 154 126 140 129 172 158 92 132 135 126 81 92 170 103 71 139 124 151 194 198 128 196 57 106 87 74 127 195 181 138 120 198 175 60 163 67 63 199 164 57 64 130 124 56 163 110 127 105 73 185 129 0 177 95 59 126 184 177 190 192 176 112 77 83 173 95 74 182 154 81 200 90 192 85 107 124 123 139 187 123 123 103 51 52
60 78 150 88 106 66 100 186 172 75 69 82 93 70 171 132 65 173 70 185 109 124 155 148 126 92 136 107 177 68 173 67 71 158 124 100 51 129 77 141 153 76 174 69 95 145 196 170 74 154 197 77 141 54 71 169 152 135 73 71 98 194 143 109 145 161 156 197 0 175 96 140 196 167 107 102 118 67 192 50 65 124 100 102 100 59 115 162 106 158 116 145 59 61 162 69 188 139 137 135
86 113 93 109 172 69 98 195 63 177 167 146 132 67 166 96 170 56 65 74 196 73 70 127 146 60 143 95 69 106 69 66 181 107 88 60 114 199 100 136 83 161 118 97 124 119 108 55 60 94 164 198 112 82 94 67 195 166 165 84 168 167 159 103 197 71 95 192 50 0 151 173 176 88 96 78 98 160 155 122 156 142 97 160 79 60 106 192 53 128 74 69 190 166 102 87 149 147 85 86
81 140 153 79 61 152 110 191 111 94 138 178 171 145 171 171 78 68 188 108 177 130 145 112 57 121 111 97 85 110 128 173 143 163 70 125 57 53 138 162 147 138 191 94 188 58 142 160 146 199 94 87 53 148 59 102 200 184 154 151 113 197 102 200 122 132 159 159 175 106 0 118 113 97 175 127 123 177 137 59 164 145 103 55 199 141 114 78 73 94 129 95 170 174 186 100 177 158 131 124
184 183 55 75 74 182 103 189 101 114 86 141 67 138 118 123 150 64 190 83 132 179 100 104 171 156 120 118 188 77 184 66 140 164 90 182 184 113 135 180 117 65 153 81 158 147 145 164 143 56 88 69 60 78 158 79 101 61 170 140 86 80 193 168 112 139 124 131 113 159 56 0 79 166 191 171 92 133 98 149 96 124 154 175 119 193 91 66 144 69 143 146 160 62 148 94 185 135 104 180
153 184 61 92 192 161 173 194 112 119 65 112 71 169 59 109 116 76 192 174 198 103 73 77 172 108 69 81 87 136 135 100 172 159 121 117 117 179 72 155 118 167 50 50 184 131 157 171 94 71 76 177 152 85 188 146 103 144 186 59 122 137 174 75 83 197 153 141 128 164 119 156 0 180 153 153 199 112 157 198 171 142 120 195 69 86 103 142 187 172 70 84 133 144 150 134 121 87 96 150
183 76 159 190 141 102 161 179 110 182 61 94 62 162 104 136 82 194 177 180 125 148 73 149 147 145 51 74 114 78 97 151 191 77 153 180 83 78 83 179 72 109 77 163 181 85 137 147 94 158 194 112 84 116 78 190 99 159 141 175 135 145 81 143 184 158 190 114 154 174 74 62 142 0 131 111 178 60 140 62 155 88 86 165 176 135 129 150 177 105 81 108 57 178 104 100 122 70 132 200
130 175 142 75 84 173 110 52 158 174 176 67 155 192 62 72 90 144 81 171 132 167 150 154 108 107 192 77 200 200 186 71 150 52 115 128 188 60 156 114 196 108 81 134 183 126 155 92 147 92 148 64 171 51 174 187 92 127 118 178 95 132 77 146 69 55 159 184 134 82 136 182 165 185 0 86 62 52 128 58 112 108 180 61 61 151 148 133 72 123 101 129 99 116 166 188 90 113 54 102
115 102 62 110 64 157 125 102 154 180 136 94 96 196 129 95 81 127 99 128 72 105 78 58 55 90 117 138 77 196 158 131 87 127 180 106 156 127 148 194 186 106 122 110 80 144 97 113 51 157 162 148 185 124 121 89 116 106 90 187 146 93 96 128 78 187 113 84 79 181 137 121 175 169 90 0 56 174 164 125 146 123 138 146 80 170 148 194 95 72 92 75 189 61 53 164 50 75 95 93
156 58 144 138 124 62 92 158 83 92 71 102 92 200 163 127 135 70 120 195 80 163 120 196 104 130 92 120 96 140 120 94 196 82 100 112 90 122 56 71 154 98 100 65 141 161 169 188 175 176 168 160 187 179 119 77 181 143 75 193 190 151 86 179 161 132 186 192 81 148 171 73 96 146 140 145 0 114 90 114 76 69 86 182 144 165 116 93 64 63 103 71 84 182 154 100 118 120 60 100
157 173 114 160 54 53 145 138 160 193 165 51 53 71 114 83 179 196 71 116 113 187 142 190 163 78 97 168 50 79 72 105 156 103 161 77 50 162 139 63 88 196 135 107 106 129 63 80 145 84 179 77 98 151 177 131 118 114 134 74 105 143 56 199 174 188 69 89 135 103 155 152 67 180 192 78 105 0 197 141 129 93 69 127 197 59 112 137 77 121 128 178 69 73 131 150 76 98 52 63
98 132 75 200 180 63 194 71 59 68 188 167 110 68 69 166 166 177 113 103 78 146 117 149 164 198 173 81 137 191 61 195 74 147 80 179 109 125 104 97 156 109 109 96 96 104 136 146 75 189 162 112 184 187 51 117 126 196 181 101 133 95 83 91 111 73 63 182 63 179 125 114 119 148 133 84 89 176 0 77 172 169 122 86 168 158 79 188 67 119 129 104 61 149 156 132 106 115 71 101
152 88 97 144 156 66 133 65 75 98 178 135 157 150 164 62 146 53 167 101 184 59 106 184 148 118 88 176 148 135 140 129 57 158 102 51 53 83 190 115 130 70 163 99 159 93 63 135 79 198 122 161 183 184 123 117 77 58 172 81 157 68 86 114 102 160 187 70 175 191 188 191 175 158 173 159 199 63 154 0 155 157 78 200 187 156 111 163 168 199 192 176 194 173 119 178 164 155 115 184
55 181 110 180 70 115 85 92 140 95 138 116 108 176 75 122 115 76 187 144 196 134 150 85 89 75 174 174 135 55 86 171 110 62 177 200 163 177 190 91 58 110 69 54 60 144 82 73 58 111 97 132 198 145 61 146 80 127 99 68 53 160 151 128 151 128 139 160 144 93 158 69 188 169 178 75 83 64 195 122 0 129 139 169 185 93 138 190 196 71 88 98 131 93 125 155 77 143 90 53
114 194 151 149 155 185 70 173 155 145 105 57 101 95 50 200 162 104 182 112 104 144 101 106 188 185 185 145 90 116 93 178 156 51 185 128 162 182 138 83 85 81 151 100 120 150 144 114 67 178 61 115 130 192 86 113 89 136 62 142 50 123 78 168 98 67 97 73 127 181 138 57 163 200 93 122 108 171 89 102 57 0 95 64 136 153 82 54 77 119 133 128 131 57 88 174 90 144 88 148
109 65 166 179 75 195 129 50 102 120 106 94 195 60 169 144 100 171 147 83 125 142 137 81 150 178 119 136 112 159 136 101 151 135 163 199 171 50 93 115 150 122 177 176 81 79 105 197 77 82 188 71 153 150 131 127 94 105 74 108 167 77 145 148 50 118 103 52 91 191 51 176 195 179 122 145 169 164 85 193 63 130 0 70 154 129 165 200 168 189 128 173 72 96 184 174 144 121 189 81
149 182 59 119 173 183 96 175 161 143 193 111 127 165 167 94 87 168 64 189 69 103 165 52 89 54 124 100 58 138 57 145 157 159 106 135 197 153 127 131 148 87 86 198 177 140 62 80 136 159 70 50 157 65 59 128 170 159 69 169 141 134 170 82 146 128 112 184 73 96 111 83 71 85 184 174 187 157 107 102 53 134 172 0 189 125 169 189 99 109 171 162 159 108 120 175 172 130 86 128
88 154 199 113 176 134 198 185 83 139 179 50 81 81 53 64 77 187 106 144 106 52 106 140 57 137 134 82 65 86 198 147 189 67 189 157 127 132 141 113 145 140 54 101 149 55 63 129 166 112 128 116 136 181 56 193 177 121 123 119 144 189 162 82 127 167 176 159 116 140 79 126 53 52 160 134 137 146 132 90 98 95 90 182 0 188 90 58 145 196 77 143 155 81 198 186 77 190 52 88
160 193 185 167 114 64 183 136 54 164 162 53 196 159 126 121 183 89 83 117 123 87 168 189 86 121 133 189 116 57 82 131 126 80 187 156 73 121 187 68 109 106 98 197 199 126 186 187 84 55 94 187 189 71 155 171 60 135 163 139 187 123 61 119 80 98 150 173 108 104 110 142 163 167 161 100 194 146 196 171 53 161 77 179 53 0 170 122 199 74 131 193 93 198 104 193 163 110 90 129
52 128 161 101 193 115 153 133 106 155 90 71 93 114 78 89 82 166 69 129 142 83 157 135 73 130 132 153 194 133 89 147 73 90 85 151 189 51 185 54 86 105 87 166 54 162 151 158 119 173 94 99 95 60 140 99 185 179 125 72 170 68 184 185 133 102 86 148 186 75 73 58 83 80 146 120 172 95 176 55 161 112 95 70 152 162 0 171 73 129 132 111 114 130 148 119 196 192 147 118
192 68 91 167 189 89 115 134 72 119 86 155 200 162 56 165 75 92 71 121 138 194 116 57 110 62 187 124 151 62 128 57 114 166 177 53 200 178 180 192 85 137 143 128 54 196 102 166 96 175 72 70 92 149 172 137 83 145 196 127 56 199 147 189 74 147 122 168 199 197 51 69 118 50 86 57 192 169 70 74 112 163 187 120 75 153 135 0 107 101 192 80 72 115 78 112 133 193 95 88
62 97 79 141 109 77 107 75 173 138 115 134 179 106 109 184 88 193 147 91 139 79 188 187 71 143 91 194 130 114 168 103 64 58 181 64 109 192 85 197 92 144 111 131 74 54 179 176 186 190 188 55 86 127 65 66 155 98 107 171 53 101 144 179 57 58 71 176 179 170 162 146 68 176 198 60 132 118 69 189 53 92 118 179 114 124 138 194 0 183 61 57 137 73 56 197 182 97 152 187
144 170 133 58 138 197 166 111 66 190 96 105 157 90 68 59 90 180 126 78 136 83 176 132 57 127 135 90 78 177 130 161 124 65 160 68 176 93 82 140 72 156 108 179 168 108 50 146 199 160 130 190 191 96 50 98 130 77 94 56 184 68 97 105 139 174 107 121 110 126 112 109 106 67 188 86 142 195 128 126 72 83 126 67 102 186 69 82 184 0 114 94 96 77 134 113 88 147 174 85
91 119 174 190 97 94 129 149 111 144 50 171 52 110 189 76 117 64 132 193 59 112 52 93 53 55 156 186 113 77 176 129 142 102 187 139 119 87 115 171 73 67 81 187 130 54 92 193 125 121 173 100 196 75 65 140 152 59 90 155 192 141 107 170 189 188 94 163 74 175 133 167 116 121 190 127 184 157 84 161 84 84 187 117 135 65 119 75 186 150 0 107 107 77 99 185 51 116 137 52
71 146 184 106 86 107 93 168 104 149 88 199 150 112 165 105 194 79 125 102 189 50 197 136 199 110 116 161 166 51 146 193 77 79 134 189 191 145 146 90 92 125 85 151 180 125 100 127 193 73 73 94 118 88 124 90 69 51 121 191 93 87 181 120 123 185 110 176 158 157 190 90 67 162 158 90 192 131 71 95 132 162 147 149 157 89 85 136 196 173 129 0 129 72 115 52 169 136 161 138
188 97 190 108 155 62 54 96 56 86 179 172 63 138 135 67 198 112 102 65 120 74 104 148 147 110 116 132 116 84 158 126 80 152 85 176 117 109 109 65 76 69 129 105 186 84 134 84 123 186 189 92 170 141 55 171 80 138 129 146 94 99 118 99 164 122 54 179 67 148 77 110 91 156 200 73 174 128 144 195 60 180 125 142 153 173 150 119 91 138 58 165 0 112 182 131 120 115 180 116
169 139 177 84 72 51 199 139 176 60 51 118 162 129 160 89 149 156 173 147 186 100 55 112 197 81 166 133 121 168 115 78 146 125 104 193 111 154 132 76 53 85 127 89 109 155 194 104 130 97 178 105 139 164 138 153 170 56 180 157 130 102 162 84 111 172 69 102 131 123 98 134 133 102 96 198 131 188 186 173 114 59 143 58 113 54 131 84 88 86 119 179 129 0 186 167 138 111 141 96
158 158 77 144 156 96 54 131 150 182 150 71 88 83 130 200 72 111 107 94 110 198 120 148 184 81 96 97 161 181 120 92 133 99 180 92 79 173 164 182 176 121 96 69 134 134 175 73 86 151 62 140 97 72 193 190 81 84 56 93 114 65 113 128 93 128 172 163 168 73 75 196 118 136 61 52 56 194 191 58 165 193 170 53 175 117 88 173 67 174 133 74 111 74 0 123 123 196 65 148
89 95 103 139 149 60 81 200 173 93 190 124 155 132 88 57 153 80 131 92 166 182 179 167 97 189 174 169 138 161 175 111 177 171 80 149 144 196 200 141 96 178 111 101 174 51 180 74 129 86 173 157 186 128 198 115 118 164 93 147 196 126 173 195 85 69 139 105 166 86 103 98 184 111 56 176 142 77 87 97 138 113 53 175 200 65 153 177 95 128 68 64 147 186 109 0 109 80 124 183
95 77 124 116 95 195 166 77 119 94 157 75 195 192 169 96 53 95 81 157 58 185 143 170 72 184 196 126 137 190 94 83 164 157 110 163 56 157 75 199 183 122 158 110 156 197 54 103 95 67 169 199 144 189 143 103 100 168 134 154 173 180 182 67 153 184 170 162 143 116 65 57 113 60 111 199 89 200 196 95 115 100 85 159 136 110 92 114 104 174 93 88 105 104 183 103 0 60 185 155
133 98 184 129 78 155 96 155 137 142 144 124 50 172 52 182 140 65 82 90 121 135 71 176 155 105 95 135 102 76 142 189 58 121 58 195 152 151 146 133 117 154 86 72 159 145 132 71 156 64 109 167 196 81 158 122 52 76 110 91 72 73 195 103 167 81 72 102 155 109 163 112 157 188 149 143 171 158 113 66 158 61 150 129 85 136 104 100 130 88 54 105 142 113 167 61 90 0 181 95
108 55 160 167 190 129 186 179 133 73 78 111 161 50 76 51 85 117 51 188 85 79 187 52 164 172 67 62 107 131 165 190 197 195 70 194 176 199 178 64 65 98 75 93 94 72 158 198 199 92 149 97 128 56 128 123 99 127 155 116 198 68 123 101 57 57 77 111 55 176 66 67 110 50 146 191 71 146 61 100 145 55 136 100 53 98 60 53 95 171 195 50 73 160 196 106 159 194 0 66
151 76 136 109 76 98 144 99 86 79 82 177 129 139 110 126 112 50 58 183 79 101 98 130 127 184 189 100 98 124 76 94 70 164 125 130 145 78 184 129 168 176 105 93 147 93 74 155 69 88 154 101 107 165 198 131 99 59 186 83 175 116 170 155 197 93 188 51 71 55 87 113 75 189 177 173 168 171 65 174 140 126 112 139 200 126 147 122 111 178 107 70 96 85 144 138 195 199 157 0
