100
0 12 12 8 7 18 17 19 12 7 14 13 19 9 14 10 8 10 17 19 9 19 7 10 9 14 15 11 20 16 18 10 20 18 16 11 16 19 18 12 10 6 20 15 14 20 16 11 16 5 14 17 6 11 5 5 8 17 9 17 19 16 14 11 16 15 7 19 10 8 19 20 14 16 18 19 14 20 16 17 19 15 6 15 11 11 19 6 10 9 20 8 18 17 5 13 6 5 7 16
0 999  164 514  118 315  251 572  128 173  196 530  211 406  225 299  307 543  162 240  309 516  119 238  264 343  238 466  279 492  226 410  136 333  188 271  146 307  265 599  271 630  198 567  257 550  209 313  284 583  203 558  188 448  210 399  238 370  311 651  98 453  76 178  155 205  199 562  197 517  210 538  141 279  355 509  127 315  231 326  116 182  146 422  329 445  276 461  173 534  275 416  380 733  288 549  238 306  272 503  298 591  234 365  250 430  213 476  240 486  300 531  213 244  124 439  151 403  316 670  261 390  226 454  283 556  312 471  258 568  181 348  85 159  104 261  295 458  353 659  335 677  167 495  153 321  255 350  293 610  171 536  122 409  208 521  364 605  171 412  332 567  201 377  280 326  122 253  189 229  206 374  130 342  264 546  152 343  323 441  206 319  250 571  201 545  288 558  177 460  352 564  233 392  240 344  278 604  367 414
0 77 109 97 82 129 78 174 149 121 122 65 101 170 171 145 121 57 125 97 186 157 199 194 97 107 112 56 63 198 74 58 61 97 129 132 81 158 80 75 94 83 179 124 157 75 185 163 190 78 129 115 195 190 154 101 180 108 133 180 159 171 171 191 128 68 50 57 153 182 169 60 50 75 112 149 94 138 194 150 142 59 117 61 82 105 115 114 111 169 85 98 80 161 139 156 66 160 181 198
93 0 80 74 134 101 81 87 119 73 111 160 159 102 104 175 50 99 132 83 178 128 120 56 69 134 159 60 167 99 200 193 89 79 142 148 56 77 52 95 62 164 127 173 98 170 172 152 181 195 136 82 171 124 112 179 158 184 57 52 164 72 159 186 138 96 134 180 68 92 156 123 90 181 189 147 71 119 191 115 187 102 164 95 79 94 142 143 104 67 150 158 115 176 109 200 60 101 171 100
110 69 0 114 74 167 169 112 156 52 193 134 115 72 153 72 145 87 76 54 131 166 55 134 102 166 189 185 168 183 83 162 123 189 109 96 151 195 67 161 54 127 108 64 87 198 148 86 82 147 150 77 172 173 127 187 57 72 55 160 89 57 188 65 102 56 155 88 184 66 155 90 105 194 134 114 75 123 75 73 90 111 133 137 100 127 58 69 136 82 172 176 193 128 103 153 128 153 143 191
107 125 83 0 138 64 194 171 72 51 84 145 160 161 60 148 51 102 54 169 102 131 138 188 81 140 93 181 102 138 51 186 169 196 72 68 106 182 100 137 89 81 175 157 91 200 182 140 68 147 164 162 164 199 173 91 160 171 164 188 63 93 167 108 98 197 128 83 95 68 182 87 76 77 177 141 155 57 99 127 101 130 121 83 197 61 153 150 176 76 78 99 199 127 191 126 64 178 189 84
76 113 126 159 0 178 58 174 162 91 88 103 88 66 157 162 73 148 135 110 135 63 91 115 112 183 173 117 53 110 119 136 121 200 139 121 98 197 136 133 164 111 66 142 116 189 108 55 130 89 132 173 71 62 116 65 118 187 108 64 137 63 110 94 89 132 129 165 92 91 100 192 180 88 82 122 160 194 110 109 68 125 150 143 55 90 128 182 142 55 118 154 59 183 190 102 114 60 171 100
56 124 77 114 146 0 60 119 67 96 107 91 194 151 168 74 189 159 162 80 187 195 54 195 171 161 79 166 120 101 64 177 86 74 64 53 55 96 53 125 80 188 97 89 139 184 63 118 136 119 94 178 120 129 103 119 63 102 119 83 152 65 117 121 124 168 172 186 190 84 83 100 152 103 154 155 62 110 110 170 150 117 200 167 179 199 51 127 198 65 155 135 58 52 166 146 62 87 81 114
133 143 112 117 175 53 0 131 51 175 183 164 64 105 115 190 97 140 73 156 73 152 169 116 152 194 91 69 154 84 162 88 137 68 174 52 90 117 78 145 187 106 110 122 65 54 169 133 163 104 50 92 55 176 188 136 184 112 181 135 125 50 70 130 60 184 86 56 178 176 157 165 67 142 63 146 144 130 166 142 172 168 134 174 119 200 66 147 191 164 157 167 94 51 80 134 172 73 112 88
69 151 84 129 179 50 189 0 107 91 53 200 58 99 145 92 187 96 86 108 98 195 155 60 65 161 200 56 184 158 66 95 128 52 56 180 167 60 169 138 126 171 117 165 177 131 107 146 145 72 100 138 101 172 58 151 103 146 62 98 74 65 76 96 123 64 54 181 153 79 52 94 177 197 138 60 159 69 58 119 81 158 170 170 72 100 161 72 103 193 107 192 186 113 90 64 92 120 155 179
73 188 121 124 103 158 71 56 0 86 101 170 157 121 143 78 183 160 119 80 195 192 85 189 128 165 130 55 57 88 167 132 156 154 71 104 51 126 69 92 91 142 174 155 197 186 50 111 62 168 106 127 101 148 155 194 68 106 125 195 103 177 57 193 131 127 140 112 187 106 79 163 148 67 94 83 135 165 193 69 119 110 94 187 132 101 177 117 60 51 123 109 101 72 177 58 94 53 180 119
125 114 103 165 69 105 109 104 104 0 192 166 71 52 188 99 74 56 102 147 65 91 74 102 185 123 74 51 158 198 189 178 150 163 167 105 195 120 192 150 59 106 61 173 193 177 63 152 114 151 82 137 101 65 195 95 72 175 124 135 131 78 163 143 71 80 115 106 67 69 200 174 175 164 99 189 118 171 92 85 105 67 138 122 87 115 169 57 72 51 149 147 85 167 184 80 53 72 149 86
118 56 195 174 72 127 112 158 197 178 0 111 188 199 169 120 128 104 109 90 113 161 170 163 131 113 183 84 191 107 146 55 90 74 134 157 136 137 159 117 94 151 109 53 191 74 121 63 175 110 85 182 151 51 145 150 196 123 171 101 118 84 119 151 134 71 167 69 147 130 61 125 168 139 172 168 179 128 116 164 122 141 59 139 137 155 96 168 122 79 124 111 56 53 198 153 169 63 123 56
119 144 51 193 73 157 138 153 126 135 148 0 155 73 69 89 119 96 109 93 58 70 183 144 129 167 73 153 146 175 73 55 104 113 188 57 124 146 151 53 200 103 96 123 171 122 66 61 144 80 77 160 186 121 174 164 199 121 96 107 106 92 121 156 168 59 58 140 123 103 78 91 158 120 199 118 171 60 129 119 166 95 136 143 176 150 121 200 90 149 140 115 66 171 65 148 137 200 75 56
157 157 162 79 186 145 83 137 62 124 163 185 0 63 58 124 79 140 116 73 72 198 143 100 62 51 148 108 52 80 110 58 102 194 168 78 117 118 151 91 169 195 104 100 117 68 93 64 141 200 166 169 79 149 129 66 175 61 118 109 74 177 177 61 199 173 129 179 77 129 146 137 195 179 184 62 167 143 199 79 89 52 154 133 95 178 188 61 53 165 120 82 190 113 182 74 195 68 155 166
50 187 144 60 110 148 160 66 119 50 62 150 150 0 95 175 58 157 152 185 162 66 160 156 179 164 86 133 193 190 87 91 156 70 108 83 132 170 199 155 108 176 170 180 138 95 186 185 103 116 132 161 70 106 93 100 152 172 154 146 95 145 169 171 136 191 120 197 125 200 132 77 73 56 146 124 76 152 198 141 198 145 144 180 103 51 90 140 53 61 66 90 151 141 134 76 193 158 70 130
188 94 88 160 174 178 76 138 152 133 136 96 90 179 0 150 73 191 52 78 72 184 60 186 142 179 142 144 52 77 160 180 130 59 59 102 97 55 111 148 145 102 122 86 97 135 53 146 139 76 124 167 169 95 161 191 163 105 55 139 148 168 78 60 148 127 108 99 77 115 156 70 95 150 184 82 104 114 62 162 64 192 67 143 190 184 74 78 171 74 186 155 65 109 179 157 84 135 74 132
183 193 158 108 178 78 123 130 74 50 135 124 81 76 194 0 51 99 127 179 66 121 142 161 83 133 108 99 190 147 153 95 68 88 90 182 144 65 89 81 180 167 175 105 116 121 111 63 98 62 136 151 90 68 77 60 195 55 106 193 169 61 165 52 55 198 70 50 191 144 137 67 167 190 104 132 170 63 171 173 198 163 194 188 96 184 174 63 175 123 54 135 66 109 55 61 128 183 161 128
65 54 107 120 193 98 183 120 188 129 53 95 106 188 168 105 0 162 118 192 105 149 85 53 162 112 75 75 186 64 191 164 115 154 74 176 57 126 178 186 110 162 167 68 196 152 189 200 132 56 123 89 137 137 80 102 117 147 61 150 178 146 106 99 175 170 109 175 105 184 148 188 175 176 125 102 167 96 159 115 128 190 153 136 189 109 175 159 137 102 191 148 59 128 192 171 109 153 150 152
162 140 159 58 129 137 178 95 71 141 161 96 193 200 55 147 181 0 61 101 167 196 131 161 153 66 117 141 113 106 117 193 131 71 192 196 119 189 189 141 168 163 119 135 51 58 114 87 159 56 191 76 54 92 61 143 151 88 71 62 132 142 112 152 61 126 84 123 153 188 165 173 101 60 135 135 121 124 181 123 51 187 167 127 108 81 154 103 105 177 173 128 106 134 148 70 92 95 108 99
135 168 169 61 109 180 50 103 184 129 119 155 185 148 94 152 97 111 0 65 92 135 119 155 200 116 160 190 67 98 140 144 84 156 60 184 85 180 196 152 174 169 77 157 73 123 64 96 118 102 72 180 79 98 121 183 179 175 53 130 119 153 119 132 194 62 150 69 87 187 94 99 118 181 102 172 160 61 98 131 190 186 155 156 149 187 94 175 156 86 90 63 154 89 95 119 105 83 130 73
123 172 175 79 55 143 142 97 74 123 198 143 75 96 95 56 182 146 90 0 121 141 54 159 126 83 167 60 100 76 105 147 102 68 186 149 106 187 87 161 136 75 120 79 152 165 77 166 57 162 123 58 67 53 189 187 77 70 132 178 161 113 50 122 153 89 111 146 82 199 87 172 187 199 50 178 102 52 177 120 60 60 131 186 191 106 76 61 119 147 80 52 127 57 55 71 87 121 186 80
53 153 132 57 164 197 76 177 66 156 148 143 174 87 54 85 144 147 65 120 0 166 196 84 57 75 68 113 157 199 167 167 189 159 178 158 189 98 164 83 162 105 74 100 107 156 149 164 108 158 184 99 59 95 93 189 99 150 155 184 79 70 199 83 65 81 130 145 165 63 164 183 89 108 184 54 79 158 164 184 121 102 166 97 122 180 158 73 193 141 86 82 171 130 154 86 139 167 74 145
147 181 87 64 178 91 104 161 88 66 144 74 82 196 86 62 183 179 174 140 81 0 171 155 50 140 175 105 64 117 63 163 186 50 174 74 198 190 92 193 93 125 61 113 68 133 57 139 187 75 55 179 116 98 88 195 116 165 70 81 196 162 148 70 162 82 105 91 135 150 163 53 99 91 110 62 57 181 108 153 132 59 186 137 161 150 88 112 189 188 96 170 158 127 156 98 135 191 176 54
88 171 121 149 54 57 199 54 59 97 197 124 130 112 52 141 197 108 147 156 116 132 0 139 137 126 103 188 113 150 104 140 178 166 52 54 183 171 99 97 185 170 87 133 58 193 99 152 76 107 76 55 104 113 173 146 196 87 56 100 160 149 83 200 71 141 73 149 163 89 178 111 94 163 88 71 190 178 68 109 147 57 72 110 147 109 88 181 117 152 178 154 193 94 161 136 110 144 77 199
193 113 97 185 64 177 169 137 54 77 136 174 122 90 115 91 129 154 109 178 176 134 182 0 156 126 102 128 200 172 125 172 92 183 75 192 175 81 142 116 131 63 168 165 69 159 177 154 54 52 185 95 68 111 155 166 176 169 128 111 95 99 119 74 58 121 91 106 171 133 149 180 154 161 200 54 174 131 159 114 165 183 136 123 56 54 181 200 119 200 92 172 200 89 118 75 158 107 192 112
86 112 112 178 57 158 175 185 54 185 63 125 74 146 104 199 84 133 105 126 152 93 144 189 0 91 198 198 137 61 59 75 122 75 109 138 169 63 118 64 188 79 183 132 146 122 103 70 145 152 114 68 179 126 97 179 113 184 183 72 161 114 135 147 119 53 149 64 66 153 52 66 74 130 131 200 195 105 172 184 74 178 156 87 179 171 146 75 167 52 69 182 154 192 129 87 90 160 181 106
189 146 73 167 194 187 152 144 81 74 136 99 82 131 126 191 148 163 110 63 131 122 104 64 139 0 62 100 150 131 74 155 82 66 72 71 196 136 159 123 171 108 94 126 78 179 179 84 73 118 166 156 197 110 104 150 154 81 138 64 61 163 147 131 88 96 137 123 130 143 122 72 110 178 134 121 185 82 135 73 123 147 86 51 96 109 137 61 146 198 55 155 95 178 185 157 173 152 67 174
151 87 92 59 148 105 59 91 57 128 184 144 142 73 125 57 92 160 82 94 52 168 140 183 98 141 0 200 155 54 151 139 148 126 189 65 194 131 65 54 51 128 181 158 192 169 172 133 116 165 104 116 180 199 123 176 54 122 88 196 167 75 104 81 113 158 51 111 172 130 68 124 139 103 81 129 111 146 58 60 90 143 106 86 78 146 172 88 166 127 163 60 182 124 200 67 74 159 114 199
97 122 139 157 76 61 143 151 175 54 121 55 105 141 112 56 91 126 175 121 123 102 127 70 57 163 57 0 63 52 101 163 166 196 128 180 107 140 94 168 125 82 150 140 91 130 98 53 81 77 59 67 149 155 200 182 132 92 88 134 78 140 180 70 197 85 66 183 182 104 192 136 85 94 151 168 135 162 191 151 95 165 106 130 97 172 97 52 105 133 70 111 172 127 161 86 143 130 143 52
142 93 86 114 104 127 97 144 119 179 125 173 115 151 127 104 156 79 84 55 63 55 179 71 120 176 87 66 0 184 141 119 132 64 80 63 122 134 160 95 69 133 112 94 187 72 157 78 192 152 141 145 66 138 104 95 111 192 199 100 169 118 185 163 96 151 181 130 147 80 152 73 90 95 111 127 144 200 151 173 70 87 139 86 60 140 67 185 173 122 112 127 166 107 68 129 108 146 183 197
156 99 73 115 164 102 192 173 53 111 179 186 117 143 94 146 75 102 112 102 158 121 184 177 102 133 74 73 114 0 54 191 177 164 60 126 87 175 193 142 84 94 73 89 148 148 177 120 189 159 118 55 168 190 70 121 54 102 97 126 191 91 126 55 196 56 121 105 58 163 130 119 143 120 140 160 109 122 93 78 176 86 57 136 131 169 126 197 107 142 106 176 131 167 84 156 170 151 194 53
79 185 60 77 114 51 197 181 64 180 90 101 69 177 132 115 163 138 193 73 103 104 177 182 166 95 77 130 143 127 0 79 145 63 52 65 151 70 62 95 129 97 137 149 129 164 50 161 132 132 173 139 158 63 54 162 69 93 144 191 131 51 190 139 125 82 178 59 79 107 117 140 148 95 123 139 123 142 190 100 195 173 169 188 199 63 183 101 155 197 198 191 58 180 167 123 92 131 177 176
138 152 184 68 107 129 177 64 70 106 171 135 99 170 189 57 93 91 194 177 60 131 66 174 137 138 103 190 106 61 143 0 108 73 160 154 76 90 50 182 105 61 182 100 155 61 67 89 131 174 101 197 168 87 135 90 65 161 152 184 127 186 148 94 86 67 99 161 90 194 126 191 143 80 171 174 87 88 141 66 135 108 53 192 180 95 149 112 178 69 134 182 150 101 130 137 158 115 182 185
78 105 189 139 159 197 59 116 77 112 182 69 58 159 172 87 85 130 102 102 164 101 110 189 106 103 176 192 108 104 99 53 0 186 87 101 155 55 121 151 96 174 100 174 115 124 143 58 123 75 52 171 61 186 145 52 76 116 137 135 73 95 65 81 65 98 122 90 103 163 129 143 138 69 189 181 189 131 90 53 135 158 178 135 77 137 82 151 131 163 130 75 152 167 163 124 134 110 51 167
94 93 59 177 155 82 54 193 129 123 165 66 127 151 158 106 174 165 65 135 168 183 152 111 131 121 166 61 140 109 119 94 150 0 98 84 128 136 54 75 97 200 79 182 171 92 76 156 125 163 91 159 117 75 190 126 59 143 58 154 152 180 165 143 137 157 58 50 78 132 175 104 127 145 195 189 96 173 166 128 110 115 105 161 83 54 129 84 142 121 112 133 97 185 147 112 86 190 200 142
187 85 119 175 120 135 83 86 72 130 161 128 128 171 133 155 166 62 67 103 65 97 120 131 162 110 135 113 176 146 184 137 56 70 0 73 50 78 96 112 165 200 154 108 83 139 199 159 62 109 95 50 149 97 60 177 163 75 73 172 158 127 142 121 169 176 84 94 121 186 175 166 196 86 192 64 145 175 179 67 83 92 93 79 159 89 51 158 64 88 122 93 162 172 175 170 136 68 185 58
63 54 174 67 56 193 56 117 100 185 115 107 85 161 83 199 104 76 150 100 170 92 92 107 57 52 159 115 85 53 67 124 148 103 193 0 197 156 125 191 117 155 182 75 58 75 75 132 62 173 94 123 109 125 127 155 185 190 169 169 130 69 121 199 89 144 160 162 78 142 71 58 185 79 74 54 167 83 71 64 115 183 87 165 165 111 76 145 192 112 56 53 157 76 190 168 98 135 198 188
52 83 112 78 151 101 123 65 56 86 146 71 125 192 62 65 188 116 92 180 135 82 53 132 163 104 112 93 139 158 117 183 78 128 200 134 0 122 128 126 177 112 184 131 182 89 100 163 177 175 131 84 83 101 138 87 158 106 162 127 143 88 88 169 104 164 116 79 90 50 118 193 68 115 185 102 121 62 85 51 182 90 88 122 111 171 105 183 103 124 112 134 150 160 136 196 138 80 115 139
117 79 99 70 193 168 180 95 71 200 120 140 161 135 65 166 102 63 67 79 99 137 192 117 170 101 110 53 155 162 74 137 77 184 150 89 131 0 184 82 50 197 98 174 146 57 82 93 154 114 157 121 60 126 118 182 51 129 142 79 189 94 192 80 62 178 148 103 91 127 149 186 165 106 200 189 169 133 116 70 110 108 127 76 196 193 164 159 165 87 65 102 140 144 101 143 123 90 131 117
103 147 58 141 151 166 172 126 139 178 141 104 169 52 112 112 85 172 58 91 149 166 185 145 183 101 114 169 59 71 129 195 175 148 84 181 128 114 0 200 151 187 137 84 69 71 129 151 131 76 157 156 129 89 193 81 75 172 77 182 131 78 101 124 166 95 138 85 54 81 99 173 118 129 121 121 192 189 193 65 58 200 135 180 175 76 54 73 197 80 111 64 126 164 146 97 132 153 69 95
117 197 134 79 161 167 75 185 92 54 174 147 97 88 120 73 83 78 127 147 193 96 104 150 70 124 91 186 101 186 101 192 195 87 84 63 86 76 141 0 165 156 165 187 169 81 140 52 136 189 69 165 157 182 95 85 149 104 50 192 108 141 104 136 130 100 168 83 102 92 110 61 109 152 91 101 91 153 161 144 79 160 196 133 69 129 56 197 68 190 102 112 60 90 177 173 168 55 132 64
170 156 146 110 177 71 181 101 96 79 64 66 82 61 179 60 80 64 61 181 94 143 52 115 96 138 172 174 116 164 74 157 121 62 113 93 196 147 178 190 0 86 96 96 103 199 193 166 83 113 127 135 89 174 89 73 131 76 147 108 139 145 83 142 125 133 66 181 149 90 66 125 196 157 109 103 172 141 80 157 151 69 64 162 118 112 70 182 65 194 102 151 70 141 82 146 61 161 177 53
199 130 89 86 101 98 151 195 131 160 133 166 97 158 103 128 160 121 128 184 132 57 97 185 135 144 71 91 82 184 99 138 95 147 128 107 88 57 69 144 109 0 94 155 76 90 186 187 51 164 77 164 163 178 139 129 114 105 144 59 79 196 139 175 170 64 122 176 68 165 160 105 160 196 82 147 152 62 76 115 145 120 173 96 88 158 96 122 58 190 160 197 98 70 62 112 158 113 165 138
50 56 144 111 131 142 127 68 75 173 61 156 74 181 195 190 196 179 167 147 74 105 67 61 95 93 50 125 108 168 190 182 185 121 73 187 135 146 145 124 80 136 0 106 188 93 199 138 173 137 89 78 157 67 72 152 192 173 137 88 72 142 87 156 76 67 77 85 67 118 193 59 184 172 113 78 131 141 123 83 141 67 68 153 77 126 95 98 66 164 149 132 178 181 200 130 143 168 189 199
51 86 89 148 82 163 84 148 179 83 176 79 105 85 174 155 138 174 173 78 109 145 178 53 200 113 151 167 104 125 64 184 153 65 81 120 80 116 104 58 63 120 179 0 183 160 131 200 120 149 101 87 166 173 77 168 189 179 150 148 110 73 105 196 140 178 157 95 146 140 174 164 135 71 67 53 191 58 68 133 151 171 180 142 57 122 162 177 155 115 184 128 153 197 61 192 190 92 127 91
167 129 194 104 198 176 200 156 144 155 144 116 155 54 108 140 107 189 97 69 134 94 100 154 95 166 150 139 65 191 198 104 188 153 68 154 140 187 173 144 140 60 175 72 0 129 104 176 136 152 162 111 159 118 140 82 118 163 55 172 151 112 195 152 89 107 113 172 103 103 99 62 77 116 87 58 139 147 120 132 155 144 181 163 133 176 173 141 138 157 117 157 168 132 71 110 143 97 171 164
146 147 78 80 180 166 52 179 75 53 78 112 83 103 163 110 128 50 125 113 100 143 146 59 190 98 106 186 125 199 156 101 165 177 133 137 54 50 171 71 153 159 92 79 94 0 75 69 158 74 62 176 93 120 72 158 159 148 181 133 150 127 189 186 66 174 190 66 142 71 151 75 104 61 139 174 146 130 193 124 103 130 60 66 157 186 125 119 69 64 163 100 67 172 78 75 94 152 147 64
113 53 95 195 51 161 106 97 57 185 83 78 79 153 116 135 159 149 162 159 141 172 164 117 126 149 153 126 105 193 87 150 127 76 84 75 161 148 102 143 187 145 110 163 128 113 0 149 167 152 139 156 177 56 196 84 119 122 106 60 184 83 104 195 130 54 98 91 123 83 165 64 125 193 165 195 197 115 50 54 52 150 153 128 51 75 158 95 152 67 84 67 175 69 160 186 76 176 146 164
152 54 145 179 132 110 138 121 123 107 171 195 121 50 171 103 73 132 196 117 79 111 180 139 125 121 152 145 126 151 132 74 121 64 72 180 85 89 66 106 79 105 89 136 78 155 123 0 100 91 83 196 96 103 132 84 96 97 191 195 55 153 96 103 69 165 149 84 140 67 96 158 159 67 135 126 114 171 133 165 109 184 147 187 191 188 63 152 131 76 51 121 79 99 88 182 92 64 175 92
150 67 175 196 194 181 111 92 84 107 95 166 123 106 187 144 106 70 190 87 82 144 58 100 54 145 114 161 50 129 98 134 61 134 89 124 114 76 179 98 79 86 97 135 54 199 196 165 0 147 95 146 196 86 149 125 82 124 147 170 123 61 117 172 122 55 148 173 84 184 177 163 94 147 107 142 75 192 112 136 170 59 106 152 70 75 79 159 189 125 86 83 172 88 124 103 146 80 125 188
93 175 184 118 77 68 167 107 147 182 51 132 145 130 111 51 158 107 111 177 98 187 121 172 62 119 87 64 167 180 142 161 92 75 125 161 136 196 82 163 83 72 82 83 127 69 136 192 169 0 161 125 58 151 130 180 194 93 196 189 118 179 128 171 191 139 195 75 194 177 87 168 193 172 168 107 66 147 140 103 73 167 168 173 122 150 171 198 57 63 152 174 72 168 58 140 112 145 197 172
60 171 76 90 99 168 184 100 66 53 106 91 195 96 170 87 190 187 168 149 137 128 62 52 175 146 103 191 196 110 64 92 124 160 83 93 189 92 122 106 79 83 197 155 163 170 67 168 82 133 0 143 105 86 77 154 110 118 86 88 94 199 101 168 106 133 176 120 70 109 183 103 101 156 181 164 117 133 122 181 139 189 104 87 84 127 147 63 185 141 72 115 193 69 57 137 80 157 173 144
198 78 93 68 151 181 198 104 154 163 54 191 72 200 197 186 199 184 131 165 186 54 66 200 120 149 95 111 156 87 175 104 123 176 168 124 190 107 198 174 127 189 188 77 122 66 144 176 85 158 68 0 188 76 56 195 139 118 100 59 57 70 73 100 121 68 119 165 183 81 157 69 176 147 174 108 151 195 113 159 194 144 60 77 110 169 189 107 103 89 100 139 94 135 157 59 118 95 51 175
83 91 193 178 81 99 190 167 113 195 179 96 184 123 177 108 52 137 141 167 124 112 172 163 148 198 53 141 91 109 172 154 143 130 126 141 181 113 60 198 159 69 110 72 119 160 154 68 156 173 150 104 0 196 101 147 103 151 182 113 158 93 184 163 132 172 147 72 138 139 59 73 142 187 53 51 102 57 148 142 61 182 96 192 107 159 88 116 84 62 62 178 136 137 85 85 164 148 62 172
186 96 97 160 65 153 91 93 51 121 136 54 200 116 127 151 54 151 148 132 157 195 84 118 115 52 128 176 188 155 104 127 184 64 94 180 182 142 103 119 74 109 174 121 135 146 103 132 51 55 112 60 91 0 58 66 197 130 99 84 104 146 79 122 105 143 104 54 115 108 151 83 80 86 194 147 199 151 143 56 122 175 103 116 67 163 173 181 189 132 189 154 109 53 154 169 160 82 94 54
138 185 105 187 134 84 160 60 137 147 183 73 195 61 156 56 165 121 66 90 157 190 81 147 77 190 186 138 118 161 56 176 112 73 69 172 168 54 128 198 130 178 123 199 190 88 161 63 156 145 189 196 79 96 0 104 164 73 173 108 125 132 75 100 74 177 129 151 195 199 182 198 87 93 82 75 120 80 164 54 198 151 98 198 178 150 98 162 99 66 138 166 108 107 68 171 135 75 124 159
196 119 196 75 96 62 66 147 162 79 122 137 52 111 183 175 85 167 116 121 174 53 171 163 122 154 103 104 114 120 107 69 73 147 91 55 87 120 77 80 66 70 168 193 144 189 100 74 155 115 194 90 127 109 119 0 161 187 110 195 164 79 70 172 185 91 135 69 85 83 91 129 139 83 196 77 53 193 82 174 122 187 121 135 83 179 148 199 137 141 190 147 156 148 106 126 106 107 52 166
196 118 147 163 169 110 95 189 98 97 97 98 123 158 185 186 140 186 158 108 163 108 106 61 180 142 131 80 163 62 150 169 147 117 130 130 183 132 170 55 81 86 182 62 127 115 125 93 107 174 123 181 182 185 146 68 0 198 107 81 149 124 95 125 100 127 190 96 98 65 154 158 163 193 55 97 170 103 101 115 84 155 135 94 197 59 109 83 157 90 176 115 51 137 155 94 141 104 146 177
152 81 185 98 176 98 180 68 81 77 106 108 163 113 179 148 100 128 160 94 84 121 173 185 124 106 71 164 138 132 62 119 137 104 86 170 134 106 188 61 73 63 143 55 190 150 145 146 67 63 126 98 73 148 77 65 146 0 158 170 50 86 163 146 56 167 118 93 139 158 156 179 50 139 129 135 189 163 185 93 162 111 160 96 96 72 141 80 57 138 175 121 130 73 57 172 188 67 145 87
83 119 132 77 153 148 83 185 71 81 183 65 155 147 142 194 192 50 104 87 128 63 119 118 193 150 148 118 130 164 198 80 179 126 106 167 123 142 94 74 145 190 53 178 184 56 123 160 178 99 146 92 189 146 125 159 67 120 0 50 75 55 136 150 111 154 116 138 66 171 153 86 153 154 159 66 192 112 143 105 56 113 57 87 146 60 131 139 78 184 115 186 69 105 91 179 144 195 67 118
82 141 80 95 111 170 173 149 197 100 182 187 135 114 144 156 184 83 101 196 143 143 174 87 128 162 52 103 50 76 127 169 105 50 156 101 164 84 82 61 185 86 200 159 168 158 184 166 129 117 89 164 170 70 196 50 191 143 80 0 74 54 126 103 172 154 83 122 167 95 74 133 106 183 148 117 157 158 129 79 105 165 103 70 154 156 123 102 180 79 168 200 141 90 178 105 141 57 139 57
136 162 142 142 147 52 55 106 172 99 159 128 179 123 86 78 82 99 79 194 94 130 119 89 77 194 113 111 178 166 158 102 174 65 156 118 159 122 83 85 119 125 52 189 119 157 177 71 144 80 191 150 112 140 162 82 178 73 106 50 0 188 154 170 156 117 113 175 152 130 77 88 143 150 118 190 103 94 64 196 96 181 67 52 62 179 142 58 161 72 156 186 128 85 65 91 187 161 114 144
52 158 74 70 170 190 65 56 151 70 57 97 108 131 74 62 93 60 101 87 79 150 152 94 106 129 59 120 64 135 110 125 192 122 141 71 163 188 131 199 61 102 110 192 63 178 136 51 78 120 196 93 99 108 81 96 89 72 98 90 107 0 94 180 132 100 176 72 172 123 109 193 52 191 158 134 65 151 117 189 177 95 119 93 123 108 166 74 116 80 66 137 174 179 97 131 149 57 133 94
100 154 138 89 183 107 118 66 164 108 142 125 121 147 110 181 54 188 182 180 56 85 69 176 139 89 172 89 164 150 69 162 117 117 113 116 129 63 200 164 129 164 106 168 185 131 83 170 151 162 176 134 61 153 171 103 57 74 154 56 54 110 0 154 95 90 60 121 178 148 192 103 101 171 69 72 194 76 178 72 101 167 82 144 183 191 102 79 199 139 145 116 160 171 133 124 167 70 126 118
98 169 194 119 57 136 160 100 112 90 78 169 200 95 78 55 105 68 159 167 148 125 125 118 79 181 111 134 183 151 114 128 160 186 161 139 152 120 110 175 102 155 195 98 126 140 142 177 138 197 56 190 146 192 191 91 157 175 192 132 161 100 111 0 119 105 93 117 113 153 101 166 182 162 159 92 193 105 175 157 191 105 125 55 99 185 96 61 66 98 124 190 179 117 139 53 132 97 175 112
165 150 172 63 191 117 125 63 165 155 153 99 175 93 183 57 162 112 188 104 91 61 118 132 100 114 149 125 154 180 97 184 196 194 180 54 131 125 123 199 155 168 82 113 56 170 59 82 197 57 113 143 131 164 98 184 85 185 59 70 191 112 174 132 0 60 175 76 64 160 78 131 198 193 81 99 137 71 179 51 109 108 90 70 143 75 140 99 167 77 175 155 68 65 102 62 175 59 185 54
104 50 192 175 173 167 63 115 148 191 86 169 199 85 193 118 81 85 145 146 168 141 127 108 65 135 165 87 200 52 171 129 81 121 180 194 92 168 78 192 50 198 184 80 165 146 200 101 150 156 182 78 167 161 106 178 59 143 183 127 150 81 113 103 107 0 69 80 115 122 129 200 70 69 80 56 107 150 172 53 125 52 76 54 134 69 143 164 126 142 175 196 137 59 119 71 132 69 159 73
75 195 124 199 64 157 177 142 122 180 200 152 94 75 104 132 56 182 188 195 163 195 76 177 150 169 151 80 179 185 157 57 174 188 63 93 146 152 57 68 66 176 81 90 175 98 67 134 93 175 116 60 152 117 71 144 165 97 140 154 148 180 142 66 197 173 0 118 181 124 80 75 102 175 162 180 138 124 128 133 125 119 178 118 146 141 139 135 149 131 70 155 165 122 146 128 125 165 183 120
187 124 84 121 170 146 137 106 155 66 143 112 55 69 98 154 146 70 122 193 115 56 59 146 178 50 124 165 75 90 123 99 79 69 69 123 64 81 184 126 98 175 171 83 168 198 101 200 159 181 177 103 77 98 55 111 60 120 192 173 152 190 78 139 65 166 124 0 88 120 104 143 113 127 173 114 91 95 114 86 172 192 164 173 113 142 102 189 70 133 138 109 127 131 55 172 63 178 125 82
120 102 143 123 81 132 140 158 107 128 137 165 107 94 121 143 85 155 178 149 55 55 69 79 154 149 142 150 174 133 161 59 132 149 197 152 50 153 106 193 107 61 113 60 130 134 180 55 95 104 182 126 86 56 161 127 160 114 143 165 193 106 85 83 98 165 66 164 0 112 197 77 152 54 131 131 168 154 193 116 57 171 109 181 74 138 190 177 144 126 87 76 116 61 88 78 161 128 98 153
171 153 58 119 154 70 123 181 156 142 100 59 100 98 188 112 188 134 89 130 196 74 110 181 57 146 159 72 141 176 164 141 156 79 134 164 66 78 118 166 88 127 150 53 79 134 105 52 76 198 68 180 145 70 92 160 70 131 195 179 157 116 59 147 170 121 71 112 103 0 60 111 179 181 196 110 190 198 140 78 90 71 172 169 115 173 67 120 86 143 194 93 116 51 181 60 135 99 100 55
142 161 151 114 170 155 95 74 200 88 103 200 73 143 70 115 78 61 140 68 190 63 168 85 111 104 181 126 188 58 165 175 112 136 153 89 56 77 78 195 197 159 163 175 102 140 77 107 103 85 57 196 151 185 132 117 86 93 159 118 74 127 118 71 60 175 185 167 123 112 0 117 60 75 97 80 186 81 67 125 116 111 91 171 63 110 65 86 167 143 165 142 133 190 121 129 182 93 122 172
153 75 85 121 134 53 86 120 159 188 183 164 96 101 84 87 126 199 151 115 184 198 77 112 54 136 53 170 137 119 62 93 76 106 80 143 51 78 140 164 198 200 90 73 50 145 138 133 119 52 66 98 93 185 74 192 157 144 117 187 198 132 115 183 76 60 92 190 51 168 69 0 91 66 111 92 190 142 77 188 175 65 134 194 183 81 104 83 64 164 76 151 145 68 178 95 89 61 200 196
151 75 121 130 118 171 58 144 101 74 81 174 55 129 168 191 152 197 143 178 177 106 154 122 182 106 72 166 58 68 95 87 124 102 80 79 118 183 80 128 176 184 59 113 163 153 74 147 157 108 134 95 111 97 156 92 58 104 136 106 80 120 148 193 159 152 62 136 120 149 149 186 0 104 69 173 196 109 189 72 141 60 122 139 181 197 52 178 141 106 87 155 55 169 177 179 143 159 185 165
157 125 174 164 73 80 181 64 166 162 175 88 101 65 141 64 124 57 72 109 185 179 170 168 106 197 149 77 188 168 198 169 159 172 83 178 172 137 88 155 197 136 57 150 198 153 60 177 151 70 169 150 183 52 172 165 137 200 195 130 134 183 156 99 150 148 111 64 61 189 157 195 199 0 73 153 83 137 129 114 178 65 130 65 145 51 169 68 111 79 84 182 125 88 106 168 178 148 53 53
63 122 181 111 188 55 152 162 193 104 76 102 146 116 70 77 91 55 194 193 58 176 98 151 136 98 185 61 160 183 172 129 81 198 142 149 122 133 79 165 151 181 76 82 94 153 151 53 131 55 68 182 102 181 73 196 114 72 112 164 51 167 151 155 111 118 143 81 93 160 71 100 92 54 0 167 191 116 56 123 122 157 187 148 94 74 166 81 53 182 79 69 88 87 73 172 144 149 157 163
175 160 102 139 175 131 156 123 177 120 173 123 169 128 117 98 147 168 133 96 189 85 179 127 134 185 140 118 158 169 177 127 104 87 66 152 64 136 194 174 131 124 140 118 155 194 144 195 107 87 59 112 163 52 68 171 190 128 140 135 106 107 114 88 152 77 90 66 60 126 106 76 150 193 140 0 50 187 115 198 106 125 104 193 70 124 114 112 111 146 164 106 92 108 101 72 163 135 167 118
80 192 98 193 193 174 159 95 88 73 108 112 200 59 160 137 144 190 107 132 174 119 62 118 105 155 71 156 63 119 122 161 63 189 120 87 159 183 67 92 122 145 80 106 126 55 116 55 168 197 135 58 105 120 57 136 113 61 152 122 200 95 86 135 63 135 75 63 189 193 65 82 195 141 192 158 0 111 111 181 143 138 115 173 111 138 121 159 169 150 195 170 91 101 61 103 194 183 186 104
68 96 192 195 95 138 79 70 179 129 82 123 172 69 162 158 105 111 72 109 99 154 151 189 99 74 131 165 100 55 70 181 66 116 152 64 123 69 74 77 63 66 54 50 88 52 67 142 155 172 116 103 94 195 92 178 54 112 200 84 170 105 147 85 76 60 114 69 160 187 76 186 169 136 167 73 59 0 136 110 133 104 50 165 162 170 197 80 76 157 187 179 199 50 80 134 52 75 101 170
188 168 98 198 116 161 144 181 189 110 180 104 171 70 167 129 53 86 94 185 199 191 189 90 159 93 113 110 129 96 160 190 122 65 191 76 114 184 75 135 101 54 189 132 190 60 104 142 86 70 107 154 60 191 75 118 117 57 195 97 87 117 135 119 198 154 197 64 148 146 180 146 134 64 108 50 140 144 0 137 142 150 56 160 159 122 189 199 66 195 151 119 132 53 156 51 63 138 59 137
188 128 103 161 122 78 200 121 197 118 161 178 58 163 118 167 181 108 78 61 148 184 129 66 137 178 157 121 117 90 173 66 145 69 66 81 128 166 113 128 53 197 114 114 76 130 91 82 170 69 144 132 192 188 157 154 122 65 76 174 69 58 160 167 128 189 156 54 197 172 98 177 108 171 85 93 51 77 124 0 174 132 75 124 198 148 175 175 133 137 118 89 149 153 175 127 170 63 94 137
118 186 97 77 137 151 129 71 123 192 190 194 90 193 84 189 113 75 117 110 159 146 120 119 138 116 67 194 127 73 98 91 187 183 171 98 134 115 132 69 175 102 74 151 160 63 121 64 63 174 55 79 114 166 192 146 94 159 92 54 113 183 84 192 121 154 173 167 62 197 135 156 52 88 179 188 131 137 158 121 0 181 114 133 197 116 156 143 149 114 198 66 73 102 99 186 70 70 147 139
149 52 113 87 189 74 122 89 87 51 126 128 67 175 63 197 55 199 119 114 71 60 107 171 189 92 132 111 151 171 86 192 138 183 173 109 96 191 183 174 92 123 129 149 67 118 132 145 178 91 172 52 124 167 121 100 103 51 119 130 58 50 126 155 200 89 167 182 82 84 67 55 90 200 85 157 100 160 138 121 129 0 64 70 75 147 68 112 197 182 78 101 199 168 177 103 79 111 172 56
187 68 102 183 146 67 171 189 81 182 115 176 67 62 76 121 145 146 72 52 99 156 156 182 153 138 137 69 161 183 145 141 184 96 193 58 133 63 95 90 105 61 193 190 128 52 56 139 183 73 119 140 59 86 198 113 95 72 113 83 172 71 139 187 199 116 114 50 179 109 156 103 75 71 51 95 180 54 72 191 106 132 0 168 71 62 160 192 148 186 52 145 165 58 72 191 119 81 70 149
107 50 158 54 141 199 116 118 144 179 180 152 131 117 83 82 113 173 100 173 95 77 185 192 78 93 51 108 197 151 143 95 169 51 152 149 88 135 70 59 119 169 175 77 186 196 155 160 165 189 183 108 85 132 107 139 85 78 184 120 118 180 159 150 122 175 152 120 116 188 97 164 60 79 112 75 150 139 82 155 157 132 152 0 103 158 165 98 195 167 150 141 190 200 127 160 131 157 162 109
63 155 187 86 150 112 162 135 133 70 190 122 176 51 185 70 79 184 74 95 51 181 85 102 147 57 139 177 54 167 125 187 63 85 124 158 152 72 63 82 82 177 81 92 102 131 96 79 86 94 171 110 85 187 70 51 84 92 169 143 54 111 168 80 174 104 50 121 118 98 54 57 76 94 162 197 142 90 187 167 134 186 199 51 0 191 123 114 198 53 98 148 179 77 105 89 180 78 88 138
108 80 186 131 134 126 60 106 138 123 171 96 170 181 184 154 108 67 54 158 150 102 135 57 99 197 158 59 70 125 165 145 183 99 105 178 182 94 95 126 141 50 138 186 100 113 107 112 87 122 132 95 148 90 114 104 84 100 103 94 99 171 113 153 52 99 71 173 113 133 85 149 180 93 196 137 75 77 140 128 60 160 169 189 112 0 93 90 125 110 139 61 106 189 188 54 161 106 138 115
57 91 104 104 80 135 63 194 84 110 162 156 55 89 190 70 89 117 180 189 142 102 101 148 183 128 192 195 179 180 52 190 92 118 74 195 178 97 55 142 132 71 113 189 179 106 66 120 178 109 181 65 72 150 129 91 163 174 89 188 101 79 52 123 76 67 180 128 120 189 97 143 165 130 179 138 106 95 50 188 67 142 123 158 130 147 0 196 152 194 147 74 199 73 121 91 91 81 127 101
52 110 121 129 72 160 89 180 137 68 147 172 119 191 81 134 98 177 52 65 195 161 84 180 76 135 90 166 91 78 189 166 78 185 160 198 138 83 136 90 162 176 169 130 96 177 164 140 91 160 79 120 131 63 106 101 94 110 99 75 102 152 88 153 65 107 131 154 191 197 104 92 105 176 192 55 183 122 165 144 67 74 162 153 188 166 143 0 184 89 103 100 55 168 96 134 199 147 113 51
127 167 120 99 113 65 67 69 138 182 124 66 58 150 70 83 123 152 59 148 100 190 142 100 133 50 56 51 145 54 123 60 150 63 69 95 200 62 119 114 195 118 97 145 56 174 165 95 50 150 118 152 60 63 189 71 166 73 87 117 132 123 162 154 82 89 103 90 156 120 95 135 121 197 82 68 69 165 98 188 74 147 116 175 90 188 169 52 0 57 110 51 151 122 65 172 135 192 140 139
120 85 110 165 183 73 153 51 78 154 179 173 121 194 52 151 142 189 58 91 117 90 99 93 127 97 56 155 199 62 74 88 165 118 197 77 193 132 179 166 67 106 94 178 128 125 97 136 56 168 200 102 96 108 162 66 156 148 145 102 105 155 91 108 175 186 54 111 133 139 152 50 73 77 95 175 137 96 92 114 192 120 88 82 166 137 90 175 99 0 126 88 68 186 80 148 100 155 138 55
103 193 111 200 139 186 55 179 65 144 146 63 158 96 125 144 161 188 73 55 129 193 183 182 76 117 79 55 172 198 57 163 61 133 117 151 181 163 110 60 163 166 88 136 117 161 148 152 182 171 192 101 141 51 165 53 99 180 109 67 185 136 50 128 197 52 82 184 198 82 113 90 131 150 107 158 138 85 143 66 50 140 172 94 135 169 152 86 175 98 0 139 84 144 95 78 158 200 165 140
136 75 112 91 186 118 183 68 104 73 149 139 173 115 53 133 182 134 151 92 181 165 197 67 189 54 184 134 53 72 69 75 178 164 100 115 157 143 89 179 182 119 119 94 170 80 73 119 170 174 64 133 123 63 126 68 120 169 180 138 170 58 152 69 139 75 50 84 106 108 98 64 80 165 114 105 53 152 110 62 98 111 159 115 84 54 67 72 133 75 99 0 68 170 112 187 63 106 160 52
139 96 76 172 97 153 70 163 66 181 88 178 52 123 122 187 116 146 144 198 193 112 147 81 192 185 181 159 118 154 82 151 162 130 113 178 156 124 135 97 99 107 62 156 68 185 94 77 123 161 134 133 66 90 91 73 82 198 85 187 156 103 193 133 102 166 134 166 103 115 147 102 95 153 54 170 112 62 123 52 170 145 189 149 119 74 60 59 186 90 139 83 0 72 164 52 160 135 56 67
189 58 173 175 111 160 164 175 53 159 113 169 55 115 197 86 98 176 81 123 133 102 189 79 168 72 73 99 57 133 145 158 101 61 173 133 147 112 163 177 178 110 76 83 92 50 66 146 120 190 166 118 122 70 179 130 52 80 180 171 94 170 129 168 166 150 194 75 103 85 129 98 71 63 176 193 50 147 104 66 56 170 177 151 98 173 174 134 126 180 59 110 134 0 134 109 79 128 159 87
63 168 195 88 59 52 147 119 197 110 91 89 101 192 196 66 106 123 196 90 124 124 195 183 78 120 168 114 190 196 83 186 130 140 119 119 179 185 113 79 60 58 163 160 115 185 111 183 168 186 147 68 61 97 81 165 165 53 159 103 73 181 99 121 180 198 110 143 135 151 159 88 193 116 195 163 104 139 180 142 178 105 97 121 188 56 81 167 105 174 118 99 124 196 0 180 154 77 200 72
186 140 196 100 194 103 85 128 193 195 177 129 147 165 101 125 70 70 200 123 111 75 69 121 188 77 50 135 77 88 178 103 71 132 105 148 102 81 134 127 156 171 150 101 198 78 98 110 82 189 58 51 110 167 86 55 79 117 82 126 116 182 79 120 139 70 195 112 75 193 185 167 135 180 164 111 190 133 120 151 186 165 195 165 68 146 165 143 68 98 189 104 200 53 140 0 169 180 116 175
120 68 159 158 167 150 89 59 59 59 51 60 71 123 164 139 100 168 189 125 159 167 85 175 111 98 92 123 135 187 109 179 50 122 94 198 160 68 80 178 51 145 187 123 162 152 78 60 199 191 62 93 78 113 88 165 125 179 58 82 97 191 182 100 80 152 170 193 180 157 177 101 129 194 117 101 115 199 131 128 146 169 198 85 183 125 93 101 189 96 131 53 145 145 88 166 0 186 131 142
186 172 162 66 128 68 111 173 103 166 177 87 117 147 182 80 157 197 174 133 186 151 62 192 145 122 172 146 188 86 93 125 155 118 86 170 89 198 128 122 84 82 198 198 96 135 197 188 170 118 164 139 156 181 89 133 57 146 186 181 197 133 134 80 124 140 145 66 174 61 175 121 127 157 165 57 86 103 189 129 60 55 156 147 70 54 128 174 171 134 150 112 77 181 117 131 156 0 102 192
140 172 169 152 169 89 93 91 177 167 73 70 54 58 96 191 93 163 197 145 123 102 66 82 91 99 176 134 58 65 104 62 147 154 198 160 162 88 120 87 111 130 133 52 68 156 61 164 189 78 126 126 165 138 70 110 100 50 180 188 200 95 130 156 69 52 181 70 103 140 102 62 191 187 63 193 91 60 58 158 74 169 174 72 72 96 195 181 136 58 152 133 111 181 165 182 93 124 0 191
162 60 184 93 102 78 85 158 114 92 150 57 90 105 53 174 61 102 57 173 89 183 194 167 143 112 119 70 115 186 95 80 52 75 73 94 71 199 82 103 57 154 112 120 194 152 185 140 200 154 124 101 66 99 91 102 170 189 98 95 56 110 196 154 125 80 69 110 106 161 136 121 159 123 57 184 103 191 59 82 181 149 160 121 99 82 82 167 66 155 142 98 112 112 81 121 141 163 159 0
