100
0 12 19 10 18 5 5 18 18 20 16 6 16 7 11 16 16 16 19 14 7 9 14 10 19 20 11 11 14 8 10 14 13 8 8 6 15 19 5 6 15 14 16 15 5 20 10 9 20 14 13 15 18 18 7 18 11 7 10 16 19 10 17 7 15 10 9 8 10 15 13 10 8 13 19 15 7 17 11 9 14 15 17 14 15 12 19 11 5 17 8 9 8 7 6 13 18 6 19 13
0 999  241 488  137 305  218 385  261 323  232 490  228 479  192 557  161 351  362 419  339 616  259 417  286 470  171 380  245 482  184 529  165 493  342 632  157 213  282 449  269 414  150 507  386 732  151 520  279 543  185 495  230 578  95 340  179 458  165 198  246 345  168 225  273 612  396 544  297 667  302 547  284 490  133 178  166 289  359 578  184 518  131 277  242 351  153 522  194 497  263 437  254 368  312 489  265 399  85 373  250 432  185 358  153 446  181 397  201 307  273 515  323 509  147 450  324 428  220 493  192 525  92 141  281 475  251 311  243 588  313 550  279 603  256 426  236 459  149 370  142 399  120 413  342 501  173 338  248 322  146 201  264 500  126 299  124 276  168 423  318 509  173 207  152 393  181 440  111 290  204 374  156 441  262 602  247 456  127 220  293 362  256 553  151 274  205 425  338 649  179 510  352 704  231 538  357 544  147 325
0 53 55 160 191 79 146 123 63 185 179 114 90 119 157 110 78 181 73 100 123 133 192 74 83 158 53 70 79 86 73 66 108 199 177 189 176 59 161 198 133 86 197 140 53 141 149 147 119 74 114 53 145 101 77 188 145 82 165 62 89 63 98 111 165 142 186 159 64 96 106 114 161 113 172 88 76 84 100 58 188 139 54 138 68 150 63 80 158 67 155 112 132 177 157 101 186 84 184 88
156 0 98 92 162 145 120 144 176 112 169 119 174 139 65 130 75 107 172 196 102 135 187 162 155 65 55 86 58 61 96 146 126 106 164 133 181 138 111 156 62 64 73 181 175 175 69 123 160 164 196 183 122 117 91 143 200 93 131 125 62 106 68 191 188 75 148 121 55 177 192 105 188 136 124 193 96 85 171 165 80 190 188 182 134 128 109 63 59 98 58 164 199 142 75 153 102 137 83 196
77 65 0 123 157 51 172 196 108 136 94 103 161 119 105 170 181 58 54 85 94 102 193 188 106 162 59 180 88 199 141 181 174 103 166 155 118 100 142 63 185 56 154 123 146 88 83 98 107 150 177 190 65 82 76 171 185 134 104 114 140 96 189 200 93 192 156 168 62 180 83 173 97 86 133 196 179 143 192 71 139 84 118 62 91 82 55 190 140 94 199 185 56 130 189 178 140 119 181 136
77 149 121 0 109 193 95 114 172 70 178 119 72 66 130 112 168 107 84 166 68 66 147 96 149 109 112 135 139 141 128 145 177 98 184 120 142 154 188 76 66 82 71 82 105 133 176 89 85 101 52 64 109 52 184 128 92 177 180 157 64 122 58 172 82 199 123 169 148 113 63 114 86 93 152 175 182 170 86 164 60 77 184 111 60 177 78 100 55 115 89 68 55 163 59 86 200 181 118 72
147 176 119 161 0 111 77 54 132 107 125 115 119 51 104 196 101 194 171 66 165 104 154 147 199 61 123 155 162 192 52 137 133 63 76 55 78 133 151 156 75 194 95 189 71 164 93 95 132 153 105 107 184 81 77 157 64 176 186 60 135 183 86 111 87 112 110 185 83 185 91 196 199 81 174 98 129 118 166 177 96 89 159 164 197 141 159 139 68 50 186 92 186 86 192 172 88 94 98 101
174 122 142 100 116 0 155 173 114 191 193 106 140 165 76 146 94 122 182 125 160 62 192 53 148 155 152 125 147 89 155 167 175 78 63 192 120 199 76 197 170 60 160 184 144 54 134 170 118 172 168 77 159 167 73 151 137 80 86 73 160 143 80 72 121 98 179 119 98 138 162 98 56 169 136 149 64 159 85 142 177 138 196 108 167 151 96 175 149 141 174 185 85 148 98 187 163 51 144 84
142 171 142 84 184 145 0 74 86 61 53 195 164 193 146 84 59 77 182 123 147 157 148 123 194 94 116 176 181 87 67 50 91 99 162 136 178 104 177 106 118 177 50 132 161 192 103 157 64 159 63 188 108 123 172 75 178 181 135 184 123 169 166 111 168 118 181 57 120 158 52 160 66 71 83 154 55 118 161 71 103 144 129 107 154 176 132 83 177 90 143 153 81 172 67 125 181 65 163 147
111 168 90 87 75 131 108 0 173 140 99 74 200 114 178 193 92 133 157 171 191 115 78 130 118 167 121 60 170 120 190 61 199 56 150 199 62 142 173 88 110 80 80 166 133 81 109 64 67 60 186 117 82 113 85 155 157 149 152 179 181 116 168 116 68 181 71 122 167 188 127 93 69 61 123 60 184 120 142 154 68 133 90 64 168 175 192 134 186 91 152 155 179 76 171 80 140 192 52 118
178 185 195 150 71 51 179 143 0 94 128 158 123 182 60 143 95 167 124 96 100 108 70 164 164 154 117 114 95 86 114 157 188 164 100 102 181 194 108 151 173 56 164 73 175 70 95 97 69 196 171 193 174 102 121 63 176 74 154 150 118 172 77 102 114 151 73 175 184 76 179 149 134 138 124 62 89 165 146 102 60 88 189 138 145 58 56 85 179 64 126 80 138 135 84 147 92 122 88 79
176 79 121 132 138 110 188 65 114 0 164 189 169 93 148 156 139 152 74 110 151 86 167 173 151 83 63 98 164 84 193 189 139 97 151 118 85 192 118 126 85 121 71 190 98 77 161 190 168 53 193 94 137 180 171 138 124 56 181 184 81 159 193 140 179 59 76 133 152 95 144 93 103 167 169 152 142 55 186 143 63 107 81 104 108 91 151 93 92 72 124 98 79 73 54 69 181 69 120 172
160 109 53 165 77 92 50 196 114 77 0 92 124 54 104 88 130 138 100 163 91 125 124 133 106 67 99 138 179 142 99 114 117 170 98 183 72 148 88 142 89 136 174 153 144 175 73 168 157 113 148 172 57 109 183 101 125 149 86 55 190 177 197 129 180 176 119 66 135 99 91 164 180 54 121 156 139 169 173 154 162 113 129 173 85 145 200 178 144 109 146 62 51 91 110 154 198 168 174 148
98 186 59 151 138 76 163 196 119 161 173 0 172 182 168 86 176 127 122 125 105 146 98 179 168 89 144 93 95 177 143 89 68 136 171 93 179 52 191 183 135 81 133 182 66 137 124 141 147 197 77 95 62 120 126 124 167 119 75 188 54 190 187 167 144 54 53 110 89 155 80 140 87 79 132 155 178 122 199 123 172 194 133 51 162 84 110 141 86 139 83 58 173 104 60 145 109 76 144 95
197 135 155 197 87 56 91 108 94 181 144 105 0 99 181 99 90 179 152 129 111 51 120 146 71 175 185 63 83 64 173 180 132 160 102 135 196 79 198 104 64 157 196 93 82 131 193 64 151 101 134 102 54 66 89 152 102 70 183 71 193 200 179 107 150 84 110 92 81 87 68 93 157 72 120 99 58 161 116 167 73 56 136 79 94 93 126 182 174 83 162 88 130 183 167 56 103 195 91 133
64 95 180 196 144 52 182 92 88 89 113 177 193 0 105 86 146 74 85 128 53 173 190 126 178 163 101 167 117 154 117 84 186 172 60 76 179 157 132 51 77 54 50 94 93 77 142 183 189 125 85 186 189 63 92 147 164 122 191 110 189 198 72 175 111 171 102 56 55 160 157 189 155 108 87 151 82 78 102 80 93 50 94 96 160 54 173 168 90 152 105 95 65 88 132 106 134 92 82 198
67 108 75 114 91 198 122 97 75 112 165 74 200 187 0 179 130 72 82 170 137 69 85 178 56 198 52 69 58 58 104 188 194 59 99 147 79 184 139 56 51 143 174 83 119 129 173 110 124 66 174 136 92 156 185 50 146 103 178 97 151 156 66 102 118 97 59 190 160 189 126 67 165 187 109 188 148 69 195 153 182 66 94 154 187 78 131 134 133 74 75 123 59 154 52 162 110 50 78 99
179 151 135 158 183 122 85 65 84 96 139 186 123 147 80 0 64 63 128 177 61 62 71 53 120 84 117 129 134 53 119 103 176 194 122 198 182 168 96 103 64 122 118 94 154 84 152 122 97 92 165 130 109 79 147 189 151 141 69 59 130 171 171 171 95 174 50 81 131 54 116 122 99 78 53 124 77 90 50 167 72 191 73 72 179 93 63 50 170 140 141 92 100 111 121 86 177 133 144 111
196 53 123 109 64 71 169 70 184 161 155 89 109 67 108 124 0 84 177 148 111 118 76 94 150 181 131 131 182 59 146 162 139 73 116 62 157 122 139 104 178 119 71 194 167 72 81 74 100 171 168 169 104 92 163 59 147 77 59 156 142 131 134 178 64 178 152 108 140 140 198 168 165 142 199 122 86 199 121 121 104 170 160 75 127 136 80 132 197 60 95 71 141 143 75 162 73 76 71 168
129 92 190 132 85 146 168 81 99 68 146 95 194 77 124 89 62 0 105 114 71 62 155 103 83 88 58 114 169 156 136 170 81 73 163 80 52 136 160 177 193 63 125 97 98 53 72 140 157 156 133 128 151 130 141 130 146 136 173 82 197 180 151 127 83 140 150 198 156 80 98 104 142 99 198 99 91 83 79 93 137 89 89 172 73 94 161 153 97 163 76 120 180 101 168 110 161 52 138 60
188 56 97 186 72 86 73 58 123 133 183 127 58 166 137 193 90 149 0 123 86 191 182 117 128 68 175 56 168 131 199 116 67 118 130 121 58 162 147 154 97 171 165 114 59 187 104 124 181 128 67 156 120 190 151 150 55 176 159 137 113 153 70 178 135 142 181 197 57 110 51 122 110 142 63 108 122 188 175 94 98 107 142 185 81 197 123 54 163 165 74 130 111 68 104 60 158 182 91 111
83 78 66 118 158 67 101 128 195 132 55 57 170 165 137 155 199 78 149 0 184 198 87 50 107 118 89 76 134 187 67 104 185 96 78 144 51 187 173 147 197 93 173 101 169 125 145 175 132 94 114 122 165 87 93 118 84 175 87 113 171 135 64 136 122 130 135 118 135 175 169 107 118 87 177 93 64 110 176 89 100 150 56 150 137 144 102 53 134 54 129 194 108 177 82 145 166 171 95 152
182 73 160 94 78 80 181 66 115 148 171 142 77 191 165 129 63 150 82 148 0 114 195 142 59 69 150 183 115 81 58 100 104 85 199 119 92 171 56 136 182 108 129 171 118 78 190 64 67 150 143 101 102 103 147 113 94 113 110 71 131 93 115 79 183 149 200 113 85 133 133 55 72 146 199 56 65 157 114 93 159 115 158 71 131 110 156 115 121 166 100 108 145 95 191 139 50 186 189 63
180 145 66 125 196 65 186 134 151 173 78 133 143 200 200 176 198 67 192 184 126 0 89 146 135 90 122 104 134 99 196 196 169 88 146 123 85 51 199 112 167 66 176 120 196 104 92 75 175 103 185 159 193 53 200 180 171 179 62 87 93 178 170 121 104 148 141 156 191 125 93 193 163 116 177 117 163 171 78 182 162 135 149 75 172 55 126 196 78 148 181 51 119 167 176 94 169 56 189 160
123 55 88 123 104 180 173 169 93 106 131 92 136 75 179 175 199 76 197 163 134 168 0 87 67 52 67 77 100 145 181 74 61 67 199 170 105 180 127 120 121 130 109 184 174 126 93 153 56 168 125 81 113 195 182 102 155 85 89 92 175 158 181 130 123 80 120 186 164 76 150 81 155 148 75 56 104 112 184 75 149 75 188 85 196 134 62 63 79 135 118 169 200 50 72 63 152 174 93 163
125 104 196 107 65 118 114 128 175 146 179 155 145 117 81 117 77 75 90 78 181 116 127 0 117 164 174 106 63 188 149 173 104 157 94 149 175 77 150 159 85 179 90 166 169 56 169 115 148 136 65 155 133 154 177 120 90 174 126 56 135 185 94 74 122 76 155 197 124 152 152 159 94 143 148 132 158 169 58 193 193 134 111 92 131 181 132 177 120 156 128 143 187 184 197 183 176 194 185 67
98 181 131 196 193 155 167 104 141 136 127 69 182 94 172 69 50 82 75 160 64 167 61 182 0 60 101 133 155 87 161 135 107 121 114 73 163 92 145 190 122 102 98 92 163 67 107 178 141 54 153 51 83 197 171 115 106 139 158 139 181 123 127 70 52 175 189 118 115 61 59 102 192 91 100 125 138 96 92 184 150 65 54 146 145 147 70 164 77 61 138 75 75 145 107 137 156 173 65 189
101 199 112 182 116 121 51 53 97 121 53 73 83 60 82 57 54 122 147 162 99 91 148 90 180 0 78 156 151 121 163 199 86 127 200 93 56 97 199 145 106 158 51 68 95 95 159 158 180 86 190 173 169 104 135 117 98 68 72 81 75 190 177 76 102 148 84 134 143 52 91 123 67 82 153 193 112 200 57 136 175 124 73 80 122 163 77 117 99 174 160 71 131 120 199 140 66 89 145 50
181 153 116 180 112 81 124 131 92 87 84 64 200 172 93 127 177 144 168 109 171 108 106 53 171 194 0 151 67 114 106 116 144 177 88 81 79 107 94 95 55 134 83 152 138 79 100 73 118 83 98 131 157 186 63 137 118 101 192 97 78 107 116 180 57 123 170 88 151 138 132 105 65 121 114 142 132 134 59 136 172 150 127 84 130 111 119 160 154 52 78 74 162 114 125 160 196 170 113 98
161 67 184 52 90 137 200 182 73 150 56 65 190 192 66 164 90 159 64 155 56 84 145 114 97 153 127 0 200 111 128 179 142 85 99 163 119 107 50 124 131 110 126 190 129 53 121 183 187 56 165 170 176 123 96 55 76 122 88 54 188 103 89 170 164 78 151 138 58 126 83 148 181 176 92 197 158 173 56 106 143 86 183 197 171 62 78 172 66 91 155 107 176 114 199 186 59 173 104 169
93 51 120 72 180 134 195 128 96 152 162 76 135 165 90 114 130 134 96 128 147 54 126 135 89 135 66 70 0 67 186 105 176 83 122 175 155 88 155 92 108 173 117 186 165 178 151 155 111 82 102 71 181 70 102 191 112 85 65 133 151 130 73 185 198 151 158 111 68 147 125 110 60 146 170 58 161 157 121 162 85 60 104 140 142 61 97 61 83 127 131 71 167 159 174 67 65 164 106 54
180 74 67 117 113 111 106 194 160 185 190 104 77 86 116 75 51 95 139 82 80 96 66 112 72 166 174 63 161 0 51 177 190 50 110 184 98 80 92 50 65 151 121 118 67 139 164 141 71 107 165 99 51 174 105 157 194 130 180 109 66 171 198 139 58 103 121 178 128 152 111 139 104 141 84 96 83 159 164 107 187 175 187 144 112 96 135 188 178 114 161 137 120 71 58 194 193 149 93 154
62 185 140 140 58 158 78 185 74 101 56 175 155 64 122 108 174 97 88 97 91 65 183 152 55 110 124 153 121 138 0 165 200 129 103 174 74 134 50 154 79 142 190 95 170 57 63 62 127 160 92 195 86 126 64 101 101 122 155 63 108 196 182 100 112 188 81 124 57 155 169 121 151 183 93 81 80 113 76 144 144 195 158 121 115 72 50 112 94 56 177 103 117 84 198 116 105 166 161 82
56 159 128 179 107 83 70 60 193 154 81 173 180 162 58 146 192 131 177 92 97 58 141 185 79 189 137 101 162 85 89 0 85 95 99 79 132 73 174 193 126 190 165 192 174 195 173 117 131 153 157 114 159 88 84 169 159 78 189 182 188 148 86 63 186 125 147 174 192 108 68 146 120 162 61 125 142 123 79 141 66 102 194 64 157 83 171 120 64 153 182 200 56 168 57 55 107 70 150 112
170 121 188 105 189 75 171 196 118 84 92 162 122 126 153 108 149 50 171 124 159 144 104 55 195 160 168 64 131 192 90 178 0 176 146 100 179 63 148 74 76 88 78 61 56 172 172 109 175 151 149 89 156 102 155 56 165 97 126 145 154 163 187 83 102 138 80 54 174 87 188 115 56 70 75 197 84 168 186 111 191 70 181 158 134 156 80 151 181 103 100 128 86 187 53 189 58 154 178 52
115 176 120 116 86 104 64 173 129 117 193 57 137 134 166 77 111 183 83 111 66 158 79 63 151 119 197 61 155 169 140 117 71 0 150 143 59 97 79 159 161 98 194 99 121 70 59 157 63 175 110 122 162 157 183 167 85 50 128 56 160 119 68 90 102 193 104 167 83 175 56 83 94 181 114 120 143 77 199 119 117 75 189 52 75 77 180 110 159 115 98 156 123 88 95 52 72 199 137 130
143 61 145 146 136 152 200 112 64 156 117 175 160 103 138 136 105 129 124 99 110 135 92 188 173 83 180 156 98 194 138 188 184 106 0 142 81 165 102 178 91 59 124 197 178 125 81 83 153 144 150 144 193 162 172 64 173 113 163 123 95 116 80 52 105 144 79 67 140 163 173 103 67 172 77 134 191 117 197 165 142 113 128 116 121 190 63 190 143 118 126 61 98 170 161 134 150 55 88 75
159 94 156 195 109 56 73 160 177 105 158 174 106 174 182 181 142 76 89 130 196 55 139 191 79 134 93 130 171 51 136 93 110 129 67 0 133 86 80 126 92 149 166 181 191 96 181 104 171 142 64 110 163 102 96 182 86 85 116 195 165 161 52 57 77 93 135 182 116 59 152 87 84 96 163 176 183 138 88 161 172 171 61 187 119 55 182 149 156 163 54 162 159 151 76 199 53 187 132 122
117 72 64 157 152 196 81 163 89 117 97 52 178 133 80 75 80 87 78 197 68 63 78 121 175 173 122 76 84 109 150 143 89 163 140 125 0 165 173 74 127 127 54 172 79 114 130 88 171 86 84 67 67 78 177 66 130 75 115 135 54 57 176 85 188 91 116 166 106 188 173 69 184 134 135 125 122 99 54 57 137 91 104 199 152 108 127 151 125 193 119 178 71 125 70 90 91 155 167 74
100 181 105 173 167 71 96 69 50 148 163 182 92 143 171 191 109 183 91 143 51 52 184 141 100 180 130 61 152 183 167 140 183 108 191 192 120 0 83 151 117 143 154 95 124 127 77 102 170 123 137 181 130 112 124 90 70 153 58 61 110 194 102 178 104 193 81 109 106 102 56 81 145 163 60 166 112 77 157 123 71 55 85 100 123 187 62 98 179 160 180 107 111 160 102 120 146 79 79 186
176 197 69 141 99 131 197 193 85 70 89 56 133 116 163 136 193 142 87 118 120 101 152 158 70 106 89 192 131 194 192 198 151 120 71 135 159 70 0 93 181 188 121 65 89 67 120 96 143 174 184 85 66 120 98 148 54 183 115 59 71 111 153 139 125 100 139 90 83 67 63 198 69 98 55 102 114 100 197 200 176 62 152 76 178 102 137 154 154 170 101 120 114 101 148 119 145 174 167 124
84 76 118 72 168 157 123 176 79 158 73 198 178 115 88 66 163 150 175 146 84 117 60 82 63 141 108 186 189 181 81 111 176 114 60 166 142 59 152 0 162 153 104 101 116 147 198 145 85 78 99 89 198 89 115 200 165 66 179 118 67 67 129 138 100 98 187 54 167 122 133 186 110 166 148 60 125 182 80 102 65 130 94 93 120 161 136 164 85 198 152 152 165 78 131 123 116 155 191 84
189 164 117 114 105 146 148 91 130 141 131 102 186 175 80 116 155 160 90 64 83 76 175 97 110 58 114 191 149 127 180 178 170 169 97 72 152 78 91 155 0 137 133 50 81 139 62 165 135 117 169 121 77 110 86 80 105 75 104 65 182 155 108 164 121 179 140 72 82 198 67 181 190 188 100 110 118 111 141 143 119 160 94 95 128 148 174 56 53 141 160 138 142 134 84 114 50 98 148 72
82 98 110 191 103 199 69 69 195 144 88 145 118 181 197 147 152 168 113 129 140 173 143 82 61 79 178 175 188 140 76 115 110 174 108 150 97 150 81 64 64 0 193 106 65 144 75 125 137 178 78 111 96 197 165 137 177 175 64 178 96 145 180 105 134 118 98 135 127 90 158 93 104 102 118 74 58 188 50 167 122 91 175 61 115 84 66 84 61 169 70 168 104 133 65 160 140 126 117 103
163 133 111 190 166 90 140 58 69 92 149 145 188 97 83 111 59 138 99 157 135 50 57 81 63 138 191 135 179 162 124 70 99 100 60 172 68 118 158 93 180 139 0 170 138 53 198 126 155 160 180 71 198 152 165 161 53 116 194 89 141 153 75 162 84 54 121 57 167 105 71 182 159 161 113 154 122 96 178 103 125 154 130 172 86 54 193 77 72 68 55 127 81 194 131 98 148 77 148 72
96 156 173 50 200 192 101 163 160 146 158 171 122 195 111 110 54 101 119 66 102 124 179 58 187 99 104 56 162 71 127 146 81 106 172 191 195 68 168 138 129 74 174 0 70 124 103 187 147 175 160 122 176 108 146 194 95 59 127 157 133 70 150 77 156 83 168 130 96 68 76 157 97 177 155 73 116 179 127 76 59 140 95 66 78 100 116 153 145 177 116 161 64 140 143 196 125 76 166 165
150 63 58 174 83 52 107 139 188 97 99 78 75 195 66 153 59 145 55 96 194 109 122 181 200 168 115 85 163 102 102 75 195 145 115 146 192 157 109 79 60 103 179 96 0 71 195 158 142 104 185 139 58 182 125 182 80 92 153 62 103 96 139 184 156 149 183 100 92 114 95 148 88 185 146 72 104 186 148 108 83 70 177 112 130 84 113 147 84 69 65 159 176 109 59 109 181 57 106 66
130 132 77 154 175 162 99 157 100 72 200 112 129 102 94 111 164 176 73 132 193 95 51 73 89 52 92 86 163 72 61 93 185 183 186 96 189 79 59 153 177 177 54 177 108 0 129 129 102 88 52 71 159 60 152 59 179 182 186 160 156 132 70 180 51 101 139 59 147 93 123 83 98 178 55 63 145 132 142 115 160 100 178 85 156 100 183 109 76 67 129 68 111 136 164 112 82 96 181 101
66 108 133 174 169 169 124 154 171 160 198 147 151 108 70 187 74 155 58 68 161 156 62 65 111 145 101 95 52 183 132 120 170 62 173 86 147 168 162 133 98 138 130 112 149 199 0 115 105 154 104 167 121 96 184 52 71 94 151 69 168 97 179 188 96 108 127 142 96 83 50 102 139 186 142 124 175 183 84 145 150 72 149 101 118 163 184 181 168 164 186 161 142 81 168 109 109 73 85 93
72 132 69 196 153 175 145 103 183 188 183 196 158 145 52 91 184 125 99 147 116 75 65 170 55 73 128 157 50 185 136 99 155 90 119 134 74 77 77 143 75 109 114 159 117 52 90 0 99 119 81 163 90 113 131 62 189 107 70 115 104 129 97 106 156 108 93 71 53 85 111 177 90 144 104 182 145 52 154 85 168 69 68 188 81 106 165 102 194 136 125 102 115 76 139 183 199 95 56 95
101 128 166 141 112 109 178 108 84 188 99 133 71 191 196 100 189 72 87 134 105 158 110 153 120 54 124 122 115 131 50 171 108 52 117 91 87 147 72 136 173 140 76 83 126 171 180 55 0 163 166 106 150 110 129 188 103 125 188 53 126 195 74 172 114 50 150 123 130 59 78 109 59 78 72 110 89 126 79 141 162 182 126 184 145 117 70 177 176 125 91 117 160 182 129 81 115 183 163 99
84 81 125 140 54 112 149 147 164 71 184 123 183 135 164 177 195 58 137 83 79 183 85 143 196 96 166 96 105 190 55 91 119 147 98 165 115 154 74 171 99 51 127 137 72 144 78 131 116 0 135 195 173 186 122 128 62 83 117 154 185 75 188 197 115 160 178 90 61 200 98 197 78 173 189 193 190 126 172 167 136 66 99 198 54 166 133 167 101 128 83 51 168 124 158 119 148 177 111 109
179 66 87 117 151 100 69 176 85 150 95 85 170 133 189 58 177 168 161 59 134 154 184 70 178 50 138 160 101 185 83 178 82 93 181 57 64 168 105 120 77 178 185 102 110 57 143 107 132 143 0 98 76 55 64 173 155 155 61 83 50 72 85 199 86 158 88 175 50 190 109 79 91 82 117 128 120 113 81 78 191 62 79 157 50 158 54 190 159 79 148 61 66 190 176 196 134 193 79 60
176 131 198 112 190 180 65 157 61 173 61 56 143 184 146 134 154 187 103 187 108 114 167 139 153 91 193 173 50 190 141 152 190 188 138 192 57 172 126 52 110 192 106 161 125 112 177 190 53 107 93 0 54 157 151 180 191 118 57 138 168 177 143 160 67 187 141 198 171 176 77 167 119 172 191 153 142 167 167 152 178 100 146 174 58 143 199 149 177 115 189 94 183 92 192 110 99 194 183 71
188 77 177 150 181 131 117 188 168 160 153 160 172 147 182 169 91 84 132 57 53 77 144 147 86 185 88 101 61 56 54 82 73 60 197 83 157 160 192 184 133 120 74 96 183 169 154 128 150 76 138 74 0 77 170 151 126 106 82 84 71 85 98 146 88 104 75 150 66 50 84 70 146 96 58 150 87 55 192 198 74 140 184 118 50 151 137 85 58 123 140 80 85 148 71 103 64 178 156 183
127 66 173 189 198 155 137 190 125 175 126 177 196 195 196 94 177 165 118 195 185 130 90 62 143 60 69 104 87 73 95 73 97 141 133 107 153 63 177 191 162 166 66 163 124 89 137 169 155 137 67 118 134 0 150 187 173 153 166 124 108 57 179 107 74 66 56 171 174 103 165 86 73 160 108 128 104 199 58 120 91 134 59 138 160 149 191 195 101 139 171 117 192 69 164 51 85 77 151 178
61 187 73 108 176 80 129 179 174 85 143 148 50 197 180 99 61 56 180 137 153 91 79 175 82 78 122 114 171 84 180 155 51 98 137 85 105 51 136 163 64 115 74 142 148 140 168 87 51 136 72 102 188 150 0 55 160 122 105 142 173 146 55 190 196 149 142 85 50 91 181 110 167 192 168 88 87 168 135 126 167 197 127 181 136 56 74 153 114 152 132 164 123 115 95 136 114 115 164 72
140 101 166 111 112 195 149 50 56 99 194 67 50 156 66 191 120 81 131 178 121 76 87 174 119 75 89 56 78 129 114 156 176 75 114 134 69 181 193 63 55 95 136 110 197 94 146 93 94 52 57 73 124 183 120 0 158 56 170 55 130 187 91 175 103 78 53 137 99 54 141 62 63 136 100 197 157 171 95 104 163 99 53 142 174 185 134 130 79 183 186 91 130 181 130 83 140 151 164 147
81 159 84 187 61 170 133 180 132 103 142 179 97 51 136 178 152 110 195 145 113 103 199 64 83 124 50 145 195 150 106 91 102 195 172 99 57 79 81 112 94 78 165 59 142 134 61 74 161 125 82 84 146 163 168 60 0 199 56 136 78 137 103 151 142 78 126 64 142 138 149 140 107 109 90 114 51 199 131 131 127 83 76 179 164 113 107 178 88 97 190 186 66 57 160 119 164 63 88 135
159 96 86 176 200 189 190 99 90 113 106 188 146 100 61 165 186 76 65 200 133 110 62 189 88 183 52 145 135 96 148 160 177 149 81 104 151 175 147 119 158 92 180 194 142 170 57 62 107 164 139 140 135 67 120 113 89 0 93 55 75 164 91 104 83 128 132 51 169 123 104 130 192 90 127 139 148 161 172 189 61 173 150 81 195 143 66 103 196 50 190 73 88 106 95 133 60 168 60 165
100 194 132 147 95 197 70 98 128 187 115 104 94 71 181 59 132 101 98 64 98 50 69 141 111 69 189 121 167 137 97 70 121 63 189 62 165 160 186 63 86 193 181 198 56 163 53 62 114 82 188 82 111 185 117 188 106 156 0 198 91 71 99 149 53 105 171 196 177 67 83 106 109 192 165 68 128 142 64 88 175 146 153 101 105 77 141 72 156 157 104 58 176 135 72 162 171 79 96 156
200 165 123 161 100 170 168 186 107 120 132 121 51 120 62 80 195 71 129 181 160 173 60 150 176 184 79 176 118 62 77 110 86 179 171 200 58 190 67 73 192 129 98 189 121 140 166 117 103 160 147 186 148 151 108 190 170 165 178 0 63 87 188 160 112 128 140 68 190 99 193 158 164 50 55 183 146 52 159 198 108 84 150 162 187 180 159 118 184 196 166 158 90 138 51 111 126 86 172 147
171 189 108 95 98 66 107 106 72 186 70 116 160 123 118 175 138 84 137 197 97 143 134 128 54 182 142 140 108 162 118 190 164 181 117 145 133 157 139 124 134 134 111 109 184 148 142 154 168 101 58 60 117 154 191 56 172 174 145 71 0 157 68 148 188 101 154 95 143 161 165 71 82 170 79 175 142 85 90 72 152 143 117 105 105 176 88 107 70 191 183 135 130 100 116 105 105 144 101 83
120 194 155 114 155 98 157 140 168 124 118 101 52 107 104 109 159 111 112 75 97 108 140 65 151 78 85 153 102 60 167 84 139 194 114 185 199 124 176 63 132 76 145 142 170 114 181 58 63 65 99 184 52 64 94 59 109 109 110 177 97 0 181 130 65 94 159 117 134 103 149 103 50 156 67 99 188 160 158 76 87 186 144 122 137 93 71 97 148 193 133 171 163 165 81 88 166 192 164 122
113 186 199 185 106 190 113 52 146 80 58 134 107 85 122 170 155 75 167 197 128 118 159 88 100 169 84 136 115 167 101 53 145 187 87 118 195 127 119 143 168 131 140 59 51 93 198 147 57 77 162 61 51 170 177 170 132 81 115 103 91 54 0 83 106 115 179 123 88 125 152 114 195 177 90 137 81 173 66 154 130 153 55 78 73 94 146 57 178 126 182 58 182 57 93 197 140 169 122 55
70 140 88 145 193 136 58 65 150 61 75 76 80 80 130 171 56 178 56 71 187 83 178 66 119 62 147 114 103 90 198 189 106 150 156 122 106 200 64 58 129 113 193 141 171 118 189 91 112 101 96 151 75 72 168 102 188 176 148 154 163 101 67 0 104 120 190 56 72 50 175 142 116 146 106 65 197 108 85 158 98 198 76 191 88 130 69 200 93 99 94 139 90 148 132 156 74 129 121 159
182 85 107 161 79 102 186 175 170 191 140 121 178 57 61 59 113 189 105 199 94 117 200 91 129 164 54 55 96 67 82 58 124 172 62 145 132 51 171 56 127 73 166 129 84 102 106 57 53 108 62 102 78 144 150 183 166 187 156 99 147 97 163 114 0 120 50 111 194 66 166 95 105 196 64 87 126 147 171 103 174 64 162 170 180 181 111 113 97 196 173 122 106 152 192 165 121 132 136 99
67 65 115 185 148 114 109 69 114 156 70 185 180 130 109 113 145 176 172 79 168 115 130 102 198 184 77 62 172 59 86 154 180 183 61 78 125 172 139 55 95 50 143 192 93 56 52 149 92 97 68 66 150 69 112 131 118 71 145 89 89 189 158 97 97 0 126 188 197 135 175 106 87 156 138 190 162 88 163 145 163 163 176 65 190 198 189 103 76 63 97 73 183 96 135 93 128 141 61 138
199 150 105 188 65 173 125 190 122 146 162 75 161 196 76 72 151 90 128 138 174 119 137 57 62 194 80 169 184 166 178 168 187 72 192 68 54 107 67 155 144 141 120 178 183 146 113 92 62 195 78 78 61 126 166 94 153 164 127 144 133 197 146 87 125 172 0 54 107 147 139 156 102 87 101 78 178 189 56 190 99 84 71 155 176 149 150 74 182 141 137 91 142 65 97 83 102 96 175 186
54 57 141 104 112 148 134 89 168 169 67 187 114 57 134 50 61 186 185 146 197 181 200 67 63 140 84 101 198 79 198 200 180 110 192 109 137 92 155 120 110 139 74 191 88 152 53 118 173 170 120 103 111 172 52 170 174 128 180 179 186 91 187 131 134 51 184 0 127 88 55 106 118 183 140 76 146 192 163 114 190 142 66 86 122 118 182 70 109 170 81 75 130 194 151 146 139 162 106 72
100 70 150 153 57 77 92 79 131 197 175 82 58 64 178 95 168 169 152 158 179 53 73 66 114 63 70 63 175 133 176 174 129 135 54 128 165 81 93 99 124 180 124 126 82 80 114 84 188 178 167 111 64 111 180 141 114 101 57 170 93 53 75 132 169 109 80 115 0 59 82 68 59 133 99 100 180 70 80 71 188 170 156 100 74 113 93 154 168 155 187 112 55 157 151 179 135 92 85 98
142 104 72 116 108 129 154 173 84 98 118 177 149 135 79 197 158 56 159 111 55 56 71 106 170 151 159 134 88 68 115 165 170 140 106 107 178 103 148 177 177 120 198 103 63 86 176 135 193 58 125 177 189 102 145 169 124 143 183 123 166 94 78 60 143 69 97 55 151 0 110 139 57 165 173 95 87 180 149 65 79 127 133 99 111 172 96 161 182 132 71 91 102 119 131 164 115 144 86 116
160 110 121 101 163 177 125 60 55 61 53 76 99 116 180 117 173 74 87 127 52 136 127 109 118 121 115 118 176 50 172 62 69 50 139 75 153 179 150 93 197 56 55 69 145 146 53 63 85 141 88 197 189 170 69 77 131 181 112 111 158 86 109 112 181 57 109 72 171 192 0 102 99 185 186 159 71 129 180 192 69 176 168 191 135 65 196 94 121 192 119 76 128 54 166 100 120 166 112 79
111 124 143 152 160 108 121 91 97 164 178 64 71 80 152 130 125 75 117 195 165 91 126 94 166 101 63 183 176 180 91 136 53 60 184 96 59 168 157 163 77 199 152 87 69 162 64 176 161 92 112 83 97 63 63 97 142 160 194 158 103 59 199 154 91 168 58 178 84 91 106 0 104 138 169 97 195 138 73 55 151 79 160 66 175 96 146 56 176 54 167 67 99 139 65 90 191 58 131 118
85 73 150 121 189 154 105 189 141 100 70 80 85 74 175 129 81 196 168 76 134 150 185 59 125 167 81 120 52 53 171 176 98 197 187 126 60 121 197 184 113 195 138 121 153 168 86 158 112 131 103 147 67 79 156 118 155 115 153 77 175 169 148 138 197 108 157 103 133 174 112 95 0 163 170 80 144 70 80 179 165 136 140 99 170 168 106 54 192 157 173 143 151 184 139 186 77 115 72 111
190 145 113 126 97 112 157 188 151 63 135 131 111 193 89 199 173 83 157 179 172 170 140 148 153 108 58 168 158 199 115 70 98 146 146 118 132 198 170 97 135 184 53 160 109 60 130 62 71 69 53 190 54 151 162 192 129 82 166 51 89 80 88 133 55 89 189 127 109 57 101 134 67 0 134 142 59 85 122 104 73 167 162 133 136 55 150 125 148 109 138 97 196 126 64 165 102 126 117 134
107 192 69 106 155 98 162 70 91 102 89 66 151 152 116 186 178 179 50 138 112 115 176 163 132 114 122 190 115 81 199 84 182 118 177 128 90 179 198 129 190 91 169 169 53 124 192 77 169 67 56 95 166 82 159 78 124 177 110 134 104 75 168 166 184 157 113 121 68 149 192 196 186 57 0 67 194 90 151 62 148 193 51 108 132 148 114 118 138 153 82 52 67 195 89 146 86 126 53 159
124 124 67 80 149 71 107 121 88 172 185 114 126 76 128 112 82 143 146 189 72 120 171 159 166 124 132 198 144 118 107 91 68 89 73 60 55 172 182 200 197 198 122 130 123 111 130 193 172 140 68 188 69 111 111 104 163 125 164 183 120 111 111 123 152 189 67 173 167 143 151 135 88 70 186 0 131 132 118 108 146 87 126 199 181 171 88 108 174 185 197 100 177 171 198 118 200 59 57 181
175 73 98 192 105 139 164 177 104 129 115 63 153 69 127 99 72 55 89 126 119 132 188 123 106 89 130 196 108 145 82 52 152 73 188 131 85 167 182 79 170 128 174 189 102 130 74 68 73 139 121 147 111 69 76 177 111 78 184 188 123 195 152 61 126 193 159 58 155 182 194 126 198 94 60 154 0 195 63 171 169 177 71 74 95 154 119 171 105 89 89 151 106 91 135 71 122 84 88 114
149 181 138 190 186 105 85 127 111 76 121 199 111 99 152 50 102 87 115 118 96 104 107 115 54 92 155 111 79 68 57 173 62 58 75 184 142 195 143 111 148 184 127 136 171 123 181 172 105 74 127 54 117 118 151 191 89 179 193 177 195 87 93 125 61 107 189 74 68 97 153 188 191 94 75 174 193 0 94 195 161 192 155 168 56 196 161 78 175 75 90 53 137 196 68 105 117 94 173 88
138 86 66 196 112 87 77 139 94 187 192 67 153 91 198 53 57 58 191 120 192 126 86 109 127 139 191 133 190 125 114 104 163 52 193 183 165 78 61 129 126 102 54 131 109 126 144 167 178 57 142 172 117 148 71 61 179 83 125 181 127 184 159 192 64 143 187 178 111 173 72 94 196 146 118 75 105 76 0 161 149 183 146 188 191 52 55 64 157 139 106 189 121 193 170 187 123 53 53 155
114 81 76 167 192 122 120 91 84 105 59 143 71 66 135 54 70 189 77 192 56 85 81 61 181 174 87 108 133 78 117 91 135 174 167 184 68 109 114 124 161 107 69 145 105 169 194 112 56 131 151 171 107 128 157 142 66 94 75 57 98 114 146 181 173 162 83 78 122 114 183 168 185 90 186 161 65 148 92 0 72 96 140 195 76 87 168 93 72 133 172 52 51 150 132 78 163 127 80 60
184 123 160 185 171 56 83 71 166 57 140 123 147 115 163 159 180 167 63 150 88 101 168 173 97 185 153 107 152 58 124 137 183 75 68 150 108 189 92 103 140 54 198 130 177 125 179 186 185 153 175 93 184 150 91 177 167 195 151 163 140 121 85 142 149 98 106 53 125 181 119 159 167 68 173 191 184 53 98 124 0 98 128 110 180 111 123 187 141 147 145 136 87 109 189 98 75 96 101 151
125 170 62 186 165 147 138 145 68 170 114 129 81 163 165 132 99 159 186 56 136 51 128 132 103 104 61 189 180 193 115 50 114 110 169 144 163 140 182 147 193 108 177 65 104 179 200 149 174 100 185 141 91 105 121 156 103 166 145 81 153 160 163 196 108 63 170 117 104 134 76 130 72 121 60 74 164 109 77 104 157 0 136 76 86 117 162 75 85 162 71 107 115 119 153 94 117 188 111 95
104 81 127 110 76 180 104 67 80 123 164 174 98 101 105 200 58 145 121 179 119 179 138 105 159 152 59 172 165 179 138 78 101 138 194 118 82 57 51 89 88 110 181 149 130 162 179 100 57 83 100 191 87 160 92 82 55 194 158 178 107 182 149 146 115 117 109 119 185 126 50 169 84 154 69 95 165 103 162 147 193 127 0 181 156 95 59 53 183 51 167 137 137 98 80 139 71 126 79 180
182 138 180 79 99 141 71 111 171 68 95 99 94 64 200 161 190 188 145 132 183 59 176 190 187 87 67 142 156 84 198 174 142 178 53 62 187 147 90 181 119 104 158 89 82 99 200 151 174 145 161 80 143 66 182 90 112 170 181 177 197 198 169 100 92 183 115 172 168 187 106 173 109 182 83 88 136 183 149 57 99 105 63 0 87 116 142 149 116 162 125 88 130 152 158 72 79 133 197 186
91 180 191 120 198 193 86 189 199 189 125 188 78 133 167 60 71 104 58 81 85 167 174 138 133 111 91 140 135 88 185 92 81 117 135 149 168 62 161 112 58 155 173 193 194 186 193 191 169 145 93 197 134 140 178 110 124 89 71 194 63 195 131 191 161 64 110 174 61 187 200 104 200 85 174 167 114 95 65 142 101 59 177 103 0 97 127 79 143 106 52 180 87 63 129 187 141 110 72 180
51 116 150 115 145 133 152 52 58 107 183 68 78 87 69 68 190 173 86 139 132 177 166 169 196 123 136 65 149 104 144 53 110 178 67 156 180 70 111 183 168 75 123 109 130 112 97 145 144 169 135 111 176 85 196 193 126 132 68 74 113 184 109 197 143 88 91 192 59 168 154 187 125 66 178 161 165 180 57 113 55 111 101 133 172 0 171 57 83 121 143 79 94 126 149 170 54 113 75 185
106 158 83 74 110 67 135 64 53 184 124 176 169 131 74 104 103 57 97 165 79 173 96 88 76 64 69 170 154 113 187 193 151 170 126 173 133 138 95 176 76 143 74 173 197 160 163 122 79 187 197 132 143 153 169 142 113 101 95 193 176 123 139 116 80 194 178 56 145 135 52 150 53 76 137 102 176 122 152 58 109 126 164 173 98 92 0 131 118 57 71 181 91 94 137 72 75 86 115 106
189 145 76 134 196 154 109 64 102 169 61 177 169 155 51 62 150 99 89 165 154 108 151 111 95 91 68 103 77 83 63 166 171 59 113 169 126 87 59 61 166 183 51 82 145 96 116 132 132 80 114 120 75 77 154 126 64 133 118 65 154 79 86 58 70 192 144 145 147 155 169 171 75 64 183 94 152 140 84 110 58 142 147 179 77 119 166 0 182 89 95 163 51 82 189 95 54 142 133 85
132 157 117 173 98 136 68 176 174 122 200 86 83 147 64 165 174 187 92 110 104 101 86 152 175 70 76 167 152 191 86 195 72 115 184 121 67 131 169 132 194 105 93 118 71 172 52 193 148 97 98 117 173 177 95 55 58 52 189 120 124 105 135 62 190 135 193 60 83 117 94 115 76 80 89 121 174 116 131 134 61 143 51 105 75 140 122 151 0 133 74 132 160 173 101 68 67 181 171 151
75 164 64 72 111 52 67 91 195 180 200 127 169 161 199 161 53 139 140 91 148 169 145 191 172 116 200 75 57 63 55 155 123 159 92 168 197 176 189 193 88 158 113 78 112 110 133 134 198 134 154 185 62 194 122 176 77 104 127 197 82 177 195 155 51 129 88 57 129 118 77 150 104 118 85 128 66 128 134 89 95 190 186 97 155 116 179 82 128 0 50 55 134 170 139 70 96 134 60 103
99 196 58 132 91 126 84 93 185 195 195 86 170 147 75 81 79 71 135 51 97 111 93 81 142 55 154 198 121 195 54 98 174 183 82 158 162 66 110 138 135 86 104 63 68 55 146 79 72 107 93 61 122 139 60 89 70 130 87 144 72 173 156 66 171 148 197 129 58 185 78 85 93 195 75 81 109 86 189 141 150 126 82 108 128 70 89 117 106 169 0 190 180 50 151 199 92 110 149 180
167 191 152 56 116 66 120 96 187 102 61 147 175 132 102 171 74 168 168 130 157 94 189 189 126 73 108 78 108 195 181 158 96 151 55 104 172 124 136 165 162 68 173 56 50 196 110 158 52 191 196 164 118 176 185 194 127 200 177 60 71 166 177 129 152 107 161 180 166 62 196 79 144 124 87 103 153 183 55 151 188 175 109 174 153 144 148 98 146 96 126 0 151 82 90 119 107 128 83 189
105 135 164 75 66 199 167 179 128 102 174 133 104 123 193 86 186 109 192 129 54 130 86 91 98 160 148 117 70 56 130 102 191 85 193 100 124 71 190 63 110 103 163 60 76 107 174 165 115 148 78 73 74 171 121 139 196 174 198 89 162 122 82 131 171 147 123 61 86 185 66 192 145 96 76 163 123 136 53 188 134 151 112 93 67 71 113 78 133 131 146 148 0 82 137 106 184 131 52 156
165 107 111 123 108 170 74 198 68 76 172 93 111 153 158 110 105 93 174 132 179 55 104 160 90 109 158 167 124 149 134 68 62 105 181 153 111 82 162 154 81 177 73 195 194 63 94 70 84 61 66 134 52 86 150 141 114 91 164 53 125 77 191 77 100 56 195 197 160 79 199 170 132 129 141 110 186 62 124 76 60 182 169 86 78 169 127 60 122 153 55 52 122 0 138 91 138 150 192 149
162 141 146 161 74 88 119 195 74 63 135 157 117 51 106 59 103 183 94 52 176 144 79 192 151 55 198 176 134 183 64 107 177 197 60 127 60 89 95 177 98 56 129 118 199 66 108 130 68 176 193 121 111 99 91 167 144 93 113 191 159 138 147 91 156 139 53 185 175 156 74 146 116 81 98 120 135 184 182 70 87 178 154 194 102 86 139 57 125 72 176 137 135 111 0 66 116 89 150 105
51 102 63 69 150 185 132 57 100 67 162 67 172 102 92 115 60 65 171 81 179 83 157 195 134 79 160 82 170 138 188 73 128 132 154 159 107 191 162 113 190 149 93 192 83 82 93 139 112 188 109 82 174 80 97 92 84 97 56 138 123 199 145 145 181 197 144 145 121 83 141 141 97 80 162 155 109 101 50 99 127 118 131 144 76 107 78 124 167 136 184 117 91 154 118 0 73 149 53 78
123 117 92 138 171 52 81 154 134 131 188 103 62 161 51 133 118 84 156 157 68 179 193 56 89 199 152 133 175 74 117 190 117 97 143 171 171 67 84 57 120 169 53 177 173 77 137 81 137 165 123 126 99 192 119 70 147 86 125 102 54 149 183 172 172 189 103 198 147 157 123 70 192 193 135 127 172 77 180 161 89 195 117 51 154 168 111 75 196 121 179 168 85 130 129 152 0 78 171 138
152 97 123 88 197 200 140 183 55 138 107 141 127 151 90 79 200 96 165 192 75 55 52 83 73 189 68 74 113 63 177 136 102 94 53 68 180 112 177 126 63 162 72 94 127 174 82 182 188 123 129 147 195 52 152 196 124 159 199 54 68 116 100 102 168 117 56 116 148 91 149 56 124 165 53 74 79 140 182 172 53 135 147 101 117 120 101 123 82 68 177 56 95 179 88 99 80 0 193 90
121 86 97 191 160 190 132 162 76 79 172 57 84 61 79 86 55 66 103 132 105 142 72 61 74 125 199 139 169 94 115 156 110 136 109 78 186 108 126 80 164 114 105 68 125 162 66 106 194 187 138 115 81 89 63 90 137 66 138 175 150 83 51 181 155 137 51 176 184 73 138 101 193 79 192 72 104 139 71 159 57 66 56 180 56 81 122 64 120 158 110 126 196 137 120 161 105 149 0 133
105 116 103 105 156 51 74 97 66 133 156 58 137 87 194 97 200 57 52 115 142 175 189 61 72 64 128 144 151 117 98 109 154 112 123 142 162 153 164 150 174 163 141 139 200 124 126 160 188 195 142 197 149 101 188 128 83 84 55 102 176 120 171 67 122 189 137 135 165 139 55 117 127 158 165 188 65 60 87 71 172 59 179 97 90 139 115 120 103 148 192 109 54 77 188 84 87 79 150 0
