110
0 7 10 17 10 9 17 17 6 13 10 6 14 11 9 15 11 7 19 20 5 12 8 8 16 11 7 13 17 18 20 8 10 6 17 12 5 16 20 10 18 18 6 16 19 13 8 11 9 5 15 15 11 7 12 6 19 19 16 10 5 5 5 5 7 7 10 17 18 18 5 11 12 11 19 9 10 12 6 19 14 19 10 9 9 6 12 12 8 12 20 13 6 17 20 9 20 11 19 16 16 13 15 9 17 8 6 8 17 20
0 999  262 508  398 796  386 766  295 492  179 531  202 334  264 403  373 736  381 564  248 345  209 350  313 426  252 471  403 583  194 241  225 277  223 578  216 407  245 322  209 240  244 455  282 545  359 667  346 473  242 344  266 406  364 596  270 370  243 471  266 410  368 458  327 423  199 542  261 457  136 472  90 331  373 770  283 546  314 698  171 326  129 305  119 210  314 675  359 404  280 386  205 471  289 677  202 329  310 536  324 701  267 668  80 373  288 394  408 470  382 493  165 247  353 508  101 273  274 675  182 463  144 208  221 475  227 464  420 737  343 578  71 351  381 451  306 356  384 645  322 490  190 333  208 374  194 293  261 634  188 429  242 345  327 676  280 396  332 708  303 609  410 589  361 702  207 442  163 230  122 439  266 623  209 397  277 519  152 356  140 380  292 542  266 389  302 596  221 428  248 412  336 497  270 327  330 645  333 557  295 486  108 365  132 247  278 564  235 428  399 638  129 305  151 492  161 397  215 295
0 124 208 198 77 152 80 84 167 210 60 131 190 88 211 150 62 98 144 75 181 69 209 166 165 159 89 159 77 161 101 174 214 106 199 105 80 199 160 114 64 117 70 199 186 101 109 92 107 165 189 143 56 168 214 164 119 136 84 151 77 81 208 105 205 160 56 176 200 208 192 128 95 76 101 104 137 185 131 196 115 195 201 186 121 78 179 62 82 83 88 157 75 157 79 88 117 87 135 178 133 94 56 207 152 219 103 105 91 178
125 0 192 77 183 115 65 220 212 65 189 210 172 92 81 181 204 203 69 199 127 65 128 55 162 183 178 135 76 78 188 200 139 140 70 194 139 58 186 177 117 187 181 158 89 110 85 111 107 195 88 151 161 105 88 212 100 203 55 133 105 89 173 103 177 118 213 169 72 137 122 73 218 209 118 107 137 71 106 167 184 141 55 91 154 139 193 218 91 103 110 193 77 103 95 157 89 144 86 74 173 57 174 206 102 147 182 76 168 74
178 171 0 56 204 127 177 109 100 152 103 130 134 170 195 176 119 145 63 205 66 201 206 172 112 78 158 211 59 161 61 186 177 125 173 123 125 106 70 131 63 134 204 202 92 83 134 158 123 93 75 84 183 181 144 159 71 156 162 208 144 161 56 213 184 167 182 139 81 192 131 121 138 180 93 125 211 126 180 134 159 175 59 161 68 109 184 136 127 63 109 87 114 133 63 124 65 144 207 177 81 77 63 193 128 215 69 63 87 113
85 121 168 0 200 208 112 66 130 56 101 197 91 218 204 115 128 183 219 184 85 129 208 141 198 156 191 104 182 96 124 177 163 65 86 62 210 114 145 160 160 156 73 81 167 144 108 203 196 79 74 77 150 185 124 87 121 98 189 200 188 180 117 176 78 119 181 160 220 79 91 133 78 79 198 139 188 180 124 72 112 187 167 58 84 154 148 137 83 219 142 148 79 180 97 128 164 129 170 155 206 203 59 188 203 74 127 69 70 202
174 140 203 153 0 71 177 56 101 125 166 113 200 199 196 202 171 159 207 185 215 67 100 117 137 174 175 92 155 79 191 213 76 64 177 145 185 65 186 118 106 69 211 162 214 159 118 218 151 78 124 185 124 191 185 102 191 127 81 134 83 204 83 68 71 162 216 160 99 191 148 74 74 78 173 202 201 114 131 67 85 66 159 192 161 108 157 92 201 76 211 139 185 205 70 111 67 65 201 60 166 130 214 88 67 83 183 173 67 147
162 184 158 137 124 0 201 120 174 139 158 182 139 211 213 190 160 125 198 151 151 56 146 215 132 63 203 85 114 208 105 173 178 108 180 166 82 99 191 215 168 157 165 164 125 152 62 79 56 217 181 63 208 109 109 195 120 179 68 85 116 208 70 184 144 138 219 122 206 206 182 205 60 61 60 101 170 104 124 172 132 193 171 171 118 85 135 77 169 141 192 183 72 74 129 115 174 73 57 176 128 94 114 193 200 139 219 142 179 87
113 71 217 216 121 124 0 189 64 159 151 104 61 180 124 170 90 206 159 82 124 124 181 128 58 146 79 72 205 87 88 72 137 126 60 209 106 98 152 76 82 83 95 144 68 103 218 92 188 83 135 113 180 134 103 65 202 120 94 90 102 71 204 168 58 64 212 113 195 119 193 136 176 61 215 94 186 176 202 152 149 60 67 59 201 193 187 126 207 175 141 68 152 177 145 163 144 98 72 101 131 55 98 77 90 133 72 58 220 81
70 175 200 90 145 202 166 0 96 149 72 74 57 95 94 182 186 65 63 217 107 163 96 68 68 190 106 125 160 192 213 157 145 204 205 93 131 170 180 177 194 133 151 151 211 126 195 160 184 157 187 57 118 118 162 104 76 182 175 164 161 210 143 132 90 116 198 114 194 120 173 183 137 148 99 199 174 140 199 101 157 87 174 124 204 124 120 194 64 180 213 165 56 200 83 185 203 116 139 148 161 127 69 220 96 171 219 97 121 160
81 185 149 141 77 101 86 179 0 205 164 83 128 217 91 81 120 165 166 63 66 211 93 106 120 116 123 110 139 151 102 110 172 194 198 130 70 183 117 120 135 163 166 181 177 148 73 99 85 186 110 109 118 193 177 100 64 114 170 164 129 88 120 88 121 84 106 104 123 78 158 154 155 206 120 171 201 209 113 164 135 192 162 147 84 140 134 65 96 185 147 98 217 149 129 146 117 142 132 71 206 62 99 171 68 80 87 204 69 104
114 95 121 111 198 112 158 114 140 0 147 190 61 219 134 104 160 166 215 196 113 68 91 84 219 210 189 202 158 205 151 178 193 116 109 137 220 122 107 161 142 109 214 205 143 71 181 205 178 178 205 160 79 71 186 106 167 127 57 139 94 149 127 180 118 184 193 85 181 65 141 205 77 183 76 67 93 192 137 85 60 173 136 66 176 84 157 212 124 218 70 63 130 197 173 195 82 78 129 143 218 162 161 207 68 157 209 184 171 138
102 148 210 212 58 162 76 159 120 204 0 83 74 63 178 134 131 170 143 60 163 184 62 138 89 120 192 208 137 209 109 215 78 190 132 91 158 68 100 198 200 196 130 199 198 143 121 181 190 80 141 200 110 169 124 136 186 215 208 190 95 64 111 82 211 126 187 58 209 151 173 195 210 169 118 107 201 220 181 219 110 150 200 123 57 148 76 206 111 86 201 146 158 173 137 82 95 62 152 117 212 194 96 119 148 164 160 163 208 95
158 193 144 195 155 82 218 176 160 211 186 0 57 193 116 58 128 206 192 154 169 208 106 62 218 193 112 97 182 201 207 185 100 142 175 186 57 96 119 176 199 63 72 219 153 161 81 60 100 106 216 86 154 60 58 214 164 96 67 176 142 164 106 203 83 148 111 145 103 128 100 143 209 187 145 72 128 91 183 139 100 71 101 176 93 206 91 201 201 97 75 100 80 143 164 219 99 98 139 171 153 116 117 58 212 197 210 143 127 169
220 75 218 214 189 134 122 152 74 138 65 95 0 202 198 65 154 164 139 177 201 212 182 190 213 148 162 118 210 199 201 89 113 214 173 174 200 150 59 75 195 89 132 184 84 196 88 188 77 115 146 97 199 84 74 174 171 107 119 142 112 201 122 149 190 90 177 90 205 86 193 67 118 129 159 198 146 101 100 59 81 177 106 114 130 152 197 158 133 143 189 139 211 124 90 213 122 155 98 70 116 209 158 137 123 125 83 94 74 83
139 212 106 144 180 56 95 149 70 136 102 114 199 0 101 202 130 169 99 138 161 102 140 140 219 82 81 131 70 187 167 132 205 214 81 127 192 64 134 185 206 174 152 153 175 218 124 199 137 87 118 132 181 164 64 126 215 58 59 86 118 197 154 115 202 215 201 80 178 151 81 57 186 89 207 90 136 79 179 55 216 191 72 197 190 72 132 151 179 192 118 180 212 165 114 135 160 68 169 73 166 106 61 148 179 153 160 206 210 154
173 119 110 153 168 136 192 121 64 208 128 74 215 143 0 213 166 168 95 70 56 203 156 182 89 190 112 211 220 105 170 165 202 131 112 89 65 115 206 179 67 130 196 74 205 152 185 176 194 202 200 125 126 88 86 174 80 202 117 103 186 215 80 63 147 149 138 132 110 55 120 163 150 194 143 107 71 95 93 102 160 107 182 159 193 113 202 89 61 197 159 109 188 63 124 178 122 107 139 189 135 210 99 151 132 208 199 134 190 210
115 114 220 59 120 218 132 59 105 162 82 154 167 149 105 0 169 109 217 132 203 140 85 135 118 120 65 192 86 103 129 74 90 186 191 140 152 193 137 142 177 152 112 135 122 110 140 209 105 142 177 151 147 184 149 65 167 163 160 197 135 170 165 154 212 61 149 86 142 214 204 149 59 174 189 82 219 55 167 163 91 61 189 190 144 209 145 146 107 127 118 197 203 85 202 200 101 111 141 130 122 160 102 219 133 195 79 189 164 203
220 91 81 81 200 79 132 81 219 55 73 153 145 195 74 57 0 168 61 100 192 55 159 108 67 61 103 137 111 192 77 98 197 178 102 137 69 135 176 181 63 92 196 169 201 202 88 104 81 191 154 107 112 200 175 63 188 134 63 199 123 172 213 80 164 65 61 66 71 107 139 153 118 215 73 115 100 59 91 138 135 129 148 107 183 147 58 210 101 216 99 75 122 136 165 148 85 189 77 85 141 110 169 163 171 152 193 106 66 189
175 155 176 194 162 218 86 159 169 120 107 211 184 158 204 100 163 0 107 153 118 122 98 143 71 88 134 97 60 205 145 165 63 142 55 130 123 66 98 73 215 116 210 175 156 138 202 210 212 125 76 205 83 142 212 135 143 160 93 171 168 108 84 132 120 192 105 132 170 74 83 95 219 105 183 146 64 218 211 203 174 103 121 134 164 152 55 157 211 118 102 96 145 194 95 204 155 117 56 204 88 63 217 202 218 94 192 153 208 125
111 187 135 60 160 217 55 138 84 88 155 122 183 193 152 68 110 191 0 141 61 196 74 181 152 66 189 207 68 87 199 121 131 124 128 62 154 76 160 104 148 197 87 94 148 68 184 125 147 66 104 135 79 195 215 136 218 166 110 112 109 196 176 211 188 114 168 69 69 155 65 100 188 202 161 113 89 89 61 160 113 62 152 220 67 213 92 105 80 188 159 62 67 86 71 202 121 108 88 164 80 62 193 103 115 167 102 90 55 191
154 147 176 200 218 114 198 165 128 189 120 189 112 95 76 203 186 94 157 0 166 197 75 180 178 90 216 78 118 93 61 204 156 99 165 206 71 147 116 114 144 161 185 76 84 56 57 115 122 96 167 193 207 199 187 154 115 204 55 194 186 119 203 101 118 101 75 157 72 61 114 199 208 210 153 57 157 130 72 162 62 57 179 138 168 98 116 207 217 72 79 214 66 150 113 211 131 170 205 163 123 184 62 165 95 132 194 183 200 84
126 142 148 173 151 135 185 88 122 206 90 157 95 181 93 63 55 67 194 56 0 205 217 195 71 202 101 217 115 67 170 77 99 116 203 62 86 133 148 130 73 155 124 191 159 60 169 116 88 201 157 138 69 218 96 88 165 206 211 133 100 201 69 113 217 172 55 67 67 79 67 191 124 115 79 163 144 139 61 84 79 214 90 98 93 160 208 111 115 120 141 158 114 165 59 117 149 198 102 68 157 181 102 145 190 135 123 198 73 106
137 189 174 130 151 80 195 142 79 204 83 173 129 207 202 163 63 104 205 83 89 0 86 71 204 121 192 142 109 153 73 128 198 196 75 174 165 203 67 201 63 96 206 193 136 127 76 117 154 130 197 140 219 98 94 179 81 67 142 125 185 182 73 207 135 136 84 147 117 68 188 165 79 206 103 134 116 205 147 181 200 184 132 88 189 73 187 125 56 160 214 150 121 62 210 209 158 74 196 198 158 151 73 124 207 178 71 80 99 193
121 106 194 174 157 165 121 56 69 169 141 56 168 166 187 150 101 142 214 166 151 70 0 91 214 214 197 212 147 118 61 78 182 85 114 194 208 132 66 134 162 101 209 146 149 85 126 133 57 83 218 108 102 103 106 116 118 166 130 123 143 219 202 118 122 78 177 123 194 154 103 77 194 139 69 210 166 85 167 154 159 150 94 66 98 115 65 203 198 162 184 181 138 148 63 220 60 113 81 68 57 132 76 179 186 189 115 203 74 78
215 69 107 102 178 80 200 126 143 142 129 154 159 206 62 106 152 85 156 143 75 205 96 0 146 167 65 65 131 114 129 68 55 198 193 124 86 77 75 97 201 79 178 167 189 86 70 119 81 177 187 201 173 67 81 101 150 178 192 133 105 78 95 162 102 61 158 147 158 124 97 71 188 188 213 87 128 65 196 182 143 79 220 180 163 177 215 204 62 56 140 161 218 135 117 127 146 132 215 133 150 125 196 161 209 82 155 157 210 200
211 169 147 200 211 122 68 150 102 72 203 178 117 77 110 148 68 123 191 202 215 144 84 138 0 186 61 83 101 103 159 208 59 192 215 139 148 92 179 123 132 115 216 126 163 157 113 185 174 216 217 138 163 60 177 203 152 57 101 87 114 92 109 75 159 176 74 86 161 141 110 143 116 95 63 56 126 116 63 117 130 111 161 156 209 124 176 118 70 101 99 114 61 55 112 133 214 97 88 93 155 77 75 212 194 135 166 215 75 89
69 207 105 91 99 198 112 202 214 59 70 122 181 150 150 218 76 91 116 133 165 127 172 188 137 0 67 156 153 96 63 79 167 125 75 177 89 212 137 108 92 97 83 186 188 165 59 147 76 89 190 112 82 150 150 59 158 71 195 84 155 66 152 163 198 131 59 107 115 59 88 158 102 195 76 218 163 209 116 181 195 201 118 211 72 85 183 85 211 202 144 203 124 180 150 209 200 160 79 83 82 66 150 144 212 70 72 59 179 116
205 185 90 117 57 149 180 68 152 171 220 166 135 65 95 58 124 76 97 80 216 187 208 217 180 181 0 137 169 84 62 220 85 163 207 109 84 184 165 151 148 105 62 179 140 144 73 74 171 131 179 162 197 157 91 171 118 132 64 108 191 93 177 110 83 189 185 82 150 131 111 120 74 117 211 134 194 83 141 86 185 81 85 175 88 100 122 156 77 184 110 133 203 77 107 66 116 57 128 142 95 128 145 126 147 64 214 148 167 72
146 160 100 169 117 164 180 197 126 167 156 171 126 211 179 180 169 81 172 130 144 198 195 199 215 152 91 0 163 168 212 114 76 168 63 169 138 74 101 161 115 84 104 150 149 219 68 59 116 130 111 93 132 140 96 167 117 158 110 144 86 220 200 160 161 64 98 206 183 134 172 173 131 212 91 218 158 180 162 217 68 175 189 87 88 153 98 97 191 110 58 123 138 170 175 165 106 93 90 105 79 82 136 180 102 202 105 113 135 168
204 109 198 97 155 194 135 156 61 217 89 139 207 166 211 209 162 169 205 160 194 193 212 202 89 196 68 218 0 187 143 135 117 80 196 67 139 79 151 208 106 125 124 92 82 124 78 147 200 145 95 170 194 208 99 113 89 177 183 134 144 206 167 55 65 176 143 217 118 158 199 201 186 102 75 183 193 145 159 57 60 86 188 172 66 156 110 198 114 104 93 110 159 77 165 205 210 64 168 150 166 166 121 202 120 213 193 144 201 79
99 169 107 109 101 97 80 104 129 175 134 212 95 217 69 189 117 128 125 170 99 177 101 106 96 55 194 85 212 0 134 220 187 175 211 176 148 198 194 149 150 147 141 126 184 92 164 119 108 220 74 91 67 181 100 97 155 186 149 61 143 159 116 66 149 96 132 94 65 117 192 178 220 132 160 98 62 204 207 85 64 98 88 96 71 68 60 148 140 142 177 65 155 56 92 203 63 171 105 195 202 101 195 209 117 120 191 139 120 90
135 102 126 156 56 124 119 71 105 194 149 151 75 103 187 169 82 147 180 62 203 207 134 207 108 120 191 209 57 117 0 151 101 101 123 152 75 68 193 56 58 74 110 116 86 58 110 186 180 219 152 169 132 211 137 109 185 139 75 176 136 209 183 61 185 132 177 95 122 77 165 157 93 58 141 121 119 105 59 113 86 176 106 217 89 61 214 90 171 104 107 154 72 170 97 188 140 186 176 175 165 57 61 206 140 182 215 137 135 216
80 142 153 199 187 192 145 200 60 125 59 183 90 167 210 64 174 187 157 95 139 80 63 129 193 107 119 80 187 185 136 0 154 69 83 128 158 129 101 181 77 129 89 210 113 82 133 90 125 134 195 190 142 114 196 96 75 163 212 190 180 185 147 148 57 76 179 107 92 130 169 81 202 220 121 101 121 144 145 153 174 95 148 127 90 167 152 132 220 169 206 217 80 215 203 165 95 170 97 213 116 125 208 59 96 117 109 136 165 56
62 163 178 129 190 174 80 216 163 66 123 170 152 90 212 56 168 166 209 75 167 217 110 103 217 70 206 108 149 168 82 146 0 218 217 169 214 171 219 143 97 56 162 85 218 57 77 180 177 204 211 77 84 178 114 131 139 161 115 159 137 112 152 135 95 151 62 121 123 55 110 97 194 214 121 129 200 204 83 113 181 64 85 75 111 153 68 166 159 190 184 152 67 183 137 60 64 79 208 203 197 71 183 188 56 127 212 180 219 124
209 70 169 133 121 185 94 78 129 105 202 196 100 143 107 181 161 89 145 59 137 186 168 69 135 103 85 175 214 103 57 188 81 0 115 173 141 194 144 174 95 128 66 127 206 66 196 180 199 158 148 119 95 137 99 196 195 186 214 208 96 112 174 220 70 200 92 105 207 101 141 213 165 165 141 123 216 110 63 212 109 112 60 192 214 198 205 125 214 199 92 61 205 82 122 68 216 165 210 208 109 144 95 95 67 116 84 200 124 214
77 149 122 88 186 69 217 92 210 73 192 139 216 163 170 111 157 89 100 174 113 190 145 129 101 101 188 103 87 192 108 171 97 184 0 169 218 172 79 162 115 56 218 183 137 93 87 86 206 90 123 96 208 199 142 188 75 92 174 164 123 186 156 106 138 128 163 130 197 65 194 86 211 146 165 139 192 125 116 213 211 65 137 173 209 69 144 62 186 158 118 85 71 157 107 73 143 97 122 120 101 55 106 70 133 104 216 163 109 146
175 176 68 187 57 72 176 208 195 69 79 122 130 215 164 135 96 127 139 114 55 71 106 220 141 194 76 198 109 141 119 182 177 198 71 0 209 59 129 90 200 106 126 57 175 107 113 133 179 208 92 210 197 84 174 186 117 108 65 109 156 144 57 97 125 187 174 146 198 219 220 219 78 148 86 164 157 206 127 166 190 176 71 59 210 142 159 60 179 195 194 92 101 146 188 83 99 150 184 61 61 163 214 126 81 116 204 106 175 119
205 173 112 162 56 178 204 220 113 159 82 129 204 124 118 61 64 155 186 213 106 79 191 160 204 103 59 192 211 86 65 108 89 78 150 98 0 150 85 156 78 82 218 149 137 203 189 82 66 92 77 64 157 64 156 217 161 169 135 193 217 71 130 185 112 98 146 156 100 213 107 180 103 85 92 71 214 153 207 118 170 124 172 201 175 214 118 200 153 86 138 81 56 163 70 98 77 125 196 55 107 148 163 61 94 64 145 203 122 143
122 152 157 158 145 174 157 117 213 93 150 197 73 97 187 106 69 190 131 216 100 135 165 201 169 170 98 127 62 97 135 199 94 93 93 215 198 0 105 129 195 155 123 201 61 188 84 68 216 139 114 200 147 74 185 205 89 208 196 155 161 210 111 175 169 145 172 85 151 64 92 130 122 204 150 82 157 134 57 213 162 161 90 131 215 140 68 173 194 115 63 143 215 68 98 174 137 62 132 152 158 198 165 97 214 68 210 207 188 146
146 143 111 97 91 110 70 102 143 87 80 219 166 116 60 170 219 186 216 107 218 164 60 66 211 86 217 59 122 205 215 71 72 189 131 93 99 152 0 177 178 205 74 96 200 160 157 204 102 131 152 130 171 156 138 180 208 164 193 84 211 157 185 210 127 131 211 94 106 121 80 55 127 191 62 189 214 190 168 96 96 191 59 214 158 107 217 120 198 181 116 185 98 76 149 176 134 58 86 125 179 162 160 172 179 153 138 70 96 191
197 219 181 171 70 81 139 189 114 62 128 132 169 153 184 149 141 132 76 155 67 79 137 196 157 166 133 153 182 86 157 152 176 160 90 186 160 208 197 0 85 78 78 137 156 196 136 118 171 120 202 192 215 91 58 92 70 218 214 210 148 69 79 218 162 137 102 129 136 123 82 151 146 120 72 68 121 174 150 81 136 58 158 68 149 203 64 119 85 64 215 196 79 90 76 164 102 139 198 65 88 105 172 193 79 102 77 214 177 71
94 84 217 90 133 122 126 117 154 163 153 159 214 99 72 69 133 220 198 75 189 203 129 180 154 57 65 169 189 165 94 182 214 220 96 108 201 161 104 71 0 212 133 103 122 196 215 210 109 124 62 212 101 151 89 59 58 67 189 194 76 74 218 177 102 81 93 56 67 171 214 80 120 190 188 94 61 194 210 105 148 155 118 59 106 72 162 62 213 113 216 170 147 119 55 86 140 136 158 188 152 116 86 70 69 139 210 172 130 90
183 176 168 220 148 180 208 115 165 212 133 190 61 76 90 112 82 102 195 152 145 196 101 176 153 108 127 113 195 91 172 168 131 162 141 209 132 212 190 152 117 0 173 201 130 99 61 157 118 125 84 99 85 146 201 75 206 206 65 135 128 73 197 121 168 159 186 67 137 71 168 77 191 175 211 58 98 154 141 199 183 186 72 198 65 191 145 217 154 180 105 200 127 197 143 95 215 166 144 217 143 103 97 87 123 90 180 140 153 138
88 133 215 188 147 60 103 79 76 57 140 114 220 150 102 120 146 152 85 164 74 166 193 162 181 213 104 84 120 219 133 89 199 134 213 204 64 60 134 132 103 194 0 113 134 83 102 136 121 86 219 180 114 157 72 110 118 111 73 70 120 124 106 126 82 189 197 74 154 102 103 123 116 159 180 194 86 167 166 212 86 151 99 176 69 208 158 123 216 201 144 186 99 101 104 81 169 163 171 108 156 98 186 220 58 123 176 160 168 130
146 115 74 68 198 144 208 123 190 70 80 178 118 139 62 76 171 128 69 113 152 185 206 211 138 93 188 76 95 125 142 67 133 146 131 170 65 150 80 179 121 165 196 0 63 145 88 135 72 204 98 112 181 58 177 186 181 212 98 160 165 99 84 164 124 55 162 129 191 73 172 132 70 199 89 219 128 84 137 203 172 130 110 106 199 220 157 160 125 197 162 129 131 157 170 217 75 208 108 135 83 206 159 161 115 157 146 157 88 186
167 65 209 58 110 169 211 171 212 199 171 205 179 123 121 112 56 176 215 156 197 64 133 220 80 215 136 109 61 102 155 142 163 181 107 161 99 100 101 83 133 140 119 105 0 62 147 113 154 121 90 194 80 146 127 117 75 103 154 119 206 97 90 142 200 159 175 170 206 192 205 68 58 153 130 153 206 58 77 144 214 113 98 87 193 217 159 198 190 91 76 72 140 109 124 202 91 97 81 147 147 135 159 145 187 94 84 157 166 196
201 188 144 168 85 100 127 159 170 95 92 153 117 155 194 71 131 78 78 151 75 123 157 210 87 130 220 187 188 154 144 172 182 150 151 63 165 196 185 153 206 149 133 66 71 0 144 97 186 151 136 156 102 137 95 68 184 116 200 177 163 107 204 69 218 144 78 161 64 203 64 165 171 153 95 177 175 206 56 124 73 131 105 205 191 153 204 214 191 144 215 195 136 213 170 214 208 58 180 85 58 169 161 216 118 141 168 187 145 139
136 110 144 80 92 148 122 137 169 156 195 76 56 166 64 114 148 116 86 60 145 75 170 112 104 110 93 66 156 132 102 143 140 89 195 66 94 114 139 113 151 62 180 88 75 74 0 84 99 208 61 81 115 157 89 66 142 77 145 159 183 129 78 69 163 146 220 105 83 106 102 66 158 128 121 164 216 150 209 74 125 188 76 187 107 102 111 121 114 153 109 74 182 93 125 184 59 114 139 97 210 137 114 167 57 209 180 132 109 130
155 73 56 90 204 107 123 81 162 213 69 62 64 213 117 203 91 134 162 158 90 216 117 124 93 205 194 105 195 164 218 139 138 147 128 165 197 72 185 97 207 84 135 61 102 75 217 0 141 81 194 121 186 135 91 185 59 171 159 179 212 56 218 120 206 107 155 90 187 185 204 153 159 134 87 202 102 164 220 123 184 216 118 167 189 55 193 89 90 152 144 91 183 167 114 156 215 169 202 144 174 144 87 193 131 176 165 77 217 78
194 55 156 108 124 164 192 83 56 76 184 59 211 90 127 142 64 169 151 174 115 209 140 119 192 134 197 57 217 102 190 82 158 210 198 185 56 189 75 199 212 68 203 76 124 152 99 134 0 126 214 204 135 103 115 65 87 132 96 97 71 143 122 122 165 92 66 58 219 79 129 61 137 140 137 101 122 147 158 70 132 82 131 183 197 199 181 220 132 205 214 173 86 206 62 93 120 189 119 128 142 175 57 206 111 95 154 204 186 88
179 137 74 118 148 214 76 142 145 123 118 158 98 134 205 113 188 103 104 83 65 166 125 168 172 156 155 134 198 58 131 220 131 111 157 59 125 189 136 121 73 189 147 157 67 91 119 67 153 0 70 176 203 124 87 166 94 169 73 100 74 62 135 96 130 80 149 202 182 170 122 62 147 160 213 65 122 197 62 75 219 101 130 211 120 86 123 213 136 177 107 58 203 130 156 141 102 199 120 68 87 207 69 109 138 198 103 197 146 67
200 63 55 92 95 163 119 81 83 91 196 178 134 123 123 200 161 69 104 186 166 64 78 153 145 197 152 55 168 190 92 180 133 150 193 98 112 147 156 100 109 98 98 118 197 144 194 88 197 159 0 63 200 100 71 104 129 192 187 130 175 60 98 65 74 123 173 94 151 55 178 79 62 65 171 179 110 159 214 135 121 121 206 131 56 68 93 208 185 187 116 187 218 79 81 130 63 107 91 120 101 170 118 172 140 126 127 184 109 61
133 55 110 179 111 109 165 202 148 158 188 120 158 130 185 127 156 168 130 125 130 67 168 217 67 73 178 194 130 136 208 115 87 110 83 192 127 87 80 166 81 80 70 140 138 91 71 204 179 63 205 0 177 179 200 183 219 102 152 87 218 199 71 182 90 152 208 130 70 55 181 149 91 92 67 60 87 205 154 161 203 188 70 98 98 113 175 186 63 141 83 162 108 154 196 109 150 188 133 120 80 153 186 199 79 174 129 127 167 177
188 85 68 87 97 89 96 151 218 96 201 211 122 200 122 215 182 144 188 147 75 219 211 68 166 216 193 179 102 219 94 169 123 171 215 123 165 128 201 159 85 156 93 110 134 210 73 120 78 72 136 155 0 164 74 162 142 60 88 139 122 83 174 57 66 201 142 156 142 114 162 171 197 184 85 111 69 116 141 102 141 85 57 165 182 149 156 190 61 123 209 186 62 209 205 152 74 100 187 176 100 133 174 172 219 194 186 128 198 159
188 153 63 184 213 131 148 113 180 141 173 104 176 115 100 157 70 132 58 161 123 140 116 133 187 60 140 205 136 219 161 169 152 94 144 181 157 58 65 195 111 111 192 84 81 99 212 159 212 143 134 219 86 0 192 179 140 90 199 171 207 75 103 216 163 147 78 209 194 196 80 124 154 91 139 194 195 96 71 200 130 144 116 194 214 181 215 67 170 119 201 181 98 66 84 196 71 182 220 119 209 57 95 102 98 163 152 217 108 168
72 180 114 125 169 105 196 106 71 67 207 189 128 170 73 209 168 132 94 170 186 66 59 105 77 111 180 153 176 107 186 104 140 190 180 181 68 146 196 195 219 154 118 78 175 139 104 151 169 103 91 139 93 131 0 89 82 109 90 167 71 115 116 89 81 189 195 175 139 61 171 59 100 100 84 210 96 61 164 73 82 79 70 146 199 195 132 112 94 178 67 66 79 93 205 90 78 88 139 161 191 162 220 185 178 94 176 111 132 109
93 138 112 121 207 115 57 64 156 75 59 201 154 134 136 149 114 67 168 193 132 140 137 170 70 78 60 81 123 161 65 150 181 168 190 125 116 211 55 121 215 180 64 68 104 62 104 104 191 206 77 112 61 89 89 0 214 118 96 192 161 156 120 184 198 210 147 131 120 213 216 210 128 146 189 159 125 143 155 180 95 161 220 82 143 85 215 181 108 82 103 72 122 199 181 118 126 80 195 205 58 68 160 75 129 139 215 212 87 137
56 197 207 202 55 63 202 85 175 81 66 137 93 153 151 169 112 187 91 115 93 111 56 139 82 168 125 155 154 87 182 121 187 97 92 136 66 156 113 133 200 174 212 121 78 101 144 177 168 145 136 193 195 204 141 114 0 94 166 168 195 56 126 141 210 168 179 73 66 78 95 98 171 150 152 109 55 158 213 117 145 134 199 214 73 81 99 193 194 182 187 177 207 119 126 156 168 218 218 70 114 190 98 195 141 128 189 126 70 87
212 123 151 119 180 146 160 217 140 210 190 166 213 76 156 215 66 69 176 65 183 136 133 175 193 131 202 76 122 94 182 108 80 58 163 87 184 137 172 101 114 131 158 60 141 161 65 131 135 66 165 172 97 56 189 115 64 0 137 96 62 161 149 206 82 188 181 127 218 75 98 90 70 217 196 151 170 184 217 119 77 72 194 220 196 115 188 70 148 157 65 85 89 108 149 202 135 190 147 210 104 129 193 79 57 189 74 219 83 179
148 201 151 188 88 154 168 150 128 177 105 147 69 162 85 156 93 101 209 164 121 117 204 136 120 173 130 194 102 121 66 63 129 123 190 61 177 169 124 181 207 119 112 201 213 97 64 107 72 161 197 138 135 97 120 63 159 206 0 73 183 157 125 66 177 56 213 148 91 178 213 114 84 160 74 79 167 91 164 118 112 147 215 144 188 219 206 139 111 220 93 173 122 130 95 73 133 125 85 215 196 170 94 71 213 209 182 59 180 156
109 155 202 110 177 84 108 184 111 88 81 102 164 183 89 159 149 130 206 125 90 108 62 124 70 99 69 215 80 58 210 119 93 158 152 160 179 89 126 66 181 60 143 157 216 138 187 212 76 190 55 94 73 145 183 218 211 82 116 0 126 88 142 106 81 126 183 144 114 174 66 185 135 194 76 91 126 93 171 180 196 216 100 79 187 108 171 155 158 206 143 175 125 134 72 133 87 98 133 193 215 176 86 119 115 172 113 83 169 79
220 117 67 94 138 121 63 198 110 82 182 55 185 97 214 204 125 71 99 66 100 78 139 156 158 67 192 87 74 133 219 68 156 111 143 59 216 139 147 151 199 219 88 168 78 197 183 175 187 140 164 198 70 127 60 108 128 96 158 145 0 136 137 182 123 146 68 134 102 120 68 173 220 157 138 204 133 61 148 181 208 126 87 139 208 178 66 79 205 189 211 158 148 153 118 209 195 174 167 217 155 126 183 169 102 186 166 149 204 114
202 157 173 198 127 156 159 66 122 72 80 148 201 122 170 101 118 90 95 123 119 167 213 87 73 201 195 130 176 150 198 214 99 192 61 97 88 137 144 63 206 213 200 171 87 209 165 95 156 220 98 127 217 114 219 137 125 58 146 120 136 0 95 94 207 119 201 74 150 67 158 164 131 167 214 138 88 66 58 97 63 117 122 214 148 182 134 190 87 199 146 163 119 196 118 149 102 102 151 207 170 65 167 157 77 126 78 215 169 162
130 77 210 182 111 179 185 92 86 139 97 148 183 64 173 60 87 55 215 64 68 58 137 78 67 186 97 195 82 123 139 192 204 158 152 63 129 185 117 180 153 188 96 190 102 59 97 98 216 193 66 217 97 198 114 94 99 97 187 101 186 85 0 208 176 95 132 106 83 63 96 150 127 76 210 92 108 150 92 133 112 203 82 135 63 147 62 62 114 98 155 219 143 202 131 187 206 78 106 79 130 124 74 139 86 173 72 172 200 194
62 130 152 91 107 157 94 187 108 148 124 180 85 179 214 147 212 142 100 188 72 144 78 147 134 131 202 179 91 126 119 86 193 146 92 200 126 189 111 192 193 72 188 83 144 120 93 203 180 178 64 100 170 56 137 85 186 127 134 148 143 91 80 0 95 204 70 125 90 113 140 214 158 92 97 138 153 74 98 81 124 149 118 186 81 204 189 171 217 173 57 94 140 125 56 159 170 137 213 71 136 206 155 186 139 184 176 117 156 98
68 154 124 157 58 70 140 103 155 78 135 214 179 173 61 60 126 214 98 199 63 215 161 148 116 147 55 106 183 149 65 172 135 133 136 179 165 61 84 60 98 137 211 154 209 198 85 160 209 109 141 135 138 79 134 218 137 173 186 208 94 200 180 88 0 212 205 87 65 82 72 186 65 213 211 195 206 139 145 56 152 69 94 218 143 129 123 92 77 97 82 83 193 76 139 155 80 205 135 69 55 64 112 208 104 213 82 104 220 173
110 191 174 185 100 215 82 169 64 96 113 113 115 117 66 80 151 128 166 205 73 98 218 195 61 61 95 127 161 136 219 170 196 101 184 84 113 75 190 195 99 200 78 219 78 192 106 184 128 217 81 129 114 103 130 191 159 121 155 169 141 76 211 210 138 0 66 167 77 81 166 216 72 136 92 136 108 206 64 177 78 175 217 122 153 146 163 196 114 81 82 126 217 113 148 162 74 91 154 130 201 137 75 209 143 160 219 107 215 131
220 132 79 193 210 188 179 180 163 66 181 153 118 183 213 180 68 70 91 90 97 147 107 142 83 167 169 63 114 97 197 211 78 124 74 166 180 147 55 74 65 145 97 129 175 85 213 215 76 91 78 150 145 107 148 126 76 104 147 194 190 104 117 183 100 138 0 126 80 106 186 84 203 173 183 66 187 201 195 85 184 94 112 125 165 179 195 173 117 173 99 133 149 153 147 60 63 55 116 167 117 85 86 143 63 97 120 155 58 88
94 109 131 83 95 128 128 218 90 130 193 70 178 210 214 90 197 90 182 65 125 180 171 162 199 111 93 212 196 98 187 195 160 160 194 169 171 90 83 62 98 188 67 88 145 97 218 63 84 100 151 96 178 77 186 204 184 162 153 213 93 93 75 115 190 158 141 0 102 146 185 89 220 135 180 191 151 161 201 111 85 197 163 108 206 68 184 106 59 67 65 78 106 152 182 106 158 64 166 154 61 114 94 130 58 177 207 84 91 59
203 110 73 169 218 74 156 144 80 194 132 216 154 203 76 55 76 90 73 106 116 148 213 171 100 92 121 89 181 83 77 65 106 55 157 132 139 206 172 190 185 58 76 197 66 65 67 72 80 193 167 145 211 120 146 175 220 110 59 110 62 181 191 78 216 211 85 180 0 210 93 56 113 92 72 107 152 87 140 210 192 178 217 106 101 178 164 80 146 196 184 106 77 145 179 204 89 175 85 109 133 174 156 212 164 160 127 199 148 215
88 111 92 60 87 196 142 117 90 191 108 160 111 161 139 160 90 162 187 67 201 133 67 94 132 75 96 182 55 128 160 202 152 173 141 93 201 113 140 145 92 66 90 157 169 194 168 158 211 149 193 68 102 189 158 154 134 129 75 210 179 212 202 135 103 69 141 81 161 0 135 136 141 141 77 155 203 164 193 166 86 214 161 152 138 212 212 169 219 185 216 159 106 220 169 144 142 64 139 216 154 168 138 76 143 219 170 167 125 206
157 146 172 207 65 134 189 60 197 211 58 56 163 125 122 116 98 187 127 77 208 161 102 128 137 218 171 178 124 85 203 115 63 143 99 157 125 172 104 134 100 146 57 159 136 107 180 160 153 66 115 170 80 123 118 167 147 111 76 94 219 125 65 212 74 182 138 92 192 114 0 179 134 152 161 108 132 111 135 78 121 176 202 164 177 185 146 157 60 63 195 149 151 100 166 218 186 118 164 86 180 122 198 87 141 120 202 125 59 71
198 138 135 158 172 149 66 81 122 72 65 206 200 210 113 138 102 125 198 100 188 157 193 202 212 198 83 141 113 143 163 204 217 207 60 173 106 176 128 132 68 89 161 85 145 143 152 87 177 60 209 60 119 209 193 209 128 123 210 217 104 100 218 134 92 122 150 197 158 109 217 0 167 198 103 127 201 194 220 79 94 180 159 60 205 208 213 70 68 63 72 114 70 150 175 161 193 162 101 126 76 178 185 192 195 78 72 62 110 61
82 110 133 203 137 128 172 204 55 185 83 178 177 77 180 187 207 190 213 59 107 175 152 204 59 131 72 58 128 55 116 78 55 174 73 199 153 165 112 111 101 207 211 128 94 170 198 204 158 218 71 146 62 192 200 106 137 153 169 149 57 192 114 179 160 57 148 168 182 113 210 121 0 85 180 134 204 130 167 219 140 72 110 101 187 155 65 119 168 183 73 66 162 177 160 190 217 155 190 159 177 169 121 116 185 219 89 91 87 168
147 141 161 212 192 69 72 208 103 220 201 209 127 107 101 140 85 64 97 59 180 158 60 69 87 161 144 74 148 89 193 120 120 214 129 87 157 99 172 75 140 120 99 102 86 148 105 156 132 114 85 72 63 111 87 55 147 174 144 72 134 214 98 194 128 122 77 160 85 203 99 220 83 0 159 107 141 71 136 82 202 157 153 74 168 92 88 76 181 62 138 213 144 108 93 218 134 105 164 58 88 158 151 85 170 184 105 184 65 172
139 187 100 208 162 56 114 194 206 153 165 58 194 71 93 205 190 218 220 99 149 179 161 198 159 133 155 190 190 215 56 118 123 167 86 73 114 143 159 204 142 155 124 213 205 62 159 193 200 64 62 211 60 116 78 206 108 197 91 64 219 74 195 164 192 215 109 165 165 100 200 218 85 152 0 150 196 190 145 64 179 159 99 74 216 207 82 220 160 174 101 93 184 182 92 158 140 167 102 126 192 188 65 141 211 181 69 150 155 194
58 69 91 186 71 207 162 202 112 139 98 74 106 148 203 90 71 79 205 99 79 205 59 148 127 133 108 69 220 71 208 196 92 167 219 82 89 219 154 137 163 191 148 106 116 161 160 142 210 151 107 220 115 61 194 149 110 132 144 71 213 172 89 126 207 145 189 166 155 189 79 128 90 118 144 0 187 124 117 125 145 203 116 57 182 180 137 215 84 183 97 129 64 109 82 77 209 205 197 93 167 180 150 60 209 189 146 95 144 106
175 179 127 158 186 145 216 184 98 136 205 155 143 213 143 113 76 63 206 60 157 116 121 188 206 174 80 78 207 166 86 179 141 188 151 95 212 174 83 196 78 181 118 184 196 85 86 119 61 135 96 133 63 189 157 55 161 103 55 109 201 180 80 202 156 167 198 125 78 175 159 182 155 111 125 198 0 155 170 59 92 85 137 81 104 135 157 209 89 84 172 97 191 99 76 59 76 206 73 115 174 107 210 94 109 143 216 183 210 147
64 63 121 56 66 170 113 67 140 165 129 97 206 191 155 151 79 144 105 68 117 56 176 146 124 186 209 194 62 143 93 72 147 153 65 215 99 98 197 164 93 74 81 123 130 137 80 153 183 213 218 82 155 169 220 127 121 166 66 156 219 90 147 152 139 75 72 83 98 191 182 126 63 83 132 99 187 0 148 183 92 180 86 61 151 78 69 107 98 140 95 207 98 183 55 169 197 142 142 117 103 210 175 170 134 96 109 175 144 217
59 210 143 218 173 220 100 147 61 58 120 77 201 160 205 139 196 79 152 174 67 204 216 172 118 97 103 83 109 168 172 122 150 57 174 220 142 195 182 120 90 129 156 116 182 181 112 109 196 88 164 151 205 101 143 109 210 76 209 56 67 110 119 198 87 109 212 64 186 133 75 213 210 128 80 130 124 217 0 153 131 59 178 65 126 190 135 203 178 56 146 208 121 93 220 220 151 168 144 138 177 164 122 83 95 125 73 104 141 125
218 211 170 88 83 194 159 212 158 216 161 122 171 80 177 121 205 141 98 57 115 175 108 120 201 74 121 153 89 83 165 166 158 119 149 183 158 207 186 146 111 102 109 74 183 61 120 151 118 211 100 194 158 147 99 93 158 118 121 191 143 93 86 150 215 126 120 164 58 186 122 137 192 121 149 55 89 217 166 0 73 154 168 58 219 141 145 153 87 167 136 126 162 182 132 165 63 121 59 202 108 195 205 96 55 217 70 122 133 180
129 63 128 112 80 96 176 144 94 74 113 141 220 189 122 164 58 216 151 59 183 217 174 97 165 217 158 102 115 90 162 83 135 103 206 165 198 111 168 171 121 93 208 94 195 72 103 177 155 172 79 155 196 199 88 86 112 217 206 109 190 87 209 158 137 159 200 181 134 123 110 123 147 87 129 143 142 77 175 219 0 77 109 178 85 73 183 87 184 153 180 197 140 133 171 101 56 73 196 55 149 97 199 172 159 107 123 62 71 66
110 163 158 202 179 143 113 112 143 185 147 139 180 84 166 79 171 175 111 111 152 203 210 150 86 211 189 117 160 55 182 198 58 57 113 85 134 124 144 93 205 213 140 213 146 215 166 128 147 152 118 187 185 194 133 132 85 141 82 121 180 121 125 201 82 180 118 203 82 70 148 92 104 172 130 69 208 180 76 125 152 0 135 206 212 179 218 187 72 158 114 131 67 160 157 56 159 160 192 109 86 90 129 208 73 217 133 119 158 72
61 164 103 56 171 149 173 71 154 72 136 171 95 176 162 91 96 55 129 85 76 208 158 145 200 94 133 63 196 60 119 152 65 175 124 200 70 58 162 161 183 65 79 115 182 177 203 108 183 88 62 188 196 152 220 94 140 145 121 59 115 120 209 203 83 197 123 133 104 155 170 178 166 88 155 216 76 55 83 69 84 112 0 79 78 159 129 103 72 183 63 131 78 214 56 217 217 198 81 143 134 158 60 214 211 147 155 115 187 124
113 211 150 73 163 56 116 220 154 200 192 72 58 163 70 120 175 180 90 121 98 126 114 56 72 118 120 189 220 97 204 176 160 99 123 130 75 154 105 133 116 149 186 156 167 74 193 198 63 158 100 207 59 125 206 191 89 108 154 96 212 65 165 150 192 132 63 110 185 63 185 63 83 167 199 210 108 126 199 148 106 129 98 0 146 72 176 200 135 189 166 59 142 162 177 146 181 218 157 201 125 204 190 165 141 56 81 180 178 72
152 168 206 120 71 74 174 180 161 57 74 159 137 164 204 110 117 145 70 200 96 144 78 97 175 134 203 196 81 56 118 63 121 150 71 155 104 193 140 108 205 128 118 101 181 151 218 148 56 116 104 110 150 95 182 125 213 180 180 64 166 191 184 92 162 174 198 180 62 71 130 207 67 114 90 76 102 92 124 68 142 210 220 217 0 121 121 122 134 58 122 60 83 154 145 214 159 70 201 189 68 205 97 161 205 149 179 202 136 181
75 128 138 56 161 75 89 178 100 201 206 204 71 100 210 75 155 145 211 94 99 180 133 94 179 131 206 83 201 116 161 99 201 213 66 143 123 99 74 162 59 58 121 59 65 68 178 127 117 102 181 137 57 187 131 95 146 128 124 212 102 148 126 64 136 174 61 97 107 83 197 144 172 176 135 106 143 108 189 92 178 62 118 217 140 0 153 110 119 136 55 131 105 71 110 57 133 149 179 203 174 165 209 178 125 68 108 118 184 176
144 217 91 64 146 63 136 208 186 157 200 115 198 58 204 57 167 188 102 220 161 110 62 182 211 205 209 146 108 164 152 153 206 89 96 167 65 128 213 81 88 164 121 128 62 185 201 85 153 91 145 95 172 105 202 124 188 108 90 119 97 203 80 213 135 71 104 192 203 161 80 135 186 128 189 141 104 84 149 63 147 68 110 171 187 99 0 141 193 137 164 153 93 118 138 125 139 98 78 177 207 138 144 135 138 206 191 129 120 161
213 100 158 145 76 194 131 134 63 171 159 104 175 135 157 92 155 101 205 84 69 102 94 192 82 184 125 128 118 190 98 198 93 193 209 105 200 100 194 189 207 211 136 198 67 79 209 100 95 185 90 191 219 124 122 137 211 59 166 196 193 133 177 153 57 100 144 218 60 164 133 65 187 145 145 61 90 99 133 62 185 131 119 163 110 217 184 0 105 163 147 156 91 122 110 115 108 124 151 97 133 181 129 82 65 194 172 97 190 112
123 169 115 118 128 171 205 95 106 214 157 99 88 60 213 137 133 97 208 97 143 199 144 80 80 188 185 121 127 217 149 126 96 90 126 141 184 111 115 218 67 148 100 168 137 200 191 126 156 83 168 173 59 114 92 163 110 159 56 184 113 63 85 139 94 83 210 117 77 160 57 135 145 91 168 173 80 114 142 190 109 123 136 179 112 57 200 81 0 82 71 152 113 57 184 163 142 126 65 211 92 99 81 79 102 173 74 171 167 216
135 177 179 117 214 103 78 131 212 67 217 204 105 183 62 132 179 197 140 67 147 154 191 162 82 91 60 84 168 203 60 130 201 152 82 134 78 188 158 181 153 214 72 80 208 170 158 108 202 141 198 150 195 87 179 95 191 75 184 176 197 92 80 82 156 120 90 67 218 201 58 89 97 186 204 89 213 134 79 126 117 166 65 160 169 169 133 118 190 0 114 110 197 203 55 164 179 76 206 116 191 167 115 162 57 160 141 125 102 124
106 61 216 127 154 169 65 110 161 132 219 192 111 189 187 213 111 56 213 202 112 202 128 80 130 185 55 80 82 115 219 216 109 178 180 66 150 198 113 191 106 165 157 155 88 187 69 122 67 175 184 167 191 76 133 202 151 129 100 209 141 196 65 159 79 150 209 135 106 94 130 184 178 64 203 198 128 214 179 110 56 57 193 143 123 82 190 100 141 98 0 75 179 193 74 218 108 98 164 184 175 113 137 132 124 162 215 73 137 162
204 108 89 117 167 122 173 133 175 140 111 182 219 109 176 165 181 114 181 199 114 80 133 172 132 171 104 186 199 107 109 158 78 151 105 199 151 202 112 95 89 192 133 185 164 181 215 151 64 105 121 155 157 142 205 76 70 140 57 198 82 157 215 59 206 199 197 166 184 87 206 195 160 95 180 64 147 114 158 97 126 216 175 76 83 141 104 59 68 200 214 0 105 130 99 183 145 111 84 64 89 170 158 62 58 207 143 85 91 75
89 187 88 100 211 119 86 70 110 141 145 165 80 82 159 149 218 64 74 66 216 156 169 207 57 178 118 103 106 62 154 168 71 180 110 108 142 122 97 93 157 204 157 105 63 63 209 170 143 159 56 79 194 165 158 189 76 126 83 68 134 158 115 95 179 100 154 55 76 84 61 159 143 193 101 81 60 85 67 112 114 59 104 84 137 203 178 117 172 99 150 57 0 69 215 72 124 77 72 60 143 56 93 127 148 191 171 112 59 99
186 172 206 95 206 161 77 156 167 201 204 173 60 97 157 147 213 209 170 162 124 192 177 146 130 151 112 136 61 146 202 116 162 63 99 208 165 182 173 156 188 181 79 98 183 104 70 158 154 123 73 217 90 194 104 110 109 154 172 109 172 112 78 169 107 193 150 187 78 169 183 124 72 168 114 177 134 75 121 63 103 111 161 183 96 185 123 58 112 130 159 199 180 0 132 206 80 137 211 75 220 72 215 57 159 103 210 83 154 199
201 152 183 158 151 121 109 109 93 134 87 68 62 78 175 120 202 86 122 188 107 168 132 124 193 123 189 170 99 200 130 84 129 83 198 163 128 112 184 201 113 119 165 86 116 180 172 133 129 118 66 77 199 117 177 179 63 172 55 206 93 187 136 190 199 102 166 77 82 114 108 219 72 171 156 118 210 201 143 74 202 73 56 60 67 83 197 82 142 139 75 190 215 87 0 71 184 198 204 207 78 203 187 91 76 70 110 137 195 215
197 86 174 182 82 91 184 136 197 89 215 143 220 178 75 144 73 181 139 164 98 182 144 151 205 174 96 71 173 184 154 95 216 168 128 186 77 219 217 82 220 173 124 165 146 187 78 205 199 187 57 126 184 160 148 107 148 89 179 113 175 109 85 180 91 197 214 163 114 209 157 115 219 189 156 109 130 65 177 89 71 162 219 73 189 113 98 77 123 151 204 196 208 148 103 0 107 194 98 117 172 93 69 157 199 62 173 150 134 161
124 217 62 103 170 138 127 179 115 69 101 220 83 182 119 137 146 198 142 170 162 171 196 162 196 93 128 156 87 208 219 62 107 98 76 140 151 219 192 55 72 185 124 116 128 71 200 74 137 56 73 85 216 105 197 88 91 93 77 93 160 150 86 166 81 168 220 96 62 195 146 90 177 201 175 71 141 206 130 84 213 146 184 97 163 68 187 133 210 120 81 210 61 101 146 120 0 132 70 191 107 199 67 201 142 127 198 168 96 82
58 106 140 65 216 101 114 213 107 75 162 209 63 200 65 178 123 140 182 136 119 64 113 117 134 67 130 98 168 98 148 87 146 213 215 116 116 95 69 60 69 151 105 61 188 143 187 93 75 95 206 186 166 62 76 144 71 217 203 100 129 77 95 170 89 70 135 170 171 81 198 97 105 94 110 158 65 134 79 197 196 213 140 195 168 184 105 195 149 129 205 67 74 184 123 212 112 0 120 119 167 210 181 198 67 56 128 207 56 59
108 130 121 100 55 171 121 74 56 182 210 130 146 83 132 187 159 211 179 218 169 74 208 152 114 57 151 149 188 163 120 67 88 166 179 197 82 124 58 102 151 112 71 207 71 137 91 180 62 189 142 58 70 178 145 192 99 214 110 88 72 196 204 92 202 107 84 123 109 85 167 196 155 72 203 185 145 103 156 89 150 176 215 59 103 150 171 147 197 140 152 82 142 107 151 106 179 58 0 204 165 82 210 121 65 184 66 191 112 83
58 164 213 97 111 74 198 117 155 87 79 213 206 57 194 71 107 128 85 143 96 89 57 91 151 140 125 124 109 132 206 134 102 183 124 124 89 181 158 178 73 170 187 190 209 103 190 76 200 212 78 198 121 181 187 94 127 57 152 179 211 97 202 59 110 171 128 95 187 177 89 181 135 119 91 101 197 189 113 217 160 58 104 106 82 152 55 116 193 201 178 61 152 193 144 154 115 139 212 0 106 144 209 105 67 56 201 116 87 97
190 134 139 82 80 69 153 140 133 160 63 108 124 117 84 87 151 76 62 110 109 164 171 79 194 216 201 213 130 129 77 128 174 156 177 78 194 127 171 139 92 61 143 196 102 106 178 146 217 79 171 132 149 76 166 95 146 91 136 139 157 215 110 128 134 161 181 138 100 65 133 128 70 194 130 184 73 171 175 106 67 132 183 218 159 55 209 183 146 220 55 78 208 111 155 68 154 158 55 104 0 137 107 102 181 211 69 128 177 81
125 107 148 78 84 192 88 83 96 69 206 139 147 146 121 210 200 105 179 89 89 190 55 174 79 110 119 88 164 94 148 135 145 219 56 95 85 56 219 137 203 185 92 55 211 196 124 197 96 74 55 67 87 80 191 146 63 145 211 117 149 66 75 188 117 150 206 85 200 210 177 178 59 203 214 155 179 125 147 161 203 151 162 58 65 175 99 154 186 66 141 105 213 155 141 131 190 159 131 134 128 0 72 91 128 209 183 132 83 63
119 140 136 101 88 186 104 98 68 162 171 132 150 120 173 194 56 78 208 103 94 59 82 185 91 63 82 138 59 100 217 146 145 103 194 110 56 66 193 218 174 213 185 134 56 145 175 157 168 157 217 204 80 175 161 92 158 201 192 117 202 110 212 145 142 192 178 79 216 139 140 193 209 116 144 113 67 179 75 86 110 70 211 148 113 190 210 128 123 92 183 183 180 171 131 124 110 110 65 101 171 212 0 116 171 177 79 197 97 137
78 200 188 59 75 79 111 175 155 123 139 75 216 212 194 176 68 110 174 174 108 92 89 207 152 180 71 185 220 194 65 58 192 107 127 84 71 64 206 61 182 101 105 175 81 131 146 150 146 96 194 125 107 126 115 124 147 108 135 133 142 166 92 153 150 102 193 166 169 108 61 106 107 102 175 126 64 172 108 213 74 57 178 128 101 63 198 100 181 131 146 114 208 167 147 197 91 179 149 187 147 161 185 0 178 140 174 103 200 135
215 67 144 144 79 122 189 193 80 117 133 135 147 66 58 78 78 102 191 63 215 203 157 215 210 163 201 66 191 205 218 188 60 158 207 62 179 87 167 118 215 101 215 102 196 132 61 189 80 195 192 64 183 114 198 89 168 91 144 123 171 72 199 167 124 154 98 149 81 206 138 176 63 120 110 145 109 191 82 194 64 84 134 143 55 88 57 211 137 213 161 205 74 195 115 215 180 93 136 190 167 170 179 189 0 165 192 122 64 136
157 106 192 99 187 157 69 150 214 215 131 214 163 207 101 158 57 67 74 202 191 96 209 55 180 152 165 89 152 68 141 176 91 148 211 121 87 124 175 180 106 201 158 169 56 57 59 113 219 185 61 66 120 215 157 77 209 190 167 199 173 165 78 109 153 164 176 129 110 174 131 147 135 144 126 159 179 118 190 152 150 68 95 186 81 125 133 220 183 101 79 155 119 106 194 60 168 59 207 169 61 179 164 82 159 0 102 55 174 197
190 116 186 192 81 183 181 62 175 113 70 178 179 124 118 82 145 136 160 132 148 204 85 122 95 109 97 77 199 192 169 162 192 88 125 178 124 155 81 170 67 96 173 70 152 164 173 56 114 210 55 149 168 181 200 57 119 137 184 87 210 61 198 164 70 149 205 62 212 131 214 185 125 101 214 123 180 104 146 212 196 188 88 130 204 80 121 123 92 152 103 120 87 170 187 220 71 57 215 131 63 149 104 65 83 113 0 165 109 82
196 206 107 204 137 209 65 216 206 192 140 204 146 98 139 94 145 212 114 194 160 73 206 55 95 197 179 67 204 109 159 216 62 134 187 167 131 147 204 80 141 154 96 209 114 170 159 169 67 174 197 216 163 142 92 103 210 139 159 166 85 217 208 106 166 111 76 103 185 79 204 152 201 90 213 146 202 150 171 122 200 136 55 135 83 184 179 193 135 105 133 204 204 68 208 111 187 89 184 88 130 95 162 108 186 122 217 0 177 82
58 106 148 126 160 76 154 179 127 65 118 206 169 95 126 148 219 109 77 160 183 93 192 168 158 131 126 60 122 112 170 120 191 178 185 151 126 83 142 134 183 132 62 138 97 66 203 198 156 202 179 115 162 171 159 67 86 74 201 138 183 129 204 154 92 164 178 132 105 72 107 86 147 115 212 185 132 110 104 178 201 203 144 183 180 94 122 208 103 166 128 91 93 193 175 154 173 198 150 116 158 164 170 110 155 81 57 188 0 154
60 111 100 160 163 71 191 73 216 112 130 105 210 210 207 186 69 69 113 142 136 111 213 120 82 212 158 207 64 95 98 130 188 90 189 157 114 77 112 86 216 95 74 122 92 163 72 161 145 116 155 121 117 187 107 187 200 122 164 109 99 101 64 64 96 148 193 95 57 196 84 214 182 142 195 88 85 211 174 78 75 135 140 85 71 117 206 173 57 55 118 114 106 218 217 218 179 93 210 183 147 72 65 57 183 69 163 94 183 0
