110
0 13 14 12 13 20 8 11 12 11 6 14 18 20 17 18 13 14 16 14 10 8 19 6 8 20 12 16 8 17 6 11 9 13 17 18 8 19 8 10 5 20 18 10 8 18 19 10 15 15 16 13 19 14 6 18 16 8 6 14 17 14 18 9 13 11 19 14 16 12 15 9 8 15 13 8 5 11 14 16 9 14 20 9 12 14 18 20 6 20 16 9 8 5 9 15 18 16 12 13 18 17 16 16 18 7 11 19 19 9
0 999  385 746  164 527  156 272  202 284  196 357  226 258  230 431  127 201  126 289  352 709  231 385  143 506  270 611  300 445  188 328  260 342  278 682  359 640  234 344  222 588  161 532  321 711  322 513  177 517  270 442  160 489  276 513  171 334  191 312  188 421  220 503  137 172  362 439  257 648  229 273  215 271  299 668  375 712  236 615  242 382  141 425  252 494  155 420  345 545  256 533  330 680  284 687  195 270  211 410  402 692  215 393  235 542  263 520  115 290  323 676  387 428  238 472  298 340  216 561  200 525  321 412  215 601  257 357  305 559  261 328  168 568  128 206  285 421  243 402  257 662  270 662  254 415  257 494  77 362  265 486  135 406  252 332  245 549  155 388  98 463  112 318  311 383  283 586  266 389  252 332  199 515  242 401  257 423  257 302  368 761  211 575  211 399  182 238  274 513  177 391  159 377  171 542  304 525  258 371  254 366  202 484  330 589  271 455  356 727  117 251  221 435  254 509  365 490  161 208
0 175 86 107 112 60 170 96 122 108 147 85 98 115 104 57 217 73 174 197 192 97 205 213 91 155 55 162 61 175 121 209 67 178 132 104 186 90 199 219 216 116 58 110 154 76 184 167 175 90 218 60 178 156 63 196 174 90 113 161 103 152 146 171 133 148 75 115 214 161 86 109 55 172 70 174 119 152 67 142 89 56 211 147 115 64 129 119 92 120 152 96 118 146 68 89 117 58 84 185 143 81 187 168 181 91 189 191 183 66
65 0 112 126 143 192 58 83 61 61 119 112 213 95 119 194 126 118 176 94 93 152 110 110 165 99 72 184 68 77 184 128 147 59 151 126 132 199 115 146 161 136 107 72 58 199 107 93 59 113 89 179 196 129 197 59 58 61 58 91 171 57 211 185 93 117 161 110 77 81 171 217 143 112 172 128 78 207 154 99 146 95 201 140 71 171 175 195 216 159 89 86 75 178 163 114 152 167 89 78 78 117 81 216 146 198 106 197 152 88
206 133 0 125 62 178 195 100 212 204 90 205 141 108 157 192 64 192 135 206 99 153 80 81 166 194 91 108 64 73 167 138 207 151 154 89 78 209 116 172 133 111 101 117 182 133 202 168 84 162 144 158 57 217 95 132 174 176 124 72 60 178 134 202 88 70 120 134 138 142 165 107 210 184 106 156 57 187 142 72 114 174 188 137 149 124 106 215 76 119 105 68 55 101 183 140 99 205 111 109 121 167 159 136 111 60 205 175 130 77
97 57 84 0 187 99 173 174 142 102 79 101 172 201 160 82 180 129 81 174 111 107 87 186 171 161 64 190 209 204 203 213 136 123 119 158 93 167 119 143 185 203 139 58 76 69 144 97 99 121 217 72 166 153 129 58 123 78 187 139 94 133 108 199 90 126 132 144 127 55 207 81 64 113 216 58 185 218 154 62 169 58 70 134 139 212 148 193 138 195 184 161 102 97 79 200 121 94 155 94 119 180 127 128 86 189 171 82 110 217
120 141 129 175 0 197 165 118 187 116 135 181 165 58 62 153 184 75 124 121 131 165 78 174 81 139 174 152 191 181 143 144 193 137 91 170 61 138 107 156 124 121 167 94 128 200 215 166 193 162 211 195 84 159 82 169 205 91 177 208 176 75 163 127 204 106 175 202 133 96 141 80 89 176 169 195 72 175 84 103 177 133 82 150 201 103 212 187 129 72 165 115 190 68 159 212 208 81 111 66 159 156 118 76 161 153 216 195 89 119
145 176 112 76 199 0 64 68 186 187 99 107 205 161 218 129 161 141 192 185 144 65 147 80 55 116 161 159 160 179 125 115 179 209 129 82 159 88 92 92 158 92 168 98 121 114 90 161 148 189 100 135 151 182 145 195 134 180 114 141 186 86 59 141 153 187 76 105 165 112 182 73 165 82 220 140 70 109 61 92 151 206 194 220 130 115 116 220 95 95 199 73 57 158 68 176 176 154 191 158 214 127 86 163 59 60 141 182 121 155
94 162 108 108 120 153 0 181 116 111 94 165 187 167 171 153 202 149 187 56 70 198 178 204 129 166 90 203 116 108 134 215 75 132 164 133 114 148 166 198 90 163 85 159 58 189 172 135 200 106 89 95 96 185 204 162 163 74 178 171 113 101 151 101 117 118 75 173 205 159 141 86 166 69 96 143 144 112 212 174 160 55 143 130 179 209 151 92 72 69 107 128 147 133 210 85 86 211 72 196 70 154 58 217 113 196 60 92 197 201
158 220 95 141 163 131 132 0 82 196 128 77 105 182 130 81 152 111 143 59 76 66 193 119 211 84 129 213 109 214 60 144 81 209 136 215 109 119 187 172 210 118 132 203 216 109 131 130 157 213 162 119 217 121 191 186 189 64 134 60 160 63 134 116 210 56 210 71 156 218 70 72 131 151 215 175 212 116 123 58 164 165 71 78 180 190 186 106 215 105 56 124 79 133 76 203 106 217 101 61 114 121 168 146 213 166 186 124 183 215
97 195 144 113 97 132 143 171 0 166 136 169 112 164 167 170 167 117 119 121 147 164 156 71 214 216 219 156 143 72 120 183 178 219 104 134 72 148 150 59 168 88 77 113 180 173 73 189 104 144 200 57 210 217 114 211 204 98 125 151 83 92 69 63 194 73 123 75 187 120 86 60 55 77 207 111 81 127 73 199 59 219 66 203 147 93 98 61 131 124 166 63 210 191 164 183 123 141 82 73 175 59 199 217 137 132 158 173 171 60
127 60 130 203 108 172 205 75 130 0 194 102 153 92 164 194 98 170 186 72 87 55 144 79 150 196 97 116 148 124 179 128 210 204 98 107 105 219 127 168 216 200 197 112 213 75 139 204 186 203 111 174 159 191 156 197 68 82 218 141 172 200 136 114 117 109 69 76 109 123 198 148 200 132 61 159 76 175 124 112 122 157 167 55 125 174 84 217 208 79 108 72 120 134 104 93 83 185 169 72 109 142 62 217 153 153 67 213 137 191
217 128 165 109 82 104 85 165 204 105 0 178 122 159 98 96 150 89 166 147 122 137 148 171 86 157 123 219 169 169 157 189 93 210 186 175 199 73 79 91 158 219 56 102 144 144 150 82 68 66 200 68 94 158 57 151 119 208 146 120 69 87 170 196 103 78 151 109 114 184 94 96 68 159 174 58 143 205 214 108 151 132 77 80 185 134 77 78 70 123 183 128 83 77 194 166 73 59 61 168 128 62 120 166 66 83 59 206 68 78
99 118 97 82 212 195 147 129 63 202 144 0 219 191 120 128 70 60 55 150 89 110 152 116 56 167 98 86 93 77 170 137 131 204 135 187 112 157 218 85 130 159 105 108 117 219 131 153 154 133 85 127 104 118 216 89 178 94 56 195 161 184 103 156 195 151 132 193 155 93 67 218 189 189 183 104 119 122 179 116 90 129 112 183 176 90 114 210 118 121 87 128 199 83 215 190 172 199 196 216 142 157 187 83 55 204 110 115 120 124
68 214 124 135 214 96 116 91 87 171 72 215 0 217 188 190 158 71 215 193 207 106 59 206 121 82 109 62 83 205 63 118 141 216 117 158 70 105 128 144 83 117 217 189 196 60 153 205 173 120 59 104 211 137 99 164 208 146 81 184 178 72 181 157 145 117 61 187 213 198 125 206 178 197 180 190 194 210 86 79 81 152 123 217 62 104 193 77 192 132 151 114 95 163 219 71 128 90 128 132 144 166 192 103 185 132 91 61 219 207
194 154 63 85 185 109 150 105 85 183 165 116 94 0 168 192 190 162 85 83 123 97 194 113 203 99 170 138 172 63 193 107 137 154 138 125 165 113 110 119 132 160 150 108 121 76 142 148 120 123 142 120 205 107 167 59 159 141 102 86 115 159 169 218 124 80 127 109 71 97 149 218 214 184 181 176 114 69 111 181 132 138 62 176 137 205 100 106 143 216 210 72 64 162 101 180 176 151 86 133 163 156 192 199 148 178 119 180 186 145
149 118 82 179 210 170 116 212 147 189 212 148 70 120 0 113 134 80 204 195 97 203 154 106 100 102 119 112 136 107 157 98 164 185 124 124 129 137 124 74 84 196 142 195 129 164 158 145 88 186 115 84 161 113 201 94 103 202 115 113 135 81 208 113 177 118 89 97 162 108 173 146 96 187 178 161 194 200 70 119 169 78 123 197 59 122 97 154 187 120 195 133 59 90 163 210 124 207 65 68 173 106 142 212 130 115 174 125 176 132
56 124 152 153 197 178 187 68 93 89 162 214 208 85 181 0 83 203 124 164 175 212 68 202 119 62 191 165 148 139 121 124 210 173 122 178 195 213 137 58 110 140 206 218 122 153 65 185 168 90 155 132 192 218 83 114 57 138 125 217 139 105 176 135 95 62 202 158 149 205 69 133 134 198 99 131 205 80 194 70 81 189 116 81 105 86 154 113 131 136 98 59 157 167 120 129 195 214 115 200 210 195 198 80 163 108 153 198 91 164
137 68 80 188 175 183 171 82 102 94 109 126 181 70 202 169 0 95 76 180 126 67 79 184 75 57 145 106 80 129 171 62 185 175 104 79 131 93 219 146 186 185 206 156 55 102 184 130 71 95 171 214 58 128 205 99 62 188 109 182 194 79 195 99 212 66 160 75 146 138 87 196 181 202 194 93 162 205 112 169 108 133 196 144 93 85 205 135 81 111 196 79 114 171 145 219 83 120 163 181 158 201 215 148 96 115 149 113 85 158
106 191 123 178 144 83 186 154 212 204 198 169 172 79 59 220 88 0 101 158 92 69 112 75 91 206 162 202 197 83 160 150 144 143 132 179 125 88 78 133 95 180 161 134 191 115 210 138 153 113 219 85 205 214 203 135 128 125 194 208 60 58 168 101 210 217 199 95 199 127 175 213 59 116 158 204 202 154 95 61 219 94 219 190 132 165 203 162 130 138 61 190 171 91 132 81 102 130 213 108 215 84 188 131 112 161 90 148 137 117
94 185 157 219 158 95 97 207 153 65 148 188 128 201 130 112 128 130 0 194 192 105 62 84 71 167 108 173 97 208 78 178 161 96 219 71 120 174 218 169 142 176 196 97 63 158 200 217 75 142 126 210 197 131 120 112 191 192 76 108 124 119 201 216 204 179 185 94 217 206 207 157 214 59 161 66 73 55 76 149 84 113 145 198 149 207 168 76 62 92 62 55 203 84 211 61 182 220 56 178 202 114 217 60 85 153 78 85 205 64
194 196 87 155 178 179 156 59 202 186 207 62 141 61 220 67 129 55 181 0 77 55 72 137 175 161 132 98 188 78 145 101 71 84 206 163 205 216 165 103 149 215 141 181 198 109 125 163 100 156 139 195 207 79 64 57 104 206 171 175 158 137 127 132 188 70 117 189 87 215 79 148 138 107 61 76 102 197 114 127 167 68 166 191 74 155 137 178 111 185 68 130 139 171 123 93 99 111 95 106 97 137 94 153 84 171 131 78 208 73
110 163 73 77 87 181 197 72 117 106 191 90 216 154 102 70 99 158 176 128 0 205 151 173 68 113 106 188 70 216 97 208 72 208 210 123 73 152 200 180 172 187 200 209 216 218 200 203 118 164 184 176 163 109 158 94 202 184 155 104 123 100 151 174 163 117 151 216 72 192 108 153 145 84 115 62 212 150 197 213 82 143 70 130 74 197 65 122 208 172 65 170 212 98 67 61 158 75 82 193 77 205 178 143 142 169 197 86 134 202
77 57 104 88 180 144 77 217 200 108 81 202 150 59 105 85 121 169 189 168 67 0 146 218 210 215 173 77 67 69 79 117 171 146 87 144 197 125 164 79 103 119 98 123 151 145 113 126 168 58 188 114 60 183 74 59 87 101 180 78 56 130 184 179 93 73 132 180 135 111 143 146 217 171 167 181 136 132 87 165 64 110 89 172 81 117 182 169 192 57 96 108 155 55 141 210 184 67 207 88 215 75 169 182 141 137 76 103 55 184
132 190 202 166 102 213 172 107 193 55 76 169 163 126 81 180 111 177 142 119 88 79 0 137 137 168 143 179 182 72 180 96 101 77 209 71 60 106 150 220 187 59 166 150 100 115 129 130 60 184 191 122 81 129 90 102 145 177 199 65 76 158 58 183 95 58 192 119 98 106 126 123 72 173 121 110 135 189 101 74 164 202 135 209 57 184 140 138 154 213 205 178 165 55 208 196 191 70 203 148 149 197 176 117 216 153 181 181 117 157
88 108 116 63 119 174 158 114 95 94 55 191 116 195 56 63 78 178 87 153 121 188 80 0 170 116 75 87 182 205 77 98 210 105 119 184 146 66 205 205 79 154 141 220 125 81 189 78 70 57 172 181 150 201 143 173 100 69 117 60 127 176 216 176 102 83 148 199 142 101 172 97 133 92 123 211 114 89 102 183 181 192 151 194 124 170 204 101 64 56 123 67 134 95 194 163 97 185 117 74 187 122 64 64 100 62 123 69 103 215
115 190 185 184 160 220 206 67 63 156 159 219 166 217 121 184 191 162 149 65 161 177 144 218 0 214 86 108 199 174 165 121 68 139 197 103 158 65 118 119 122 213 112 73 111 220 127 85 85 215 87 211 153 158 200 220 131 168 168 197 117 220 111 62 138 199 126 157 89 145 68 169 133 138 193 117 217 202 73 92 57 66 187 72 156 163 86 56 156 133 196 208 124 167 80 127 212 143 76 159 213 104 92 156 96 211 91 55 188 182
144 206 65 67 94 150 128 57 207 85 199 210 168 105 56 90 215 202 115 183 73 84 119 61 135 0 126 193 166 128 168 176 219 65 127 207 197 114 110 193 96 170 140 112 189 125 66 188 66 197 202 182 63 203 101 61 207 129 71 142 211 208 177 76 132 88 129 155 134 133 179 177 174 64 62 189 175 160 183 152 104 140 60 70 187 144 211 74 131 115 146 209 185 122 61 91 136 130 196 197 88 152 83 67 72 188 142 123 98 102
147 179 136 57 112 197 58 161 82 183 215 165 194 63 197 85 140 205 83 112 170 187 131 207 182 129 0 57 164 149 163 63 147 121 95 79 136 135 157 129 193 154 188 106 136 127 112 101 177 166 172 82 209 107 172 64 133 114 112 102 159 156 186 193 116 137 189 171 149 165 124 106 204 112 179 188 136 149 116 124 164 148 136 165 79 63 183 118 113 144 114 171 133 65 170 76 149 151 219 74 167 122 88 104 126 144 115 191 80 109
185 140 63 69 77 198 145 56 95 177 138 207 79 71 117 64 127 164 202 202 219 185 112 78 90 82 114 0 70 207 174 62 164 172 152 67 123 207 184 81 145 215 180 69 55 176 197 129 168 106 207 91 164 78 126 138 58 59 207 149 166 149 149 96 153 161 89 112 137 109 120 145 57 62 64 75 213 168 81 84 110 131 206 212 132 77 134 98 172 166 94 181 119 141 151 219 167 150 61 185 129 191 181 95 219 161 162 141 118 178
179 196 171 207 64 140 83 216 82 96 103 200 156 156 87 95 71 166 175 186 123 204 208 151 76 184 185 153 0 193 131 65 180 158 128 146 64 66 127 161 93 148 95 86 55 74 120 202 67 113 57 103 111 144 78 197 185 137 77 194 94 147 196 178 181 183 156 166 120 145 152 74 120 75 56 178 207 82 108 182 82 216 182 93 100 104 77 112 132 195 163 150 209 200 112 113 143 183 93 129 142 63 147 79 72 148 106 81 191 207
153 101 167 143 125 156 208 96 101 186 206 164 77 132 166 197 98 105 78 166 116 154 85 178 120 191 122 107 206 0 121 165 194 75 101 209 77 189 164 124 197 81 98 189 79 207 130 85 75 196 215 130 101 176 162 109 118 122 178 57 85 108 73 180 78 133 152 157 147 67 68 206 206 188 200 144 209 80 78 133 210 73 176 124 193 143 66 218 156 143 119 213 211 123 202 106 208 78 196 104 140 62 63 137 130 154 163 78 108 200
79 59 209 184 102 172 103 216 187 145 107 103 124 134 212 91 103 72 204 137 194 58 156 188 215 88 144 144 109 121 0 92 185 55 122 58 96 128 117 143 87 58 181 220 92 111 159 173 162 175 173 56 106 169 101 97 149 135 107 92 213 185 131 207 90 64 200 123 163 173 108 167 61 195 211 110 126 116 105 182 138 121 187 197 211 121 209 167 85 142 70 192 151 98 154 104 115 70 63 132 179 106 210 148 157 115 136 86 189 213
162 85 56 204 96 192 189 110 204 130 171 115 196 191 91 131 68 93 57 113 80 83 212 132 199 81 140 101 73 153 133 0 131 129 155 102 137 219 205 196 74 96 131 63 70 167 109 197 72 121 113 184 159 154 69 66 129 132 109 218 151 148 154 58 127 81 193 105 128 121 83 103 88 167 148 59 134 75 151 82 129 81 182 123 73 193 152 220 176 217 216 126 59 94 160 189 76 104 55 188 171 82 75 202 101 197 127 85 200 80
155 216 71 193 162 106 136 167 213 122 157 204 214 100 209 75 80 167 120 175 209 147 201 162 89 159 105 97 206 147 115 202 0 128 185 149 141 198 167 97 164 113 218 57 212 127 56 121 131 63 148 112 85 199 135 199 136 67 154 70 137 153 139 118 123 148 59 59 123 144 68 123 123 63 163 92 55 160 219 146 63 206 158 156 154 113 196 120 145 70 150 156 76 186 163 77 187 146 193 206 86 139 97 131 88 103 210 136 63 144
57 62 65 177 60 109 142 198 135 80 178 75 136 205 146 106 122 156 56 110 169 196 152 91 78 68 132 120 186 166 141 182 156 0 153 171 77 139 104 121 197 187 216 104 79 133 155 72 113 83 175 213 170 163 214 147 60 118 88 217 127 106 211 198 75 177 196 149 185 60 158 184 79 158 86 75 136 150 93 85 178 93 167 57 208 103 87 192 217 199 109 173 152 196 97 205 210 190 168 211 178 151 63 206 68 186 86 70 100 172
133 217 214 97 127 67 217 163 100 94 98 173 165 211 107 101 182 212 117 192 173 183 114 148 131 197 69 165 177 200 101 149 128 65 0 77 158 189 182 206 56 72 62 82 67 101 130 206 155 138 102 160 202 103 191 102 187 134 101 219 216 70 199 110 182 171 127 199 70 64 79 98 132 130 78 137 87 218 83 143 199 97 186 216 92 76 126 219 55 164 75 212 107 190 69 134 155 155 185 76 165 71 148 141 108 90 128 204 135 160
108 101 216 75 205 71 61 190 80 191 121 199 102 132 130 215 82 169 56 140 99 203 102 142 185 74 199 157 117 110 116 113 215 73 138 0 168 196 131 92 116 179 218 149 208 121 127 132 163 161 193 209 108 201 55 204 61 196 202 91 98 140 121 209 199 69 172 160 126 142 172 114 80 134 65 209 177 130 142 148 120 125 175 76 152 124 199 194 91 132 82 106 196 207 169 181 173 67 208 68 194 109 176 108 181 116 193 215 145 187
160 124 169 199 136 140 101 131 91 120 219 201 212 100 101 196 79 196 134 182 114 107 177 86 77 71 90 146 57 96 144 146 182 85 180 164 0 64 176 173 96 130 93 176 79 175 201 153 125 63 151 129 141 207 123 137 175 83 115 194 61 149 76 137 116 163 105 175 132 187 97 140 100 141 175 140 90 174 57 165 190 128 58 187 114 155 63 90 106 154 122 187 153 115 185 203 140 142 164 75 69 98 94 88 135 158 127 95 184 196
83 124 216 83 100 92 198 188 80 204 117 199 68 181 77 131 166 114 177 55 109 159 212 142 82 211 96 211 150 187 57 155 63 181 99 212 215 0 109 83 72 165 213 155 59 95 192 89 100 145 98 153 140 106 178 88 129 172 212 77 57 214 104 105 191 112 141 196 103 152 149 149 146 69 129 116 69 117 149 57 77 174 106 183 175 211 183 161 145 118 188 192 63 154 125 58 155 131 97 200 70 162 61 208 73 164 155 179 93 135
79 71 147 145 173 154 117 175 86 199 202 147 159 93 155 97 170 194 101 139 78 155 119 216 62 187 195 159 209 60 92 177 159 61 89 134 60 111 0 165 153 113 96 64 86 130 148 59 79 126 172 117 81 213 78 202 185 98 89 67 153 193 112 59 66 120 113 106 138 187 107 106 191 213 81 144 175 150 164 178 166 130 203 139 125 213 152 120 199 173 71 143 194 167 146 95 109 156 180 126 77 101 204 134 188 202 61 173 157 216
166 147 121 204 217 172 80 133 66 86 73 145 137 133 167 219 152 119 205 114 209 63 173 81 56 145 186 113 210 102 144 127 56 163 149 157 92 174 196 0 180 109 201 67 68 201 155 102 101 70 218 119 189 101 133 110 58 97 113 101 105 214 186 59 167 198 65 106 65 117 78 115 108 103 216 122 185 184 67 57 175 59 194 105 149 194 206 83 71 173 147 70 213 69 81 151 183 137 188 121 106 60 139 175 193 78 84 211 166 98
209 190 70 219 93 115 92 71 90 83 212 125 82 136 105 194 87 197 203 160 203 104 146 57 132 187 182 175 204 167 200 152 204 218 110 61 145 135 90 174 0 141 67 157 206 131 71 199 132 140 165 121 194 108 159 125 137 59 57 183 185 176 115 216 175 122 112 115 182 128 102 136 123 188 185 55 131 85 82 184 201 113 81 163 68 181 140 156 79 176 81 72 208 178 137 202 173 128 213 176 124 69 107 171 66 123 144 114 57 192
145 210 75 91 213 95 55 86 176 125 213 186 105 136 76 69 102 162 126 59 207 64 126 58 174 214 211 135 99 112 122 128 175 168 73 176 61 119 129 90 98 0 214 118 94 172 143 140 92 58 164 169 218 69 214 178 104 153 160 179 105 182 127 181 99 140 194 167 182 138 145 108 73 57 199 69 73 105 111 211 56 199 167 171 120 219 169 130 156 148 76 129 120 74 210 94 62 145 112 194 205 66 135 140 79 96 63 137 100 175
195 114 154 135 80 200 77 191 131 181 131 96 81 75 77 195 175 180 84 61 189 75 166 89 166 59 197 203 211 165 205 173 170 217 139 119 151 58 121 104 83 135 0 118 114 72 122 181 189 103 183 80 158 131 160 143 97 55 58 177 133 153 78 171 160 168 185 55 95 204 106 182 82 219 87 169 155 60 157 130 172 150 186 67 216 185 118 213 77 121 122 134 71 187 190 155 190 169 188 94 138 127 139 144 132 175 217 76 204 76
101 177 200 114 154 151 216 187 103 160 200 96 153 189 73 110 169 83 213 154 178 130 112 161 182 173 110 142 169 119 211 178 211 171 202 209 163 123 178 219 196 157 177 0 186 198 214 180 133 214 117 157 81 193 159 72 57 119 213 201 71 146 157 85 112 64 65 110 116 103 68 169 186 83 165 111 75 145 57 184 205 91 101 214 132 150 77 82 87 196 170 108 132 153 121 139 146 157 67 65 171 142 193 217 73 207 197 205 180 220
62 67 154 92 122 216 220 139 181 146 205 59 85 199 152 217 129 87 169 116 112 195 110 72 207 169 170 105 148 192 201 105 131 98 176 69 192 138 131 93 164 91 205 120 0 186 80 74 159 146 168 186 127 155 122 95 169 207 100 137 111 135 113 139 147 86 92 99 107 219 97 152 107 80 177 136 197 171 198 193 193 86 169 187 114 108 133 121 172 195 103 82 170 60 100 66 144 145 116 102 70 134 126 194 118 159 179 67 102 58
172 125 202 202 68 123 111 209 170 76 164 129 61 185 181 155 92 188 208 120 96 117 194 64 99 119 87 64 76 136 82 188 73 200 150 215 178 153 186 77 220 80 174 121 133 0 55 68 126 71 98 126 204 80 66 93 100 169 155 108 137 106 126 121 138 106 207 144 91 151 164 204 82 186 207 171 83 124 201 208 188 131 92 75 90 138 88 124 91 143 93 94 128 176 136 106 179 155 192 129 133 98 155 122 209 146 206 60 176 99
160 73 65 92 81 91 170 114 165 214 69 91 59 103 137 207 114 91 189 213 96 153 79 123 78 193 200 80 174 71 191 216 170 157 72 189 91 148 125 117 185 73 177 147 122 72 0 152 154 143 176 133 136 196 100 140 151 142 161 155 217 86 141 197 78 197 81 181 169 163 179 202 119 219 154 93 144 194 114 200 138 60 130 97 212 172 68 149 207 93 219 188 213 202 211 196 66 164 107 151 184 61 161 132 128 62 68 98 193 194
126 122 167 184 211 188 87 145 94 130 83 82 175 103 63 217 201 111 182 74 79 73 78 188 111 160 217 105 164 165 218 201 107 134 165 149 133 144 140 153 98 214 212 98 82 94 126 0 173 80 89 79 196 195 60 194 107 71 165 159 100 120 112 114 56 104 211 218 208 77 144 179 83 124 65 93 219 124 211 148 65 203 136 70 72 168 88 84 178 123 218 69 171 67 71 80 115 99 65 85 56 71 111 199 181 78 93 136 171 162
100 102 148 115 132 196 170 124 113 164 165 219 65 176 162 190 74 180 162 80 121 189 198 201 111 213 202 72 123 183 186 180 217 207 171 92 166 206 152 123 65 177 220 210 141 171 106 134 0 200 137 167 124 87 66 160 88 98 219 143 188 139 211 115 148 83 185 163 74 211 182 95 209 86 209 88 77 171 82 112 186 188 201 117 91 118 85 82 106 166 133 219 194 220 209 136 183 166 142 66 99 180 208 110 59 144 70 83 56 210
93 217 143 89 203 207 171 59 131 106 104 191 75 63 110 198 192 137 134 162 170 97 67 195 191 178 58 109 188 144 192 214 136 139 63 71 125 119 75 134 195 83 55 117 153 175 62 190 62 0 102 207 72 182 93 120 90 146 88 111 101 104 119 177 59 178 125 169 176 182 218 216 192 156 89 147 115 210 179 56 112 117 102 209 68 150 138 81 139 204 59 187 194 142 87 154 85 103 141 152 75 88 66 136 134 76 98 193 204 211
150 56 127 180 116 152 110 99 127 125 187 128 66 179 180 194 161 166 178 217 212 128 116 189 178 190 88 218 163 109 162 215 75 134 177 182 131 190 136 93 139 122 113 67 88 112 122 152 57 70 0 162 215 139 79 122 113 176 200 141 191 91 67 149 129 128 192 179 81 74 219 213 56 95 75 105 165 145 179 135 73 58 71 198 122 90 80 69 175 59 191 116 67 204 195 128 132 145 71 188 137 68 199 171 100 77 55 95 72 179
126 63 134 171 124 170 130 57 175 204 172 191 191 155 55 171 201 106 149 143 185 194 111 86 67 70 104 146 132 214 150 167 127 104 160 123 219 111 153 81 220 119 205 171 102 129 95 197 169 88 107 0 184 220 181 130 170 154 164 143 216 168 199 57 88 192 69 200 203 215 194 76 211 70 194 114 55 169 139 215 62 194 133 109 144 204 179 188 91 102 157 86 220 57 180 63 107 193 183 214 121 55 150 67 79 165 148 194 181 216
190 162 193 110 98 141 135 213 185 120 151 220 175 200 74 67 217 120 206 98 95 217 59 206 155 201 143 129 184 201 175 120 128 88 116 73 193 171 196 173 155 96 111 57 168 133 152 71 97 81 217 203 0 209 135 210 76 106 182 80 130 152 83 120 173 128 119 99 190 174 168 134 150 124 128 149 219 216 170 161 63 135 115 188 147 118 105 91 214 138 71 108 151 187 97 69 60 86 174 117 91 214 193 146 97 185 161 76 200 123
143 90 183 109 70 138 107 67 195 139 209 119 129 181 171 162 193 122 124 210 183 77 100 118 72 110 150 183 145 181 112 87 110 200 144 69 203 219 137 137 141 173 114 160 179 150 163 148 82 153 175 75 131 0 97 80 109 174 142 164 127 204 162 85 149 147 65 145 106 106 89 84 135 147 116 212 111 66 209 85 109 88 102 126 131 214 137 132 69 185 183 88 76 211 81 61 188 190 199 171 175 123 110 127 59 209 192 94 189 189
133 166 101 98 181 66 139 115 118 173 59 86 193 93 89 92 160 193 78 213 164 103 56 117 170 85 216 179 173 78 73 67 59 197 143 154 69 164 174 216 213 155 198 69 55 177 205 92 179 78 60 158 139 133 0 206 87 81 164 145 193 202 94 147 74 176 144 78 198 112 179 153 127 140 122 70 122 176 153 141 70 120 95 185 163 145 111 147 172 65 141 60 70 183 153 173 201 119 186 215 145 180 87 116 158 205 63 215 192 197
65 103 58 134 76 209 61 170 148 207 108 113 117 133 162 129 118 144 99 177 164 96 90 185 104 214 105 172 145 157 112 144 208 78 111 200 134 134 65 83 135 207 115 138 176 210 204 148 159 94 104 95 192 100 192 0 114 91 102 153 160 72 159 117 193 105 64 159 179 59 112 171 199 188 184 155 159 170 132 92 176 110 147 128 123 77 198 205 200 95 150 87 191 152 208 65 90 94 208 128 216 172 78 71 99 166 169 198 165 90
148 119 212 148 193 111 143 125 83 80 67 104 209 158 211 188 153 151 197 107 171 166 154 105 166 219 201 91 161 149 206 198 113 64 98 81 176 176 129 147 149 149 129 90 143 186 107 217 204 205 123 159 215 188 215 160 0 211 134 69 56 95 133 108 181 74 181 128 97 101 190 124 161 180 149 201 197 111 125 85 135 63 200 124 162 177 127 56 207 68 178 61 125 70 176 126 167 217 140 152 182 189 169 216 96 196 121 183 195 109
136 120 125 101 179 127 194 169 61 151 126 214 60 59 69 82 70 82 76 205 101 105 213 63 190 119 80 62 72 85 142 215 69 56 199 61 83 175 147 128 160 134 110 145 156 144 195 91 161 77 99 204 94 91 125 191 212 0 201 99 57 102 220 215 67 97 195 151 161 164 59 178 194 141 166 211 177 118 59 220 114 196 109 175 117 102 188 152 161 194 202 156 193 60 137 121 117 131 167 143 171 63 117 152 167 83 150 81 63 84
124 90 106 206 138 191 123 112 119 97 155 148 69 177 197 61 95 106 99 209 176 110 150 68 131 203 68 148 126 178 79 201 197 131 185 64 140 91 65 144 191 113 78 76 204 167 101 113 215 186 95 55 108 91 102 214 100 177 0 166 189 219 109 132 60 145 109 195 117 61 111 103 184 213 201 90 63 63 184 82 105 198 105 146 88 212 212 169 128 137 56 136 148 152 186 190 217 168 62 177 57 80 219 83 72 94 91 182 132 186
75 187 112 175 98 175 118 60 131 157 153 192 209 115 104 80 91 186 142 100 76 66 112 188 201 141 63 80 180 148 90 205 144 159 123 76 84 204 62 117 118 61 208 204 70 162 56 93 79 83 200 188 152 220 187 81 71 83 110 0 179 83 157 73 115 166 171 103 188 139 189 154 200 69 203 161 71 196 71 93 94 169 203 103 211 139 112 136 123 99 153 108 188 107 200 174 183 126 184 94 111 55 85 218 96 123 187 165 124 92
163 69 66 177 191 92 205 152 177 154 103 87 167 91 139 152 165 148 216 154 142 212 70 141 56 92 169 175 162 119 108 209 208 125 181 129 133 122 189 158 93 220 216 210 181 136 217 220 109 168 74 184 197 178 59 157 146 87 76 169 0 192 171 122 138 152 183 119 95 125 94 153 181 130 68 192 133 152 87 200 208 168 101 182 85 220 85 161 136 187 128 73 86 156 202 188 160 129 75 75 85 154 117 60 150 213 135 122 58 113
98 146 168 130 214 89 155 144 147 218 195 99 59 85 144 132 170 85 113 150 157 119 138 214 116 106 125 190 60 189 211 93 178 165 139 75 123 111 211 61 160 76 71 92 186 95 205 165 81 165 84 157 104 60 73 195 150 220 108 117 92 0 181 132 56 62 203 140 158 122 141 68 207 135 220 63 135 119 217 149 68 190 134 192 111 115 76 122 79 193 174 114 140 70 161 81 198 86 161 88 59 174 65 165 129 219 218 166 188 154
112 144 120 125 126 183 204 94 104 123 214 69 109 98 138 66 220 167 199 135 209 133 71 200 180 208 163 141 62 180 155 210 211 79 175 188 196 166 127 143 110 165 181 113 180 173 207 161 118 170 200 135 95 167 70 151 152 219 194 144 183 129 0 57 64 135 170 203 61 89 171 78 166 187 210 97 111 160 132 120 78 70 206 147 214 189 136 152 80 131 73 218 182 124 106 79 214 163 114 160 175 112 201 209 169 165 95 171 79 57
148 136 61 92 69 55 170 88 131 171 177 186 219 150 136 107 200 178 72 191 192 112 220 210 194 72 105 87 69 55 199 108 144 96 76 96 200 218 198 91 142 87 66 138 122 135 112 201 220 65 172 80 95 97 219 79 200 101 151 186 61 154 206 0 108 108 178 169 82 77 213 59 81 83 167 79 107 85 68 185 206 55 105 117 94 213 92 207 133 193 158 96 123 162 56 86 185 211 107 62 120 55 141 65 169 159 134 135 74 151
216 213 198 104 207 182 192 60 109 190 162 175 186 199 69 200 168 173 204 67 133 92 204 130 70 104 192 141 131 115 70 132 216 210 203 172 179 130 200 73 131 209 214 112 189 102 161 74 160 82 151 168 92 108 99 76 132 120 186 131 127 153 164 65 0 55 121 98 149 153 152 133 88 81 129 88 178 204 208 154 167 112 145 155 138 199 112 103 140 189 206 166 181 106 96 204 97 195 171 137 61 107 217 208 79 171 173 77 135 204
62 136 158 68 172 161 171 118 161 165 217 60 219 94 203 118 194 182 92 164 92 91 68 133 206 126 124 65 110 208 214 99 70 176 144 121 154 204 140 158 130 149 135 217 154 81 120 71 81 100 146 146 85 61 193 199 208 122 76 193 166 125 153 175 148 0 86 91 157 146 99 192 179 89 183 176 182 162 84 77 211 207 74 86 128 196 181 93 133 96 60 163 141 208 121 76 220 133 115 78 124 140 169 209 57 113 143 94 136 206
152 86 71 110 192 203 219 186 181 69 112 94 194 104 120 162 220 110 162 206 83 126 58 122 127 180 84 76 56 67 148 93 105 84 158 208 57 124 176 163 171 57 113 78 205 156 72 204 101 123 204 202 166 128 158 123 108 213 99 184 197 64 129 199 150 177 0 165 187 69 172 159 141 186 211 159 98 120 123 134 215 163 192 205 75 212 204 97 56 206 198 55 104 174 148 154 210 86 157 149 78 159 176 156 136 119 159 104 87 193
190 70 148 100 70 60 185 213 180 128 115 166 180 209 135 136 131 138 172 209 108 209 205 146 93 157 86 215 156 184 142 85 149 171 139 138 186 100 179 209 182 161 138 179 105 167 171 55 82 92 160 184 152 149 62 126 136 78 136 69 201 172 56 215 216 74 122 0 89 136 146 142 134 135 179 174 168 170 131 204 176 173 158 107 74 220 97 189 185 141 215 146 100 179 142 121 151 175 104 73 119 85 212 99 182 193 75 194 217 110
169 103 199 121 181 168 98 145 150 105 193 135 63 75 131 171 133 89 60 162 87 65 105 161 63 94 108 195 78 90 128 82 145 98 123 71 128 190 110 83 210 186 73 91 73 76 93 104 113 111 115 163 151 169 160 106 175 213 160 68 177 105 166 219 88 79 75 133 0 113 165 106 128 166 106 213 66 202 197 169 175 81 164 136 154 175 173 201 134 128 134 164 115 140 161 215 160 77 72 61 56 85 103 173 78 192 67 152 166 179
206 114 102 109 151 72 220 98 119 69 63 164 150 166 188 94 158 190 214 138 173 183 169 70 148 150 172 138 181 105 190 130 197 94 72 150 190 151 186 215 178 90 154 66 207 58 173 181 99 199 96 154 121 107 191 183 174 82 172 165 149 187 148 146 159 74 108 123 91 0 67 166 116 182 193 209 94 86 144 125 85 167 124 56 55 123 108 104 157 106 58 168 118 113 125 166 60 196 132 194 219 88 183 134 214 169 103 77 171 59
191 169 78 173 62 219 57 120 63 157 193 197 129 126 99 147 204 74 213 140 191 93 79 139 161 98 147 220 212 122 185 138 99 93 182 148 115 67 204 68 100 170 119 129 121 164 206 118 63 153 86 173 161 186 102 205 191 170 110 61 180 161 136 161 170 101 127 169 220 130 0 106 143 190 61 154 66 115 220 65 202 138 124 90 190 77 205 186 105 90 215 67 100 175 69 76 143 218 203 152 164 82 111 120 118 181 170 147 172 61
203 126 201 114 114 189 142 109 62 93 187 163 139 176 212 143 220 168 137 169 194 94 166 110 64 115 157 176 142 56 173 215 127 96 84 213 191 99 55 214 171 61 171 138 70 217 122 150 183 64 188 203 129 134 110 86 129 151 169 93 106 80 188 90 116 94 199 189 105 71 83 0 165 191 166 157 189 202 166 63 191 112 134 165 209 203 101 126 111 123 74 177 157 90 135 80 109 103 142 136 140 68 101 218 142 93 92 214 148 172
95 194 112 172 196 131 196 162 214 66 200 63 101 148 94 106 74 217 134 187 76 186 104 133 104 100 102 134 187 211 62 71 164 179 205 101 163 109 67 172 105 207 200 122 58 202 215 142 160 211 157 172 153 115 61 83 158 63 102 161 146 169 131 173 201 129 167 214 97 88 189 169 0 143 147 190 123 114 189 164 67 202 115 203 138 196 102 130 100 88 139 90 127 91 219 137 187 184 86 93 63 58 67 133 68 159 212 61 155 97
79 167 138 104 182 198 174 97 97 183 99 96 64 92 125 118 141 62 187 56 164 136 115 105 81 174 97 163 109 167 158 190 98 107 143 156 219 76 167 112 106 68 57 108 190 194 159 89 180 115 68 157 147 84 102 189 216 67 88 129 75 153 183 197 86 173 100 170 101 177 108 89 191 0 210 106 151 192 212 92 218 159 89 129 134 186 186 74 85 182 108 135 172 82 107 197 102 55 181 138 164 216 134 148 85 87 168 112 192 123
61 153 137 142 93 76 102 173 57 174 216 191 214 216 125 185 94 179 137 187 124 169 125 84 219 99 196 185 57 139 183 177 86 199 194 171 213 64 120 120 79 92 208 126 199 161 179 209 109 148 86 143 69 163 132 113 142 171 211 202 79 150 190 161 166 129 167 104 105 210 174 72 112 177 0 186 102 193 93 220 94 86 178 59 109 74 177 104 152 201 173 191 134 181 149 178 207 67 80 79 175 128 127 202 156 117 68 125 189 110
181 162 138 159 144 154 109 56 197 106 163 190 194 174 68 128 179 75 210 95 79 114 94 152 212 213 177 112 100 64 56 60 137 218 125 101 200 99 147 79 133 66 147 74 90 209 135 69 191 122 66 197 69 208 135 185 92 121 153 124 125 95 71 67 109 173 127 173 58 128 74 159 190 72 196 0 85 65 111 219 189 142 203 55 122 115 183 134 202 77 65 164 117 107 215 178 217 145 77 74 109 172 113 135 61 214 167 144 172 86
219 74 168 181 201 156 158 205 68 135 124 113 61 67 57 107 76 152 84 64 207 219 186 206 137 130 154 170 56 110 112 131 81 169 74 124 121 158 71 115 135 167 141 81 176 112 113 178 125 134 205 207 186 181 133 152 85 202 177 134 74 67 180 106 128 170 94 170 106 65 213 211 111 161 144 137 0 129 98 156 167 197 95 211 173 209 84 134 175 114 208 174 172 144 127 100 131 86 202 63 62 116 112 155 173 204 172 102 185 207
200 79 123 81 86 174 201 177 216 139 179 120 187 98 161 163 178 62 136 219 176 176 93 166 171 187 113 94 163 71 62 203 184 159 134 207 99 81 139 86 60 156 76 220 97 67 57 161 104 94 106 103 62 212 97 128 178 68 171 117 74 81 178 140 204 179 114 114 120 87 154 58 189 112 174 217 88 0 115 112 140 180 144 73 116 109 130 210 100 106 190 73 186 96 101 183 93 124 102 203 184 72 211 115 85 174 173 70 73 55
81 194 121 150 82 66 193 98 192 170 105 183 128 164 60 174 63 156 58 100 190 122 198 58 127 181 149 77 110 64 111 197 173 101 101 166 150 203 193 144 130 198 109 220 190 71 202 147 121 149 98 60 178 190 186 165 101 172 117 57 164 118 192 90 170 140 164 152 85 134 188 190 157 121 65 135 98 65 0 85 121 86 198 134 133 66 67 67 113 137 110 127 98 98 95 186 219 214 80 132 158 199 183 117 146 68 196 200 208 88
213 209 125 158 188 168 62 172 142 136 63 132 58 215 148 126 164 167 193 81 155 121 155 75 111 147 211 148 161 155 135 124 154 186 146 185 218 74 68 220 187 113 165 116 146 57 67 216 64 202 130 204 103 105 69 151 81 69 84 191 170 211 78 83 153 180 153 60 210 62 125 70 66 111 63 81 153 73 213 0 87 71 218 122 93 142 99 213 193 59 155 83 194 133 211 186 173 87 166 105 68 94 138 220 90 184 189 114 84 73
149 75 68 173 142 114 71 217 187 202 121 137 174 177 168 119 181 120 70 62 59 133 164 107 116 193 183 148 220 191 195 80 61 106 202 95 79 117 220 85 195 120 175 168 220 126 118 170 59 184 166 150 76 111 130 149 67 88 115 164 215 130 76 118 220 121 163 211 188 192 207 107 71 110 101 210 212 214 175 120 0 183 127 160 96 146 175 65 93 112 137 144 137 111 105 140 116 168 70 181 169 190 167 168 105 132 93 187 162 191
184 82 66 176 171 190 180 98 175 148 171 167 72 87 173 204 84 157 122 68 176 208 217 104 130 213 70 177 112 94 147 111 166 67 136 105 120 122 212 210 156 198 106 125 145 169 62 73 146 213 210 180 74 109 174 81 106 69 125 212 212 127 65 172 85 161 124 152 189 215 117 190 152 220 180 156 137 161 130 189 173 0 139 89 190 113 166 73 106 58 69 103 63 150 182 205 56 100 162 193 122 98 84 171 170 122 187 180 133 94
134 133 84 77 122 100 95 57 70 85 150 179 106 202 188 129 181 98 173 58 104 144 202 180 192 107 114 116 190 198 71 216 168 58 78 178 181 89 150 216 176 62 198 187 88 112 101 217 186 70 169 63 210 156 219 152 151 63 77 150 206 187 115 149 160 151 160 208 97 120 142 156 110 178 130 206 103 191 164 87 166 85 0 55 185 106 195 101 130 62 152 65 83 132 189 150 99 213 106 154 78 175 213 207 214 206 56 220 81 209
120 122 189 148 125 59 106 144 71 121 218 94 72 165 127 189 220 129 103 165 133 199 160 138 205 97 128 175 220 79 169 194 192 114 59 55 105 103 179 77 73 110 69 59 168 66 121 215 185 216 61 202 141 86 126 136 191 138 55 147 73 194 142 211 202 137 141 106 82 74 56 85 127 135 66 138 59 198 133 162 146 202 90 0 207 110 182 217 145 126 146 215 198 61 136 124 74 90 130 107 70 119 84 78 58 150 185 100 183 193
190 170 138 97 62 209 215 107 216 81 74 86 69 200 167 91 205 171 96 217 151 150 63 163 158 178 99 146 90 75 76 182 134 192 134 98 217 64 113 88 153 83 214 152 215 71 138 207 155 131 146 125 129 181 62 204 208 172 132 184 198 165 188 132 162 190 180 96 83 174 86 109 189 125 212 133 133 80 70 159 64 87 119 173 0 155 142 98 86 88 202 68 182 137 149 88 121 84 104 138 83 133 91 142 105 77 112 127 209 182
70 152 137 159 115 55 66 99 151 139 68 185 139 130 149 193 139 200 182 69 202 187 105 100 200 67 78 194 219 116 201 197 176 116 219 206 146 171 136 179 90 200 169 96 126 115 196 179 144 109 162 139 151 77 100 196 159 98 163 152 181 77 103 85 147 133 126 92 61 189 118 83 127 62 140 160 122 169 88 200 81 94 78 75 65 0 176 171 58 81 215 108 161 83 67 58 61 201 71 101 106 209 212 90 186 101 151 135 206 61
186 209 88 192 170 82 106 163 83 168 94 62 58 61 215 63 80 220 168 166 81 62 78 139 102 130 174 217 72 212 213 89 124 133 80 205 220 148 149 89 190 204 96 104 163 158 158 182 205 77 151 133 90 80 219 185 79 112 137 214 79 137 62 152 201 105 157 195 153 89 174 180 135 148 212 97 184 155 138 103 94 116 174 176 217 115 0 93 102 72 108 122 186 192 59 214 145 135 173 214 77 137 85 81 63 158 111 97 179 55
179 155 75 120 140 146 202 163 92 96 147 92 193 142 106 197 134 144 172 80 66 64 204 213 86 142 156 116 149 166 98 100 108 194 191 59 90 154 208 118 126 116 74 142 140 100 216 101 146 87 65 167 198 129 83 71 184 126 76 198 164 74 159 141 125 218 96 132 73 136 151 219 176 114 188 126 211 176 129 192 87 113 146 97 101 95 205 0 129 58 186 96 201 195 96 146 84 211 204 89 63 97 181 110 189 146 147 156 193 184
67 199 102 95 65 86 97 117 209 219 138 213 167 112 139 181 61 125 210 155 131 106 182 109 180 215 197 153 203 212 171 212 95 211 140 209 202 219 128 134 92 155 116 72 99 100 176 159 210 195 189 165 68 131 81 64 108 55 160 143 65 88 190 130 180 151 212 190 171 211 97 192 212 109 197 110 101 143 81 81 176 75 63 101 130 72 189 203 0 125 143 133 169 115 65 61 132 72 219 156 190 171 72 121 77 193 99 170 101 132
157 194 108 109 100 149 97 164 167 82 163 143 111 129 192 117 191 167 121 141 84 132 220 85 154 105 200 193 110 203 97 58 114 62 137 86 97 119 174 171 101 62 88 209 214 84 115 197 110 102 134 122 68 143 142 89 162 94 147 139 194 204 153 144 170 134 190 207 136 84 192 109 160 181 72 146 199 99 160 141 197 68 98 199 174 169 136 114 190 0 126 123 156 219 127 134 142 178 67 162 193 80 75 105 100 163 193 175 62 150
207 182 150 203 87 207 201 104 179 129 120 199 216 113 101 167 105 136 124 125 174 210 122 191 94 146 136 171 139 184 72 116 121 177 117 131 79 144 130 127 135 160 187 193 181 178 212 155 157 55 174 99 80 204 118 157 87 213 176 60 64 128 100 176 217 190 155 131 99 83 68 214 89 68 126 80 97 92 134 114 198 109 136 97 90 127 75 155 100 189 0 76 195 88 67 119 153 182 198 218 140 73 78 95 106 62 86 190 62 62
210 93 94 60 187 158 143 85 100 99 165 201 166 64 204 89 99 97 176 100 156 173 63 119 63 123 154 150 80 131 198 154 203 178 73 162 137 181 178 70 197 214 158 185 168 126 144 175 114 213 123 168 159 207 153 103 185 58 175 159 57 154 113 63 207 190 201 134 124 83 140 198 87 114 66 83 170 150 137 211 213 111 86 155 166 103 116 89 58 175 116 0 178 135 156 171 149 141 130 106 93 100 80 171 219 89 181 150 219 139
110 73 157 81 98 80 135 92 98 106 108 160 112 138 101 206 75 81 182 110 192 139 114 129 175 126 198 201 129 197 202 212 65 101 220 190 179 192 143 157 164 93 107 128 132 74 190 141 194 127 134 105 99 100 137 160 199 167 89 220 140 189 95 163 203 132 125 191 177 120 147 203 173 57 88 55 179 207 165 62 212 70 135 151 208 140 186 210 172 103 195 213 0 155 143 190 195 55 124 220 106 146 176 124 197 125 149 132 127 85
199 210 87 107 154 107 75 84 96 173 141 115 149 91 122 217 62 206 193 129 190 118 146 215 201 132 157 191 165 68 147 214 210 209 66 201 67 170 213 117 163 190 152 72 128 196 166 86 161 180 128 213 88 133 117 202 84 214 87 203 91 155 84 68 164 81 114 194 82 94 99 194 138 118 194 146 99 211 64 143 110 119 207 153 175 149 56 210 130 121 164 94 194 0 95 213 121 172 104 212 151 169 103 57 153 143 169 203 174 72
183 161 205 108 56 215 132 165 133 90 185 55 137 122 97 216 90 204 108 75 75 66 179 216 77 151 198 130 194 177 150 82 176 57 105 87 119 216 97 106 159 173 59 207 119 100 96 180 94 145 204 165 173 127 163 75 207 112 88 193 209 86 189 92 65 201 157 149 178 210 158 85 204 67 179 68 185 187 210 69 163 201 217 70 213 220 57 68 97 151 159 87 139 161 0 182 213 77 163 88 132 168 212 200 207 89 116 145 210 204
71 84 60 86 208 123 165 80 139 193 82 210 177 178 216 86 121 165 196 148 208 161 129 107 69 124 155 88 179 115 118 155 212 92 172 64 155 159 68 201 183 89 103 195 194 119 100 154 84 105 80 218 63 218 201 208 178 172 185 189 178 58 66 62 121 189 122 80 140 105 157 64 113 88 67 181 194 152 78 141 173 57 168 139 192 169 173 159 132 210 157 219 126 161 218 0 171 195 186 86 160 98 209 79 210 168 217 119 210 197
93 133 100 153 150 217 65 93 58 155 79 83 211 170 99 60 153 120 146 149 147 81 107 129 180 136 112 98 176 76 56 184 119 89 188 182 167 174 202 75 133 138 150 182 63 210 212 206 55 164 154 142 117 114 127 199 203 196 148 93 165 142 57 195 112 208 134 163 151 123 214 169 200 124 217 59 157 89 109 168 164 211 219 152 107 123 112 168 218 124 138 136 218 109 135 64 0 92 96 125 206 184 115 72 138 107 84 210 80 70
133 219 151 75 72 157 153 65 101 152 125 193 125 126 129 107 199 160 59 69 165 102 105 127 196 90 190 127 114 71 122 69 100 139 124 137 174 185 116 201 218 166 70 118 182 132 161 67 85 157 105 65 165 116 211 66 62 115 207 83 139 175 175 138 165 71 168 175 117 164 153 118 94 157 75 131 166 168 97 160 81 135 196 76 138 67 112 197 113 170 203 143 136 103 93 120 204 0 156 215 144 191 138 116 124 187 179 131 206 178
112 200 193 202 139 109 219 129 100 164 78 114 139 104 199 185 208 210 172 120 123 217 176 157 137 143 196 213 175 83 191 186 211 199 182 203 67 55 140 179 181 133 121 166 63 68 197 152 152 192 142 189 119 187 216 176 153 189 148 215 120 90 63 120 113 219 163 75 182 105 102 173 118 112 70 198 189 93 166 209 193 211 172 168 187 172 128 149 58 131 117 121 109 194 206 78 111 207 0 178 105 158 200 171 76 83 120 74 161 73
211 59 125 187 55 118 129 85 203 70 74 196 150 132 121 148 170 89 156 83 70 111 215 64 207 88 88 161 70 94 195 91 122 203 179 64 180 177 170 91 131 76 202 198 153 97 188 185 62 109 211 157 132 103 124 74 198 144 101 68 144 197 165 138 217 180 137 165 196 182 182 135 189 123 92 109 98 158 218 110 191 203 193 213 211 170 170 58 68 218 62 181 212 191 159 146 152 140 184 0 152 185 68 149 164 179 88 218 82 210
136 81 171 118 148 199 210 177 131 140 66 111 75 71 77 107 149 125 91 177 155 66 111 119 118 97 198 122 75 209 168 161 214 209 116 121 147 92 193 181 123 201 208 208 123 204 208 165 202 56 88 141 122 106 177 137 82 220 187 61 81 108 194 113 56 67 216 95 210 64 158 199 201 207 138 166 102 100 173 55 71 74 96 134 91 173 179 177 202 218 129 206 215 168 77 164 106 56 82 208 0 62 152 62 154 125 105 88 98 128
155 129 118 70 179 205 151 60 70 182 203 181 146 95 79 149 77 179 122 210 207 132 120 177 101 127 83 98 132 94 84 132 195 138 187 123 209 99 108 162 204 215 195 129 60 78 196 63 149 214 189 61 102 87 85 210 85 113 73 56 152 96 144 126 91 125 168 86 124 204 216 72 213 93 117 83 182 206 164 214 124 80 105 217 218 58 78 189 131 87 99 143 138 129 195 192 109 81 101 76 142 0 113 73 86 214 67 148 152 72
107 140 85 93 62 172 88 197 148 150 183 202 67 178 167 200 139 75 167 133 213 217 135 190 198 213 94 150 159 151 74 88 82 89 167 189 196 213 207 146 169 206 122 91 191 143 120 195 178 125 212 104 117 61 111 190 179 138 189 146 124 87 112 180 174 126 130 122 60 58 194 182 151 195 65 177 115 151 182 114 207 98 98 132 182 206 62 87 130 166 179 177 130 90 147 219 62 159 185 84 80 191 0 188 207 128 73 209 177 154
155 80 147 105 69 98 86 212 130 104 122 105 81 155 89 60 83 134 157 60 134 60 134 215 111 85 217 194 140 65 58 70 77 196 120 159 193 179 219 130 106 183 134 75 170 165 202 91 155 187 101 199 213 175 124 213 188 192 89 182 158 185 90 168 171 186 157 170 211 96 185 181 122 88 191 219 156 141 127 114 63 90 137 189 164 166 176 62 125 58 168 174 117 60 139 219 106 179 126 171 145 195 94 0 159 219 84 83 215 86
118 82 76 220 216 208 173 97 190 210 206 90 86 202 79 103 111 97 138 154 218 101 127 177 94 109 202 130 61 122 81 148 153 92 59 203 173 150 133 161 213 217 184 158 153 130 76 90 137 91 171 72 165 187 125 77 97 110 162 130 140 73 185 101 149 76 97 61 203 155 117 152 90 202 77 123 132 203 213 163 133 129 199 216 93 117 91 153 148 220 80 184 56 205 155 161 139 105 123 120 70 213 113 58 0 173 161 175 123 120
94 128 67 124 219 187 111 188 129 151 216 129 173 92 208 84 160 86 89 149 58 55 130 205 139 99 195 119 127 74 158 187 62 160 197 185 215 199 197 56 187 87 214 120 126 69 166 122 103 139 194 140 192 157 168 160 138 75 202 61 122 146 113 176 191 116 81 133 144 216 88 183 115 165 130 163 189 172 122 125 69 169 208 212 70 169 107 167 136 62 182 153 129 179 99 168 161 61 144 55 203 133 177 156 183 0 82 88 164 146
96 107 128 86 122 169 106 159 182 82 203 57 106 140 95 74 102 169 168 160 60 84 85 99 131 106 181 181 135 140 102 174 99 182 180 95 179 55 209 127 149 81 83 186 183 104 186 187 121 125 138 111 148 63 91 95 130 80 218 129 139 171 123 70 141 218 208 218 91 55 103 66 195 191 216 161 220 163 103 126 93 178 174 162 173 174 108 61 76 206 142 160 185 136 59 62 70 185 84 60 156 94 56 177 204 132 0 183 159 133
149 206 72 59 166 214 73 114 216 78 215 206 97 86 138 104 154 124 112 176 214 183 69 107 166 70 162 208 57 163 208 176 148 104 167 102 82 76 145 169 115 65 174 191 74 188 132 191 95 114 82 197 173 192 191 125 57 118 104 188 210 93 176 129 208 182 99 73 114 210 75 105 136 171 128 89 215 69 145 106 162 127 137 208 177 219 81 215 103 123 184 62 86 80 170 115 146 64 111 64 108 97 106 217 73 123 140 0 197 82
171 184 138 176 74 72 201 177 130 78 183 140 70 73 107 100 84 195 160 124 175 182 95 67 214 143 123 62 154 157 57 154 84 211 161 189 111 144 60 107 60 201 97 188 146 189 164 122 178 170 170 214 67 111 153 141 119 84 194 132 128 169 81 160 176 170 118 164 138 120 106 182 73 124 203 96 65 194 102 69 206 193 172 210 219 200 136 83 206 191 60 177 207 218 168 105 135 84 161 212 179 63 135 180 215 104 117 103 0 208
80 161 172 102 106 190 189 129 133 78 161 185 86 63 119 106 152 94 162 68 83 102 163 195 56 168 156 146 217 186 59 139 91 143 63 96 176 91 205 166 62 178 141 182 132 204 134 213 75 200 192 116 204 159 186 205 77 112 217 56 164 162 166 159 183 133 209 97 139 76 179 152 74 185 176 96 118 211 142 89 179 106 215 218 156 218 126 65 106 65 208 125 120 83 207 150 110 183 171 200 150 85 202 216 205 80 126 103 204 0
