110
0 12 7 7 6 20 14 10 6 14 10 9 11 18 15 15 14 11 12 16 14 6 10 15 13 17 14 11 13 10 8 15 17 20 10 17 19 14 12 20 6 9 20 13 8 19 12 6 17 6 13 20 11 9 10 20 11 20 15 5 15 19 17 6 11 20 9 9 6 20 10 8 19 15 17 12 20 10 19 6 19 12 12 16 7 12 10 18 20 5 11 13 11 20 7 14 17 11 18 19 6 6 9 5 12 11 5 7 5 16
0 999  143 426  303 372  132 338  260 591  164 550  177 523  280 448  359 440  371 565  130 190  79 204  378 572  148 495  270 317  284 467  364 512  216 279  115 227  287 426  193 567  141 463  253 476  257 340  302 372  224 609  219 559  239 369  333 650  166 351  244 341  215 390  318 533  299 348  213 304  239 395  353 548  226 523  297 537  280 667  241 275  179 276  401 739  210 411  117 390  179 394  331 483  199 378  172 327  284 549  308 688  219 404  202 516  342 510  307 606  294 636  294 334  299 503  266 334  349 513  419 765  270 539  184 318  187 554  335 462  230 600  279 375  119 487  319 350  250 583  266 379  359 626  275 548  261 469  172 362  316 552  267 387  381 705  172 537  231 291  147 486  175 459  274 654  331 412  253 481  233 334  217 293  145 333  376 539  210 301  266 459  98 368  307 381  355 506  355 524  145 287  271 595  294 441  338 378  267 367  401 546  279 406  344 491  239 348  270 523  127 238  321 382  115 386  285 427  152 484
0 99 198 88 191 80 92 76 177 164 101 74 190 97 187 164 160 98 94 211 123 62 92 211 122 158 68 190 143 107 124 122 128 113 194 63 170 142 96 205 184 163 215 187 81 95 131 125 59 187 193 112 115 122 98 78 207 170 139 201 201 112 122 78 150 136 76 91 179 78 74 166 204 107 149 102 165 177 153 127 129 138 198 201 56 159 161 118 207 73 139 89 165 175 208 128 126 167 119 107 192 94 149 97 160 116 144 85 199 125
113 0 128 77 146 175 146 159 217 122 103 174 72 206 135 97 144 143 109 125 91 90 126 171 120 103 180 149 209 189 73 180 59 193 154 193 109 167 71 103 132 219 177 101 102 197 66 173 68 198 110 132 148 129 212 150 77 120 88 83 101 165 125 62 199 192 89 87 175 64 122 190 201 77 57 182 73 94 176 159 198 121 125 202 144 80 72 197 205 123 139 119 91 193 67 177 82 148 145 79 170 159 85 72 148 59 83 145 78 120
201 214 0 106 204 183 123 209 87 181 57 64 179 141 178 78 87 67 122 174 103 69 57 95 73 198 175 170 66 87 198 72 66 165 133 69 74 190 105 173 211 125 220 61 172 218 129 177 218 158 114 200 146 85 113 171 106 134 210 156 206 128 112 125 214 114 124 98 139 87 124 164 110 158 151 193 58 141 151 199 96 136 94 196 65 79 129 119 172 203 92 169 204 126 64 158 193 139 153 201 185 86 88 137 136 168 65 89 147 209
174 170 156 0 66 118 161 61 99 117 114 214 151 110 113 132 167 176 155 198 100 95 60 71 88 107 176 207 175 217 64 62 154 188 186 74 195 100 169 96 92 139 204 185 93 114 165 92 196 144 101 190 153 147 154 173 70 166 216 148 198 81 199 100 143 73 118 96 186 145 172 67 153 73 147 100 73 133 110 178 57 159 161 188 135 214 116 217 114 76 82 203 61 180 103 103 81 78 150 205 74 113 115 96 55 125 158 188 204 89
130 129 99 218 0 187 83 91 147 97 190 145 130 112 55 108 189 117 108 141 115 99 167 204 183 208 165 165 73 105 128 81 143 103 216 191 94 89 177 173 193 177 129 188 103 93 173 159 55 201 98 201 194 192 66 75 178 220 182 71 80 60 202 177 189 129 217 207 122 184 146 75 77 106 206 61 196 61 62 127 178 138 100 60 112 218 200 78 216 62 200 195 110 182 215 117 86 154 138 68 178 104 121 173 88 95 128 112 116 181
210 188 181 137 211 0 96 170 198 143 205 159 176 108 186 212 58 168 190 162 215 197 75 213 217 204 106 121 93 173 103 171 182 190 129 72 55 145 89 78 149 143 201 110 156 144 146 110 118 98 144 104 71 202 142 92 194 63 165 114 104 159 213 133 108 218 162 94 88 119 134 131 91 111 61 114 125 194 213 76 177 81 134 167 126 155 175 69 56 174 156 156 183 120 133 196 190 193 100 91 92 107 166 214 184 105 163 146 67 187
163 152 196 96 56 124 0 61 171 144 210 163 70 126 78 175 115 181 113 62 220 125 219 178 154 122 62 219 125 57 190 187 171 125 157 113 118 181 135 142 55 105 147 73 142 219 167 195 189 78 111 120 124 113 71 89 59 117 148 106 115 61 194 196 63 74 82 66 61 197 72 82 68 103 167 154 109 65 199 179 66 167 166 145 219 177 78 102 143 117 78 202 103 178 124 79 189 212 194 105 167 82 125 106 142 78 113 175 94 158
60 64 215 186 214 155 140 0 180 138 105 67 160 163 138 135 129 73 76 116 154 207 87 69 61 104 125 98 63 174 141 204 101 182 91 86 89 204 116 148 189 76 206 111 126 116 84 174 61 138 143 129 130 84 101 136 128 71 96 147 131 117 197 219 195 121 110 198 133 179 129 66 100 217 67 193 169 140 102 126 160 115 185 57 88 138 196 76 151 153 201 193 125 129 140 189 137 220 195 155 68 207 115 201 94 78 202 220 204 154
109 97 163 188 94 117 172 204 0 127 81 178 114 206 106 95 84 137 132 194 188 151 212 154 169 186 184 109 217 217 95 178 82 96 57 155 71 150 115 164 130 60 68 66 88 171 108 181 64 119 163 87 126 172 103 114 65 167 115 133 88 71 151 55 204 210 77 148 204 188 137 172 211 135 67 161 163 124 56 80 165 82 145 185 77 106 217 94 68 184 90 119 103 155 136 132 188 177 199 215 151 92 73 175 61 155 113 70 97 140
144 131 126 62 181 76 74 94 116 0 171 187 138 105 217 144 58 211 134 158 154 176 209 112 172 160 72 127 130 218 127 129 128 200 215 79 65 115 191 169 109 108 85 176 59 154 98 83 152 58 121 102 61 191 143 171 196 160 131 86 172 219 139 125 219 149 116 193 174 164 86 190 142 197 71 188 97 59 217 97 94 214 200 190 216 66 109 219 111 62 175 117 139 62 132 163 215 219 135 70 113 183 113 133 148 150 133 175 217 102
189 166 178 214 79 174 189 116 184 177 0 102 73 108 64 84 177 90 101 77 152 109 68 164 62 133 112 81 86 68 119 171 103 176 180 131 73 200 124 112 65 130 168 157 163 196 79 198 76 131 81 155 136 200 216 162 192 203 152 181 154 107 198 70 168 195 138 81 158 126 154 201 105 166 80 122 70 80 75 62 151 135 172 56 183 79 166 66 122 212 89 111 89 61 58 125 137 168 166 168 110 142 135 85 172 131 99 195 148 112
161 79 214 174 220 109 183 139 164 132 78 0 207 141 111 119 124 59 160 94 56 146 120 138 207 151 76 108 211 59 204 65 137 184 109 145 168 215 130 128 158 187 76 82 88 160 173 143 196 64 148 214 103 88 77 196 195 150 132 187 88 102 190 174 151 167 201 63 113 177 57 105 157 121 75 81 214 81 99 199 132 58 188 74 146 89 160 164 66 196 215 66 179 212 116 96 148 82 209 87 163 85 82 76 103 213 194 111 139 195
58 145 62 212 203 208 81 181 59 72 67 121 0 61 148 94 197 103 128 86 97 216 132 117 94 105 96 106 170 122 199 218 172 198 137 219 68 55 203 200 175 73 85 191 68 152 147 174 124 202 106 95 220 188 128 175 118 99 79 199 153 69 57 194 55 219 199 88 118 182 217 156 193 86 204 172 158 178 209 127 127 130 144 144 62 114 169 164 114 211 170 161 103 160 88 99 83 196 68 114 114 120 78 106 108 78 122 163 79 121
175 181 152 70 96 192 64 208 76 92 157 183 128 0 99 181 208 217 77 185 125 179 203 173 147 214 100 119 176 55 206 161 112 110 188 177 143 210 131 148 102 145 78 64 163 166 123 133 151 132 115 68 174 176 164 162 119 96 76 180 74 68 204 146 108 92 113 123 163 74 193 209 137 68 192 61 66 67 143 82 194 113 184 158 161 95 84 175 113 61 72 192 102 57 112 187 213 144 114 163 128 210 204 89 210 108 58 180 145 165
145 145 163 55 203 86 106 82 56 165 130 153 141 120 0 100 140 79 189 80 116 164 144 146 147 164 96 210 80 185 99 190 216 120 102 211 183 193 89 115 152 197 148 68 129 90 138 182 161 99 207 164 100 104 211 178 140 85 153 69 206 98 207 91 198 135 101 185 201 85 66 129 172 99 179 100 199 202 181 59 124 119 58 178 169 120 155 117 194 160 106 214 185 151 171 142 187 184 79 151 210 148 215 179 76 91 91 72 79 94
63 99 141 194 172 134 141 210 144 142 71 142 181 117 130 0 217 77 73 69 212 153 200 181 87 203 120 151 102 164 202 97 208 87 193 139 150 193 144 194 205 66 81 216 141 102 141 158 121 105 139 213 199 103 197 140 180 147 215 195 196 183 149 220 130 155 203 91 177 100 101 142 132 170 183 219 137 169 82 208 131 75 91 150 212 191 94 163 138 185 68 57 192 206 95 97 179 142 168 79 57 131 162 86 94 88 207 209 58 94
154 84 120 203 168 215 63 92 152 98 177 176 167 88 144 146 0 140 150 191 149 119 144 139 199 69 175 114 174 127 162 193 120 189 55 85 98 144 118 116 202 121 107 109 205 94 149 168 122 71 170 117 217 218 144 174 179 191 70 118 80 175 147 63 113 168 80 217 60 85 55 164 179 134 216 155 101 191 94 120 181 132 88 58 162 204 78 99 119 196 58 80 143 186 167 123 157 74 169 203 152 100 204 179 85 179 59 129 204 143
85 192 139 163 155 204 211 107 141 196 138 91 204 177 136 185 73 0 152 117 99 74 106 178 86 77 139 148 101 215 163 95 151 143 114 75 93 143 151 193 174 126 145 104 216 59 216 164 97 202 134 92 85 131 211 189 89 76 194 183 160 210 108 156 76 66 146 195 114 156 172 176 194 111 119 92 154 212 158 165 177 107 176 194 142 181 122 80 71 95 193 171 192 111 126 181 57 77 212 130 215 80 180 71 129 218 180 143 136 161
214 165 142 197 173 153 78 176 140 89 176 133 182 192 139 110 170 179 0 85 151 67 143 192 127 191 122 72 112 128 137 207 152 190 68 180 110 126 88 71 71 76 55 106 195 132 115 75 168 68 62 185 156 203 148 209 173 214 60 58 167 143 143 80 109 213 65 135 140 59 140 148 203 202 147 205 56 122 202 213 196 195 213 80 107 192 176 86 141 145 140 91 128 157 121 218 117 196 67 166 194 143 169 200 55 220 188 184 123 110
69 186 102 63 195 210 164 95 107 217 154 188 114 164 113 70 76 162 78 0 152 171 109 109 110 125 97 104 103 137 55 63 176 189 189 142 61 188 174 138 103 176 217 138 167 122 214 117 190 172 163 210 144 183 195 168 168 196 132 78 216 64 115 219 115 182 68 174 216 73 117 156 101 217 139 115 149 76 55 168 95 135 218 80 132 81 140 110 183 114 207 161 110 81 162 69 183 186 213 189 92 160 173 185 201 161 79 62 169 197
208 98 88 127 217 86 179 219 194 178 77 214 102 63 88 127 106 103 183 78 0 141 196 158 66 196 89 200 175 115 170 56 179 101 210 100 113 107 150 161 96 164 148 181 137 220 211 206 99 83 213 126 182 177 182 63 197 162 63 175 84 108 145 89 166 91 157 121 159 119 115 198 186 158 147 171 198 185 219 161 185 150 149 148 121 60 77 68 219 60 61 151 135 182 117 216 153 194 93 178 180 79 185 148 77 205 107 203 136 75
122 179 131 159 154 98 65 129 130 212 145 137 131 155 97 146 125 67 104 75 183 0 220 67 122 133 147 209 110 206 104 63 136 148 100 128 81 83 97 145 71 178 116 153 197 198 148 128 189 179 217 81 132 86 80 192 109 157 110 61 188 189 192 199 76 144 95 189 60 55 179 187 58 119 104 156 78 113 89 74 87 212 174 147 167 128 148 70 142 129 126 149 140 185 154 77 152 181 92 201 78 98 66 144 166 159 117 174 145 135
164 150 91 125 188 208 133 118 65 139 174 170 153 125 182 107 119 184 130 197 123 70 0 134 102 145 58 60 134 168 204 161 72 57 111 184 61 189 193 122 105 214 130 116 98 194 175 194 70 142 97 94 152 106 92 169 73 132 166 114 151 151 217 164 78 206 196 123 148 112 185 169 218 162 180 123 84 66 116 112 111 146 204 204 169 189 56 92 91 188 89 213 70 81 134 115 125 131 91 122 134 184 180 203 126 171 95 127 96 119
146 143 90 96 186 171 149 55 173 78 126 145 164 167 186 124 185 132 104 124 212 215 215 0 160 162 121 102 75 59 206 196 133 142 116 189 132 93 64 187 149 75 111 215 131 146 109 112 168 123 99 211 100 73 109 177 219 116 134 164 177 96 83 193 172 198 203 142 174 175 122 194 72 105 92 106 77 115 68 118 79 128 95 110 103 208 101 63 186 89 145 182 77 219 177 65 178 146 127 130 88 91 122 69 200 215 190 122 76 115
120 80 216 117 127 77 71 127 84 195 63 119 217 175 159 109 153 92 86 158 132 152 80 80 0 200 105 69 216 180 143 168 195 154 157 66 185 171 166 60 158 117 59 191 176 79 63 142 116 125 165 155 121 109 201 127 148 199 176 197 189 93 95 121 120 79 194 200 55 208 204 138 64 91 151 91 132 219 192 92 119 81 98 68 157 215 174 200 79 93 115 165 60 104 197 151 88 103 140 98 178 131 116 109 157 83 143 62 73 211
200 218 99 123 76 141 212 69 197 174 65 146 146 117 196 209 157 200 72 157 107 76 203 88 220 0 197 159 187 115 196 172 166 105 80 167 56 200 165 216 83 174 196 120 182 73 62 195 68 161 99 155 72 156 84 96 105 216 107 197 216 80 204 70 213 75 217 144 135 121 163 220 120 140 89 92 216 122 161 138 214 165 142 172 216 215 145 72 207 170 185 71 102 167 149 88 169 88 208 109 72 63 91 56 150 146 148 177 125 174
106 215 122 136 190 100 209 143 65 55 80 146 89 191 160 153 66 191 122 212 116 188 103 173 142 139 0 65 164 198 137 139 169 179 163 159 206 59 123 76 123 195 79 181 214 188 218 195 71 174 138 208 89 137 134 93 77 68 114 132 164 203 132 198 169 195 63 71 173 212 212 216 73 83 205 80 220 107 220 83 211 154 162 203 139 56 136 87 184 188 156 81 134 154 204 91 119 129 200 139 182 154 143 131 88 157 131 185 94 124
67 162 129 159 61 146 103 63 195 56 145 62 135 204 121 208 206 199 155 113 113 97 167 184 97 117 154 0 191 216 151 106 138 157 127 165 209 95 169 133 81 215 83 116 170 145 154 131 71 148 139 73 85 76 59 143 128 132 89 134 164 170 84 88 95 67 111 188 84 68 66 94 187 220 75 183 131 120 173 163 173 180 161 149 74 58 66 117 183 138 163 94 68 173 75 180 171 148 113 188 205 138 62 168 158 145 202 102 77 66
181 113 212 79 56 186 158 64 120 158 143 201 74 114 206 165 74 147 61 97 165 98 104 199 109 71 126 79 0 79 87 76 219 208 199 148 176 195 176 137 101 189 133 176 214 136 170 74 86 66 172 82 199 177 204 69 126 155 70 122 61 176 215 136 73 87 118 73 121 69 214 195 61 142 120 184 82 134 177 152 136 134 149 182 66 182 104 169 80 155 198 211 166 140 158 67 189 109 134 130 130 176 157 147 133 187 88 197 169 170
125 182 67 75 149 71 97 108 59 202 57 174 205 91 56 206 87 202 110 77 219 161 178 219 153 70 202 198 93 0 209 183 116 148 216 72 146 80 98 68 60 111 87 59 193 212 156 185 220 160 169 136 187 76 66 87 215 193 92 197 209 146 193 111 147 107 208 124 122 152 141 173 79 75 108 215 106 162 167 127 69 129 156 167 72 191 152 110 193 213 183 204 177 118 122 80 59 78 159 107 69 128 213 179 136 161 88 149 135 100
59 206 177 172 98 198 113 195 174 124 200 74 121 163 210 149 191 150 100 75 124 62 121 70 156 165 98 96 115 169 0 155 135 91 168 85 150 60 95 96 202 124 113 201 55 142 201 207 140 191 122 166 155 215 93 89 125 189 196 204 89 74 134 209 186 66 118 90 157 86 211 213 140 106 180 179 68 89 200 117 96 200 174 128 172 220 156 198 141 154 76 217 148 220 189 106 64 119 166 189 133 75 75 218 93 193 112 59 181 66
73 124 81 185 214 202 203 82 78 115 79 146 82 213 75 178 101 114 194 86 176 113 180 206 69 138 69 99 94 158 152 0 162 209 187 184 156 88 213 107 84 89 125 170 109 95 61 95 131 130 197 200 123 113 75 131 64 172 170 152 106 119 60 109 128 201 97 211 121 96 161 133 104 216 71 167 81 129 124 184 208 61 71 80 122 76 165 198 105 188 193 98 109 75 140 211 119 141 163 211 193 208 122 205 214 143 129 98 181 129
156 107 174 209 157 142 64 113 201 88 82 109 174 168 132 92 160 58 67 217 69 101 150 209 108 93 97 165 172 96 139 117 0 192 78 189 73 200 59 182 111 129 165 207 175 204 136 178 189 210 86 104 186 68 103 96 146 134 62 132 117 119 73 87 179 114 86 108 217 66 147 66 180 94 189 115 120 143 70 160 128 101 107 207 73 217 69 165 168 100 64 117 74 220 123 191 108 98 118 124 126 200 181 146 204 56 101 154 185 91
101 145 148 132 213 58 145 187 86 164 90 154 66 220 189 119 94 194 85 132 68 183 151 146 182 67 57 152 189 74 109 87 151 0 117 117 79 176 112 84 125 81 79 63 198 128 89 149 167 138 197 155 147 173 124 77 65 207 134 114 104 56 107 105 152 214 173 61 171 153 177 67 149 127 216 218 100 156 202 211 127 117 112 122 63 198 215 204 120 57 136 159 157 128 72 161 196 143 129 135 154 188 114 74 200 111 74 97 212 160
172 123 94 78 115 58 91 90 198 75 184 108 77 168 200 71 165 217 135 121 97 196 200 151 210 167 184 117 131 144 200 106 135 104 0 179 91 91 212 204 152 185 167 142 197 116 157 80 72 101 203 113 123 150 76 115 64 109 82 148 125 112 73 108 86 183 161 213 146 130 107 157 74 72 214 157 120 82 136 102 142 210 148 80 111 153 78 102 101 75 158 145 81 210 139 64 187 112 204 138 95 110 195 64 62 55 128 119 79 81
194 112 75 202 89 94 190 123 194 206 72 128 187 99 174 211 55 129 70 65 172 60 167 93 214 206 149 151 206 183 122 120 147 74 169 0 91 179 88 205 95 210 153 214 145 143 112 132 157 71 102 156 100 216 125 82 166 86 85 168 135 191 106 79 105 68 97 208 193 58 204 146 203 207 169 197 64 85 209 154 194 206 119 148 202 213 218 158 113 138 82 66 74 207 107 126 78 94 150 89 115 127 61 217 146 120 78 91 217 160
181 88 192 62 132 88 68 57 97 89 137 77 167 213 200 109 154 86 168 123 208 216 154 171 138 182 158 77 210 220 151 154 111 186 85 199 0 81 204 78 166 213 112 72 90 169 94 61 91 140 198 93 100 188 100 204 140 219 201 192 67 62 209 82 169 64 78 153 121 170 131 87 96 143 155 210 195 191 151 204 117 116 95 141 182 199 132 60 121 139 120 112 161 211 60 183 141 104 127 179 157 192 133 58 193 79 143 72 56 180
102 139 129 94 64 121 211 200 102 113 99 138 95 74 98 154 211 95 94 106 156 130 147 144 84 159 199 114 93 183 147 90 64 104 158 64 219 0 61 61 199 92 124 101 63 89 123 173 179 57 63 76 56 198 82 57 155 84 69 164 181 204 91 154 149 213 211 208 102 142 217 108 72 118 147 176 88 83 184 95 174 163 178 80 182 115 62 211 185 128 217 142 68 116 76 118 75 72 137 200 131 114 184 95 189 188 64 185 133 75
172 65 133 142 109 218 212 127 87 97 215 151 56 183 112 208 141 172 80 81 102 215 204 134 115 98 199 198 184 97 205 67 216 83 169 70 90 75 0 191 148 153 129 217 58 128 63 89 210 219 219 87 112 135 173 121 203 164 143 195 141 206 177 176 122 160 149 198 120 58 159 175 138 105 148 167 68 192 146 185 121 208 90 69 186 185 58 105 175 56 194 96 93 167 105 79 173 107 113 56 76 199 219 58 79 196 165 189 67 135
107 214 102 117 60 170 193 150 179 55 216 75 85 55 90 201 155 211 209 134 189 61 88 60 190 183 183 139 67 173 129 157 176 81 196 112 103 160 190 0 63 68 148 188 141 102 147 130 73 87 155 66 117 115 216 137 166 90 178 116 194 166 177 203 66 116 189 160 169 189 114 114 218 82 156 152 162 102 117 163 115 209 92 78 79 84 191 197 134 206 129 179 206 206 116 96 114 117 144 98 83 92 141 162 109 106 191 62 117 123
145 133 212 161 63 167 196 125 165 125 76 60 65 89 116 183 71 175 112 161 188 206 181 191 134 176 96 170 207 181 93 72 118 152 149 75 126 105 71 81 0 198 128 143 63 92 191 111 175 205 89 71 172 127 157 75 163 105 215 159 146 110 172 132 165 174 198 151 120 95 173 150 190 134 172 133 184 195 128 129 96 192 179 72 61 168 192 169 205 186 215 83 177 178 162 79 154 150 108 177 203 193 59 189 101 167 200 84 154 199
149 112 71 191 199 220 220 70 165 179 207 96 61 197 75 96 146 95 219 94 139 179 85 64 182 141 195 117 126 151 203 209 220 210 99 124 76 117 181 94 107 0 126 126 213 161 168 209 144 143 69 165 156 201 210 80 148 209 129 134 62 172 124 195 131 193 113 150 56 183 91 141 99 78 143 203 69 178 67 66 215 108 58 150 125 195 64 176 200 55 149 132 208 190 102 150 59 211 191 76 88 148 69 211 135 62 57 99 178 142
154 207 173 114 174 100 76 60 196 144 218 61 172 193 66 218 63 173 68 202 82 114 207 101 66 103 211 218 184 147 146 210 140 99 151 163 68 177 139 126 112 127 0 211 187 125 203 218 102 152 205 88 113 97 81 178 159 188 218 131 66 104 149 102 65 153 157 136 175 165 175 217 179 219 216 113 140 104 172 142 95 139 169 112 195 126 71 87 114 200 165 175 72 218 57 141 113 69 131 208 220 130 179 180 64 142 83 121 151 112
219 88 165 149 210 68 149 167 67 174 120 90 165 102 100 192 144 165 160 79 144 65 112 57 151 151 160 177 136 157 121 181 183 167 183 71 170 77 120 214 210 147 202 0 195 178 183 170 158 83 176 94 219 118 97 134 150 104 66 114 198 183 147 195 69 157 206 160 178 113 135 182 109 169 188 89 132 135 117 99 106 79 86 114 68 76 132 172 89 193 88 91 198 149 128 69 149 175 145 102 191 62 83 111 169 130 62 204 175 119
135 113 152 130 164 84 106 138 196 114 167 219 70 97 177 117 185 88 218 205 151 129 142 158 172 137 115 66 103 140 176 84 197 192 214 56 197 186 211 129 166 137 165 218 0 82 111 109 113 213 124 161 116 163 55 113 81 150 203 206 116 75 85 161 138 78 208 185 125 100 61 138 121 169 68 87 96 62 152 66 96 112 160 173 69 164 154 173 122 187 171 214 99 140 68 60 176 128 141 163 199 130 174 91 93 184 146 111 174 91
60 146 98 143 154 154 60 191 192 187 148 122 111 191 95 74 198 73 216 60 162 190 141 100 141 206 128 112 216 202 102 197 167 108 101 66 216 99 159 111 210 129 188 92 84 0 167 105 150 125 153 219 99 133 80 138 157 163 61 119 164 150 167 149 119 150 73 106 220 169 154 85 117 172 133 161 67 136 210 138 115 134 213 173 70 143 183 67 180 184 215 123 104 214 176 81 202 93 188 168 82 101 84 190 217 107 216 172 205 162
82 145 213 76 148 58 64 128 140 123 219 187 175 108 105 90 183 175 219 152 103 68 97 188 212 152 104 175 172 72 85 70 199 122 136 123 120 123 189 60 57 105 215 109 61 217 0 129 180 111 146 105 159 192 84 61 203 145 164 95 207 213 99 117 207 158 186 67 157 76 74 169 56 175 205 62 158 112 115 96 147 95 74 80 219 205 181 79 122 61 91 201 191 128 123 177 122 186 85 186 118 218 189 185 116 188 81 93 85 131
84 109 155 158 193 101 218 122 204 193 154 190 101 162 132 88 78 176 99 152 179 99 110 88 164 85 133 97 154 217 62 158 150 99 199 196 216 213 165 122 56 165 174 218 170 111 199 0 201 176 139 148 152 181 216 136 174 126 61 112 56 142 160 107 102 172 85 159 141 212 122 93 150 102 171 192 103 186 137 144 220 126 131 171 109 201 144 187 60 207 152 150 193 115 190 178 158 62 58 196 215 186 103 106 74 122 208 99 108 143
68 98 104 134 197 126 61 167 90 76 64 131 141 152 145 78 204 148 82 87 116 102 63 179 196 218 167 209 199 61 214 102 213 147 206 168 160 214 110 91 159 105 219 155 164 88 60 190 0 204 83 151 193 62 195 76 213 192 190 165 77 199 161 71 168 144 130 129 196 216 115 74 159 146 92 122 116 70 144 178 101 122 153 188 65 211 127 216 131 138 75 214 74 102 152 205 211 158 203 109 170 110 55 183 104 85 111 198 187 58
196 194 129 213 192 170 197 219 189 162 93 183 108 161 99 134 110 68 108 70 66 157 190 124 180 142 143 89 121 195 162 62 114 203 82 149 207 127 209 102 173 96 141 157 197 198 101 63 160 0 149 104 139 105 158 220 127 134 74 197 177 128 168 135 101 99 196 179 97 213 168 192 170 155 127 73 207 169 84 134 103 83 207 153 80 161 59 177 212 146 82 216 76 174 72 80 111 199 194 80 95 196 209 95 78 140 147 84 161 114
97 116 181 214 126 170 99 198 193 75 84 116 206 138 75 56 153 143 127 194 88 141 155 100 126 134 144 198 184 107 65 125 143 106 114 129 75 111 196 168 206 96 65 135 218 111 171 86 93 110 0 69 81 211 196 120 55 101 58 104 94 185 97 195 183 95 76 65 60 204 202 121 109 198 176 102 96 203 96 193 55 142 157 95 60 220 94 65 96 98 165 81 79 121 99 219 118 86 184 113 201 99 181 174 176 60 149 68 123 157
114 106 193 115 196 80 102 154 67 192 139 64 77 154 86 67 139 75 78 113 57 137 114 89 87 68 194 160 166 137 59 201 156 76 207 62 84 212 121 158 137 75 197 197 77 174 96 96 119 196 184 0 120 104 94 172 115 74 130 153 137 103 194 171 174 166 182 146 97 118 125 96 190 94 67 116 91 56 68 163 142 164 93 146 165 81 206 141 190 89 61 218 158 126 155 109 152 57 129 219 138 101 95 133 191 79 181 180 78 81
178 192 136 144 136 189 126 120 63 75 153 185 116 215 150 87 80 66 153 119 123 186 157 132 158 131 181 76 150 198 153 132 87 97 122 203 118 120 170 156 98 145 159 122 100 59 165 135 182 156 132 146 0 182 197 74 90 105 76 63 163 72 118 143 95 88 94 132 170 66 87 129 144 61 91 169 171 140 194 191 105 220 144 105 80 81 142 106 94 110 139 204 131 177 82 74 133 112 100 155 161 160 171 197 151 183 201 155 176 188
125 191 155 167 168 212 177 83 216 212 220 57 146 115 84 93 96 198 219 210 199 110 92 136 135 147 207 154 104 109 157 168 182 107 114 210 195 177 105 112 69 220 81 172 84 59 67 155 158 210 205 196 62 0 192 141 205 95 117 70 155 205 220 161 146 154 163 69 151 114 173 162 77 151 214 61 79 157 190 87 82 98 151 119 198 94 164 180 115 144 104 118 173 168 74 138 101 211 140 137 110 210 165 92 211 117 131 196 186 200
157 153 55 204 102 69 193 107 177 64 111 170 149 58 74 55 201 144 106 66 59 123 102 187 120 124 100 117 150 180 95 106 106 88 219 91 198 127 82 118 186 201 150 206 190 60 177 131 188 113 149 129 182 130 0 157 168 217 201 124 58 217 196 173 57 103 124 137 135 158 176 181 160 144 213 194 163 140 116 103 100 155 67 167 67 157 117 88 107 109 205 102 152 129 178 137 67 70 171 173 148 195 144 56 74 56 125 150 217 216
57 84 203 110 69 130 211 82 96 216 220 103 174 97 97 55 180 66 191 86 111 87 144 212 178 67 89 125 187 164 98 148 201 99 132 180 86 139 56 70 86 151 115 189 79 116 194 189 92 93 207 134 55 146 103 0 152 101 94 158 74 204 119 72 169 155 149 69 172 60 85 89 139 72 61 67 167 177 169 160 73 78 95 65 147 119 183 207 161 78 118 167 147 120 72 220 81 151 193 103 74 68 74 180 188 168 88 196 156 220
58 76 120 210 86 211 82 146 131 71 67 128 75 61 188 99 168 196 183 191 187 174 75 85 168 192 171 210 170 182 121 62 79 68 154 105 83 166 159 61 162 59 186 192 190 103 175 70 84 140 134 114 103 107 181 80 0 79 83 149 107 183 117 167 71 186 218 97 183 88 58 73 210 131 122 112 126 68 170 117 86 180 157 184 185 195 142 131 210 214 174 171 102 128 56 208 133 175 133 79 156 176 59 180 175 130 66 70 146 207
145 109 157 206 89 183 140 201 123 67 177 76 90 113 108 165 147 125 57 125 214 181 126 171 196 57 164 74 84 137 106 166 163 200 125 88 199 202 133 213 71 156 82 181 194 141 87 98 192 135 186 201 76 119 111 133 127 0 68 56 191 57 128 145 120 75 75 99 66 154 69 140 66 65 218 197 216 73 207 118 104 128 75 128 110 61 126 105 177 60 182 86 198 208 192 169 114 84 215 121 81 76 89 149 133 74 210 84 118 121
87 150 122 144 148 203 203 86 173 56 61 140 101 67 195 204 117 192 101 111 171 112 199 98 204 123 114 192 96 148 74 184 164 201 116 145 108 55 185 84 82 101 131 188 61 122 69 106 168 151 210 155 164 109 123 156 163 119 0 170 83 165 144 173 191 211 192 188 207 109 148 151 110 55 143 121 111 79 214 183 174 85 143 208 160 66 65 82 149 80 149 73 126 74 121 115 149 154 96 151 96 79 110 152 89 116 164 195 163 163
107 200 97 172 219 129 181 106 206 64 202 179 202 143 55 207 191 151 168 166 188 64 116 128 131 117 202 159 178 167 61 142 144 116 106 63 173 95 147 147 106 57 57 212 210 179 192 105 97 163 78 84 56 85 78 105 56 203 110 0 157 64 83 189 202 80 192 180 80 191 201 205 155 217 169 105 170 98 188 133 58 197 125 85 170 156 172 184 206 126 174 99 62 137 60 171 171 213 138 189 142 198 95 191 220 179 184 122 117 97
194 171 193 100 197 183 188 87 76 189 128 170 138 97 134 146 102 211 143 103 94 148 83 172 115 125 155 108 153 148 184 115 147 94 91 104 143 147 95 205 93 106 83 152 159 182 126 200 88 174 80 130 166 207 83 164 130 212 92 183 0 103 86 188 137 182 144 220 132 160 188 161 75 118 83 153 134 148 146 109 157 150 199 56 170 196 75 136 93 180 127 193 130 185 206 68 131 154 111 190 84 135 75 117 85 184 72 94 202 112
174 133 157 108 155 192 199 58 206 81 120 159 95 120 129 149 177 209 78 167 159 170 161 77 71 83 73 118 211 69 98 135 203 126 103 83 111 147 73 122 160 196 171 64 157 176 80 129 55 161 160 131 166 218 97 128 218 99 220 185 158 0 174 69 196 197 89 107 172 120 60 163 127 111 211 127 147 67 162 212 61 201 183 110 145 175 182 111 61 136 218 56 71 76 118 157 132 96 190 57 114 209 168 191 174 111 145 107 159 72
133 59 192 104 204 99 154 114 143 192 87 103 158 181 80 55 67 64 62 162 182 112 201 220 117 211 212 56 66 99 104 142 82 200 86 215 197 97 128 66 86 140 199 188 84 188 201 88 183 201 97 215 189 114 219 73 123 207 56 133 102 142 0 189 211 195 60 209 163 184 74 186 159 117 131 107 144 149 89 98 87 119 204 161 112 172 207 65 154 98 192 72 72 190 68 219 174 211 72 162 97 145 122 79 110 132 159 121 160 65
125 142 77 91 204 86 149 121 88 204 183 173 117 59 135 85 76 86 73 194 184 207 77 186 66 152 198 57 149 95 95 134 98 206 81 102 162 155 149 124 197 128 183 64 170 132 176 61 62 219 99 166 204 178 172 144 135 131 203 65 179 196 161 0 189 168 146 87 220 137 172 105 139 85 147 165 143 134 134 61 215 85 173 180 176 192 151 218 83 69 178 178 118 183 205 57 97 217 91 192 135 134 193 82 145 113 88 169 219 190
108 154 195 73 109 97 163 82 70 95 213 72 184 186 167 160 142 154 60 171 119 65 135 150 175 117 219 189 183 103 196 151 81 134 106 75 213 144 133 148 155 152 152 129 109 207 88 109 89 153 218 131 197 175 165 115 137 102 57 81 119 175 76 214 0 138 166 187 98 58 210 94 82 96 209 144 179 150 104 100 186 137 66 193 72 106 150 161 204 114 120 119 172 130 111 160 132 150 68 104 121 123 153 103 140 178 86 149 101 82
189 152 160 211 165 80 188 117 162 112 71 217 85 157 170 58 92 75 100 80 107 153 93 124 89 181 203 133 202 166 77 145 164 70 126 176 67 66 131 205 80 155 88 204 96 95 93 145 129 97 151 92 105 91 176 132 67 150 184 170 65 83 125 101 208 0 185 58 92 111 192 93 197 105 176 58 213 193 209 62 159 151 153 189 97 59 219 175 164 71 140 124 92 187 191 94 131 206 150 110 219 97 214 203 94 69 191 219 168 60
64 131 56 217 210 130 141 93 197 122 173 94 161 64 196 175 96 196 129 77 93 197 102 134 200 84 140 153 216 65 181 215 57 75 99 96 65 137 200 216 210 88 159 200 134 165 160 120 78 194 95 142 94 60 99 105 118 112 76 97 147 67 125 81 105 92 0 195 211 203 199 199 100 116 89 165 80 191 180 138 124 151 87 161 136 86 111 102 103 197 138 132 166 73 147 211 152 125 207 181 86 92 104 71 90 84 179 62 130 80
216 87 150 113 123 214 71 208 199 106 71 84 132 203 73 172 137 115 201 82 186 60 191 192 100 144 133 156 129 104 146 125 105 151 139 86 186 125 183 139 194 137 126 212 125 87 170 108 102 132 208 190 118 192 131 157 55 96 189 151 173 192 134 202 65 203 75 0 210 200 78 112 122 166 105 119 63 115 87 144 122 174 140 70 160 87 96 79 80 215 184 126 117 211 60 139 94 152 93 60 204 68 179 160 80 163 189 217 215 70
196 87 144 116 211 58 196 167 197 81 162 203 184 184 104 218 194 214 196 140 143 110 109 209 143 197 148 192 174 118 153 186 171 169 136 158 195 184 91 140 177 194 212 96 120 135 208 148 124 98 210 72 166 86 102 202 60 187 98 94 108 70 214 56 117 87 144 139 0 187 78 127 157 166 123 64 109 61 83 84 87 178 90 176 55 99 70 138 208 68 132 91 210 69 184 146 190 142 126 124 139 209 220 121 173 71 134 78 62 160
121 65 96 117 149 186 75 134 217 188 167 166 108 123 220 125 165 209 172 211 209 85 114 129 202 207 146 110 165 189 196 145 98 180 132 157 203 170 131 212 188 145 138 178 69 146 118 75 141 77 58 175 129 134 212 99 179 177 123 212 132 179 176 119 87 149 153 197 155 0 140 185 101 72 55 81 154 110 129 219 162 69 191 89 185 123 101 110 77 96 195 109 155 103 99 128 110 111 208 216 129 169 144 126 58 209 59 177 94 115
141 111 108 196 159 201 94 156 200 70 81 87 56 106 162 109 136 195 119 59 124 90 82 159 126 134 188 115 97 58 94 81 127 72 165 58 201 147 203 106 56 131 140 150 173 207 119 183 122 57 123 122 102 104 191 98 71 148 103 145 178 102 128 155 71 94 120 154 138 87 0 164 177 68 139 174 199 98 185 154 98 197 113 63 135 200 63 128 185 120 162 104 107 55 154 131 132 165 207 200 157 108 202 69 220 136 57 86 179 63
217 149 219 81 220 128 139 129 90 138 76 141 98 170 207 199 110 154 198 165 212 102 178 165 109 138 101 123 218 73 168 134 192 157 120 169 186 63 142 160 144 58 102 198 95 137 96 213 220 89 139 80 176 63 72 134 58 57 130 82 101 94 101 177 115 114 189 191 153 137 147 0 99 207 207 216 169 61 193 117 135 144 148 215 84 143 65 158 113 155 200 174 132 92 83 194 179 114 94 156 66 164 216 96 164 168 94 184 123 68
85 142 153 60 168 219 89 160 122 111 81 70 123 194 151 95 107 63 78 57 202 93 61 134 149 175 159 78 104 211 91 127 204 160 110 182 138 175 76 84 102 208 160 114 61 215 86 134 168 178 57 175 215 88 56 193 179 129 213 121 143 217 213 101 170 102 191 120 175 101 202 111 0 66 105 146 109 114 155 116 79 95 125 64 200 114 114 153 175 95 207 149 215 65 129 166 113 100 181 183 70 198 136 203 79 121 72 59 177 203
159 57 161 97 121 110 148 152 137 220 195 60 206 163 176 193 115 106 70 147 164 58 121 213 120 86 163 149 169 182 145 75 56 123 141 103 206 175 117 150 108 94 218 122 201 215 205 82 157 83 58 185 118 133 138 187 204 219 198 76 179 179 65 84 181 207 162 198 211 216 164 200 104 0 188 217 205 107 141 199 200 102 145 195 82 104 203 65 195 202 164 154 213 87 197 190 66 176 138 202 133 96 186 148 212 89 78 133 150 69
73 121 64 208 134 131 170 59 124 103 214 112 121 185 89 211 87 208 149 94 182 178 118 209 55 147 177 99 196 142 101 127 100 185 207 122 217 149 176 133 143 67 199 167 150 125 123 172 187 130 172 106 142 169 65 136 61 160 87 64 218 151 74 63 129 129 111 183 151 72 163 216 158 204 0 79 205 70 99 100 217 205 157 141 216 55 117 218 69 74 166 89 185 76 95 169 141 74 177 193 101 140 217 197 142 127 96 156 141 155
142 178 95 121 67 73 155 135 116 187 190 150 206 162 130 85 112 101 98 125 60 131 80 59 151 213 110 151 130 198 192 98 74 212 151 133 126 103 191 216 134 91 123 191 58 156 75 200 73 142 127 129 140 99 144 128 207 217 203 208 86 137 210 81 127 211 150 95 201 131 145 69 172 213 158 0 131 89 181 72 180 116 188 202 101 103 65 74 56 152 124 150 119 63 140 206 160 138 120 118 118 72 141 57 199 182 157 208 102 160
189 202 172 219 107 82 208 61 131 155 144 86 195 104 62 68 60 141 103 116 180 152 187 140 182 192 74 209 118 99 166 186 147 186 178 218 162 190 125 73 112 194 146 138 102 121 149 87 79 67 110 113 56 198 135 149 170 149 89 185 148 115 188 155 182 56 131 89 201 204 169 111 156 186 96 146 0 215 198 89 139 63 99 190 99 217 59 170 123 92 215 206 185 73 198 216 101 201 194 147 110 202 57 190 107 122 97 81 58 74
202 181 214 190 213 165 121 132 59 55 188 58 141 171 72 84 135 162 208 126 194 94 129 99 97 148 173 220 204 194 143 157 202 138 165 192 71 181 206 106 153 188 209 116 122 81 144 170 209 106 140 186 179 136 144 127 84 96 178 201 180 183 163 106 77 103 57 157 67 205 191 68 181 217 98 88 220 0 195 190 197 204 182 95 174 141 114 122 102 135 201 151 89 129 72 71 138 107 137 196 210 76 66 71 136 60 75 130 143 205
164 98 82 106 74 181 183 112 115 97 168 176 107 213 194 98 159 96 209 213 154 194 120 89 115 158 147 179 161 135 143 97 147 63 77 148 211 153 105 56 102 155 106 123 75 199 74 176 189 107 121 135 218 213 146 132 105 102 162 69 81 86 72 200 123 204 128 90 170 194 217 82 75 56 144 55 129 220 0 191 116 164 60 73 151 215 103 104 58 186 94 74 182 140 210 184 75 125 205 203 105 189 62 187 116 55 134 213 135 126
187 166 156 164 128 101 198 220 148 85 124 149 98 101 193 162 202 92 59 127 200 109 147 82 55 69 203 161 165 202 71 125 92 203 60 169 169 65 110 214 220 219 69 214 215 69 140 102 194 200 81 193 218 76 186 205 67 190 189 212 126 196 91 90 200 209 218 156 173 181 218 62 116 204 162 82 146 105 151 0 188 133 157 160 118 211 217 79 90 188 139 142 117 91 134 91 91 176 142 167 157 127 178 216 127 59 146 164 181 207
116 116 142 198 71 186 83 73 197 162 135 67 166 77 57 145 135 186 190 87 66 187 202 72 141 156 148 148 156 94 101 150 71 204 197 74 81 73 56 188 150 113 75 102 156 208 183 117 156 87 79 86 150 214 171 173 61 206 174 167 155 81 95 61 123 81 102 170 75 154 93 141 160 207 143 163 102 153 102 195 0 185 90 129 218 188 166 161 169 207 112 216 203 160 210 136 204 145 151 198 103 139 203 207 181 166 166 203 67 217
184 187 120 141 168 151 184 105 186 207 101 85 67 133 143 68 200 123 196 180 93 77 134 63 114 77 103 141 125 84 158 135 177 137 210 81 103 86 66 122 83 82 216 127 195 185 72 88 65 76 138 92 142 139 192 108 126 178 98 146 136 126 83 190 213 100 117 70 97 183 158 187 127 137 151 128 203 146 103 132 100 0 136 103 143 101 161 173 160 170 112 89 149 59 131 187 162 72 132 165 185 207 99 140 105 135 177 185 165 82
75 66 96 124 163 174 140 95 124 64 142 95 161 122 97 65 114 138 69 206 161 83 109 165 66 150 129 144 132 121 60 208 171 114 157 178 59 121 64 130 200 161 170 97 153 141 153 139 69 77 213 118 189 106 61 148 184 188 127 94 102 210 146 163 177 214 198 185 129 155 185 113 208 129 148 120 149 73 211 152 69 217 0 95 64 89 167 102 191 152 190 190 58 154 208 172 195 133 99 179 220 204 139 92 65 70 198 114 145 113
213 131 131 79 166 106 214 216 108 202 208 78 138 119 88 181 91 68 92 139 76 154 124 58 100 141 98 198 130 139 158 99 136 150 179 100 96 165 69 89 112 178 143 174 97 199 196 150 218 206 204 87 89 124 175 199 184 72 110 187 82 116 187 206 207 156 195 55 197 78 55 126 202 220 142 93 202 160 160 146 174 195 88 0 104 72 72 196 64 220 210 91 71 163 198 173 155 215 103 151 81 111 168 154 91 112 158 142 99 151
115 199 180 175 192 209 124 215 95 65 141 160 204 87 89 84 143 180 58 64 155 165 108 67 120 75 201 189 148 128 113 75 190 191 79 98 206 134 121 87 100 128 176 89 140 124 169 197 133 121 126 161 204 176 114 68 178 120 192 162 163 182 198 174 170 55 167 90 96 74 82 55 102 191 123 133 55 150 83 68 66 105 205 113 0 88 82 85 141 201 108 153 174 211 80 100 114 124 151 176 90 135 169 148 111 165 105 157 97 58
155 189 179 108 74 119 58 188 94 132 213 187 84 134 185 80 153 194 58 147 162 179 156 186 127 80 218 105 149 98 161 198 149 190 153 206 177 192 164 179 152 170 178 81 171 90 120 182 145 208 128 197 108 146 79 175 199 160 76 181 153 55 65 55 158 157 104 150 216 215 131 144 123 215 81 112 209 162 209 127 79 62 110 121 171 0 65 217 178 69 150 63 191 128 209 166 214 215 117 89 142 196 140 143 202 93 123 175 174 73
192 179 120 159 153 77 97 97 114 185 168 123 212 152 185 189 92 113 56 176 156 163 208 126 73 198 147 148 127 168 55 61 201 211 193 89 165 166 99 61 65 147 193 215 152 131 119 103 96 134 80 100 101 160 138 123 94 141 109 149 101 202 174 219 182 147 209 114 119 116 156 119 66 60 159 88 173 197 139 165 175 158 176 84 157 58 0 152 157 194 202 148 194 113 213 170 70 87 158 78 65 215 66 214 132 96 134 108 55 138
187 90 96 216 192 66 219 204 91 68 99 60 78 101 67 217 155 219 127 160 97 125 208 146 215 169 147 98 78 194 170 214 208 112 126 139 79 144 76 109 68 201 61 146 210 140 128 192 188 131 192 117 63 113 210 220 149 155 134 93 77 190 217 174 115 193 64 151 132 193 161 134 202 81 133 187 117 148 56 195 110 66 196 159 89 176 93 0 215 135 207 67 199 146 129 77 152 84 89 153 102 133 212 160 96 207 103 198 220 210
136 117 155 120 123 169 78 65 91 201 85 148 69 207 156 182 180 203 160 130 178 147 92 86 81 66 94 153 55 97 195 202 196 62 103 205 149 116 133 72 217 150 78 138 69 192 145 89 196 78 167 118 132 69 216 98 185 214 97 97 58 167 84 60 73 189 134 67 207 181 210 130 148 182 199 212 69 215 110 170 57 86 82 193 91 120 165 70 0 71 178 166 169 65 112 207 119 177 119 112 170 92 113 164 204 136 111 110 197 149
216 70 183 56 187 94 219 81 210 108 188 176 184 208 203 119 166 200 66 148 181 80 213 175 200 96 161 201 174 80 215 172 64 128 202 158 82 175 108 119 212 212 57 137 114 155 90 67 152 140 95 163 158 138 204 134 93 197 97 124 67 196 87 113 217 95 102 68 210 142 56 98 69 74 208 184 203 179 95 215 96 90 119 220 56 125 175 194 138 0 132 117 91 122 166 147 81 165 156 186 125 91 136 146 204 72 103 134 148 83
164 207 167 157 156 188 191 102 102 203 200 199 197 180 133 74 96 182 89 58 112 158 114 199 115 84 86 214 206 151 158 153 116 151 81 132 168 80 214 204 129 146 182 106 181 208 159 112 196 58 218 211 70 99 73 177 101 93 134 69 215 92 218 65 59 83 139 57 204 135 192 200 126 198 124 215 177 160 175 126 188 61 137 145 94 179 197 208 206 161 0 214 82 219 114 64 171 209 114 172 97 163 90 85 158 85 172 169 99 218
132 124 117 95 164 128 171 203 93 202 196 122 145 187 97 64 148 169 211 147 108 154 183 103 168 157 95 75 85 194 116 119 170 146 209 169 148 106 73 70 163 115 169 91 184 188 194 108 73 204 72 174 188 72 209 67 145 150 115 206 153 78 131 184 191 131 151 75 131 73 146 122 212 179 130 80 157 59 216 115 141 59 134 185 88 115 162 100 218 62 67 0 126 110 140 162 89 211 83 163 212 74 178 206 124 111 91 219 132 116
141 168 111 68 77 121 123 159 89 129 159 107 128 209 196 179 219 208 69 64 210 86 71 80 104 63 191 180 159 104 196 191 81 83 181 95 152 201 132 196 73 147 125 88 90 219 204 99 201 169 73 147 126 120 166 157 207 83 148 185 116 113 62 75 204 155 150 181 209 87 217 163 151 170 194 208 156 138 145 89 133 155 75 61 87 119 168 155 127 137 128 154 0 80 57 201 113 169 97 67 170 94 117 106 195 169 153 186 70 166
111 146 88 159 191 216 122 99 143 71 162 158 64 67 147 213 187 104 98 189 138 61 165 161 167 219 209 110 171 125 84 109 91 155 142 184 81 147 112 181 94 147 75 219 168 209 140 90 216 182 91 217 156 114 89 80 144 68 92 91 206 62 92 65 218 97 169 62 171 134 196 107 79 96 180 172 151 117 73 150 70 123 155 181 153 214 93 84 210 137 219 149 61 0 139 137 137 73 85 176 73 140 180 177 182 79 146 138 99 92
91 182 170 84 136 140 217 63 121 115 147 192 69 186 125 132 104 187 172 161 129 160 203 218 190 206 214 74 132 89 159 171 211 148 111 204 197 110 176 93 210 117 58 87 127 108 159 121 151 192 102 174 83 152 105 124 136 115 73 87 79 201 121 190 169 132 186 179 89 91 187 170 159 164 95 94 57 184 191 140 91 155 129 195 66 216 123 100 152 174 218 203 115 201 0 182 77 154 219 220 149 190 92 80 147 176 184 86 57 83
100 87 176 89 212 77 64 206 93 64 167 111 189 93 186 142 161 164 161 119 81 63 129 167 134 98 196 152 220 198 199 86 85 219 86 110 98 59 185 175 170 182 150 87 93 179 200 112 216 113 100 62 144 111 175 179 187 57 97 170 196 160 192 104 114 183 191 124 68 177 107 213 113 201 137 145 182 58 166 167 209 109 184 174 157 123 130 114 108 159 189 143 113 67 135 0 104 106 148 93 103 156 151 182 70 131 119 202 152 102
120 126 69 218 106 149 60 159 67 114 112 70 210 201 58 141 89 89 119 91 183 139 61 119 154 205 206 130 210 201 172 98 212 215 113 211 163 58 111 119 101 141 160 153 119 197 184 195 162 61 108 94 98 91 156 97 163 59 178 177 129 177 208 175 145 84 200 81 164 96 166 90 198 207 79 158 198 155 109 176 171 75 102 83 202 179 139 95 143 170 140 112 157 62 107 145 0 108 175 144 209 193 171 198 57 139 90 198 87 100
97 70 138 62 95 184 84 67 150 157 124 156 157 73 182 174 220 65 204 76 162 162 200 140 64 164 66 117 152 129 149 73 134 95 209 63 170 201 153 192 178 146 92 106 65 142 151 218 89 111 115 59 108 165 199 108 153 120 102 83 138 209 220 74 119 157 220 211 184 95 83 113 108 109 190 78 169 199 163 154 83 117 79 102 158 81 196 101 92 153 150 83 208 91 100 127 154 0 165 112 220 76 207 177 118 98 201 138 204 176
100 210 155 159 178 55 96 192 82 185 152 61 187 69 206 161 91 78 82 154 200 73 220 131 135 217 114 93 59 88 139 99 122 69 98 154 107 209 202 68 97 69 194 97 190 133 79 114 141 204 143 182 213 204 121 139 136 174 122 108 190 182 76 217 121 99 84 169 195 71 200 189 81 63 178 62 138 75 57 93 84 75 57 59 70 94 143 166 217 185 176 202 194 160 118 88 184 68 0 212 211 94 63 100 208 169 220 116 63 169
153 63 180 142 126 157 89 98 115 100 220 203 78 212 216 151 89 220 91 163 84 131 206 93 91 93 90 81 151 173 211 147 135 69 160 212 192 208 144 150 68 100 210 66 70 97 149 206 209 91 194 219 148 173 115 113 118 157 170 63 110 190 217 129 214 90 102 120 172 114 83 74 210 154 176 114 119 121 155 104 145 122 192 136 197 67 137 148 196 99 194 59 152 132 97 174 118 77 59 0 213 112 76 202 96 205 87 73 121 127
140 181 207 82 94 191 150 130 180 55 106 199 189 68 169 142 85 102 215 194 186 132 161 98 211 198 181 176 69 127 158 198 73 115 209 186 93 193 195 91 76 67 186 178 119 173 187 123 85 60 91 137 142 218 201 61 151 203 102 113 65 80 137 55 139 211 90 212 200 132 90 184 204 182 205 148 123 168 178 80 116 190 114 80 112 190 218 216 148 74 151 98 169 88 152 78 177 154 216 67 0 77 176 80 134 83 76 214 71 204
184 201 217 149 68 132 66 70 106 201 162 172 201 174 181 204 100 148 176 64 79 82 56 108 187 193 190 207 169 81 172 165 102 153 190 132 102 68 215 203 164 89 57 59 172 75 75 104 138 211 77 198 163 210 71 141 133 127 130 174 77 88 61 80 137 156 167 115 152 219 143 208 209 195 102 153 126 201 166 196 120 131 129 91 75 200 132 80 71 64 83 55 88 157 198 125 147 114 187 152 207 0 58 155 85 82 182 162 136 130
148 117 68 146 85 141 120 106 104 171 74 217 176 56 192 86 145 82 67 79 151 197 149 211 112 209 102 101 150 118 129 57 115 87 145 136 161 182 67 177 109 140 161 130 99 143 165 148 211 72 104 150 186 153 202 187 113 175 128 165 116 146 194 207 167 202 148 64 187 142 168 203 72 58 195 144 71 150 160 216 152 72 193 77 103 171 168 206 162 189 100 93 175 55 127 117 139 165 142 108 126 83 0 214 77 84 126 125 197 141
78 181 105 78 143 214 176 70 115 219 75 83 97 104 205 201 164 183 208 94 142 165 89 210 121 85 99 152 172 129 56 78 121 179 168 174 173 104 162 181 195 209 55 135 164 167 208 124 66 217 197 99 141 207 201 148 170 202 101 175 190 139 115 100 165 148 70 91 63 67 150 87 119 169 163 96 86 184 132 169 117 87 82 218 183 185 192 176 188 176 144 101 121 82 141 213 178 169 85 209 92 183 68 0 211 166 133 211 177 101
120 206 99 182 84 209 121 90 59 126 92 130 60 174 97 158 200 187 206 133 126 87 143 86 189 96 110 125 136 93 100 140 141 169 167 164 169 141 158 143 208 173 199 126 121 145 163 117 181 117 132 69 146 99 214 211 55 90 122 179 215 170 206 58 164 168 209 143 110 69 80 120 122 166 96 60 145 122 112 177 217 64 197 203 140 218 83 91 138 140 201 87 100 58 219 58 89 112 195 209 178 140 213 202 0 96 91 91 148 93
167 83 68 138 118 72 91 64 203 86 105 126 87 112 116 191 154 142 198 69 152 159 217 70 56 145 177 180 135 145 130 100 195 69 168 58 124 73 111 123 131 148 200 122 154 99 209 130 95 203 95 64 74 99 154 136 73 220 184 99 102 214 129 128 65 116 152 145 184 69 72 123 72 99 118 55 95 114 199 158 102 78 88 59 147 104 78 164 140 66 211 214 210 134 147 169 187 135 63 96 218 207 121 127 140 0 139 58 137 189
115 194 81 212 126 180 119 122 145 154 198 115 217 66 95 207 61 76 144 94 214 56 91 212 179 152 117 204 89 58 135 143 68 87 61 150 214 74 79 200 214 84 63 132 61 188 146 95 134 76 59 84 92 64 203 207 55 149 217 220 158 126 167 200 207 195 197 55 96 101 182 82 58 179 112 205 119 137 192 98 205 73 217 56 118 184 150 165 93 174 120 140 138 73 121 87 161 147 183 98 200 153 137 149 216 177 0 204 173 124
144 57 203 158 55 181 145 179 163 186 198 188 152 150 199 116 132 191 120 121 101 147 159 111 150 156 195 220 79 184 55 189 107 175 139 65 186 141 198 188 89 113 170 56 154 215 127 146 92 204 170 138 133 87 128 170 69 61 175 166 147 152 96 143 170 94 60 102 150 141 161 93 217 130 72 70 100 198 127 151 134 150 60 188 135 138 64 108 120 175 148 175 166 219 156 158 177 94 125 184 96 85 116 188 118 56 120 0 149 90
160 172 164 59 66 214 109 60 138 176 150 80 123 146 126 147 138 158 95 71 102 188 60 152 151 77 181 162 146 186 128 155 192 212 190 126 84 188 173 101 217 77 159 218 157 203 93 186 117 125 204 146 70 152 185 112 202 158 90 184 191 114 105 163 128 59 178 105 127 171 70 211 122 111 147 105 194 154 218 55 108 201 100 167 65 101 150 122 135 173 86 135 153 110 168 193 138 165 139 206 56 206 207 75 114 149 59 117 0 149
164 60 63 72 187 68 176 197 92 201 125 76 184 115 73 164 142 116 167 104 92 138 151 105 168 218 213 126 129 56 145 121 132 59 181 118 76 173 82 198 116 141 120 140 213 97 141 143 117 66 134 202 133 129 72 84 83 82 130 161 75 109 211 70 152 167 198 58 210 112 96 108 98 186 199 83 69 116 158 73 98 97 133 178 81 173 130 200 183 155 157 70 90 183 187 131 116 76 127 219 111 162 188 160 157 216 83 174 104 0
