110
0 9 19 5 16 7 13 18 5 8 11 10 7 18 13 12 10 11 12 12 9 5 14 15 13 20 9 17 9 5 15 9 8 18 9 12 15 19 20 18 19 6 12 6 8 10 18 12 12 5 13 7 7 19 6 5 7 18 9 15 19 5 17 6 10 12 8 15 15 9 9 17 6 8 10 20 20 8 9 9 8 10 16 6 16 7 15 9 14 19 20 8 15 13 8 12 16 8 13 5 20 18 14 13 14 18 11 20 16 13
0 999  296 505  301 703  258 563  317 475  123 158  349 631  211 612  180 258  250 435  264 576  315 555  233 599  152 460  370 677  320 688  260 539  384 604  103 330  257 411  238 375  236 363  260 535  212 250  231 484  130 172  369 462  269 658  361 690  299 449  173 386  123 211  163 297  91 251  162 477  237 325  101 147  407 510  347 446  318 569  179 257  311 410  373 705  224 359  247 646  199 475  238 311  289 478  163 216  341 637  147 412  240 363  293 452  315 546  318 607  325 656  276 677  98 285  317 487  224 350  122 395  173 375  227 388  352 752  193 393  134 400  155 447  137 398  216 598  226 534  290 682  348 555  197 533  164 356  296 367  156 535  302 521  296 560  214 485  339 659  306 511  208 314  378 735  215 408  238 593  277 508  318 722  182 327  287 680  65 238  277 542  314 692  298 437  208 437  181 451  241 379  223 346  338 482  274 544  166 421  224 379  148 510  356 721  394 519  230 315  248 412  228 435  201 260  417 680  229 606
0 205 129 93 153 96 163 187 69 203 63 206 215 123 207 217 111 189 84 193 66 193 107 118 194 89 206 104 196 127 166 109 63 75 88 173 62 220 145 165 111 152 215 174 60 71 142 127 98 189 119 155 180 133 99 186 126 68 185 82 114 122 139 139 80 77 102 108 202 112 116 186 120 74 151 115 195 79 115 126 198 161 181 193 200 91 130 122 149 55 69 116 78 184 83 133 191 134 119 61 176 111 169 213 134 138 201 136 216 73
120 0 101 204 182 123 73 124 178 87 87 100 105 56 141 58 82 195 175 141 180 93 169 169 206 83 120 148 203 162 84 59 78 179 83 177 214 91 138 165 85 119 149 193 201 75 169 195 94 94 110 79 212 80 75 219 91 132 207 141 69 120 216 188 76 134 115 152 55 212 176 141 216 83 86 215 81 198 213 140 186 56 218 216 172 157 192 118 185 61 62 170 118 55 96 111 104 147 107 127 87 140 193 72 118 202 110 111 202 155
67 209 0 170 219 215 132 173 198 87 87 134 173 168 169 90 182 162 62 196 166 207 88 131 76 165 170 64 68 106 160 129 124 182 166 212 216 160 108 113 136 169 72 146 157 107 95 204 62 169 206 74 92 93 63 111 168 203 167 202 105 197 161 210 104 116 129 87 214 160 99 91 130 215 194 151 105 90 60 72 114 192 140 85 163 60 155 189 167 108 85 87 66 76 151 146 212 202 94 144 141 135 220 108 94 76 71 179 136 171
93 171 209 0 197 59 111 99 124 180 181 96 92 113 180 160 129 102 162 81 205 188 71 114 177 58 84 98 66 70 114 187 70 159 218 119 141 159 161 200 219 84 134 147 191 67 153 187 166 140 143 210 209 112 184 103 129 211 132 202 125 202 106 151 212 84 180 171 103 171 209 161 143 83 218 202 106 215 103 85 100 129 97 119 164 108 207 206 66 79 100 217 89 57 166 122 88 129 82 163 149 142 130 194 193 206 59 205 149 91
72 107 137 62 0 180 197 123 199 218 124 104 189 200 87 78 126 56 89 166 79 87 177 154 98 67 203 198 75 149 182 215 196 212 141 202 85 147 118 136 103 99 74 196 135 179 136 181 181 74 134 96 153 60 83 114 112 170 192 193 119 176 190 128 181 186 73 175 217 179 177 189 143 86 102 78 199 179 85 68 139 114 117 182 160 160 178 207 151 175 210 185 70 168 180 133 75 79 220 180 63 58 96 117 57 88 191 119 161 178
133 174 198 72 192 0 166 170 102 174 113 56 109 217 69 217 146 119 127 93 93 76 141 215 157 199 218 188 69 132 177 157 128 131 120 208 210 79 67 142 99 58 60 205 148 195 179 61 161 151 182 137 63 130 148 213 197 136 60 103 138 112 186 83 91 217 66 182 80 164 174 204 148 119 131 81 214 146 125 179 200 109 77 145 118 62 203 130 79 101 88 198 92 166 188 86 74 91 86 71 133 127 134 153 75 110 97 89 75 123
183 87 203 166 102 116 0 98 211 177 60 117 91 96 192 219 62 180 157 121 188 77 114 164 207 124 102 146 220 82 81 85 93 142 67 196 87 91 100 143 73 107 98 73 60 113 80 67 195 170 121 191 105 63 141 196 97 85 218 219 184 176 209 87 104 109 174 60 197 171 217 79 103 61 162 110 118 80 55 159 162 168 125 115 129 189 137 218 203 74 84 154 176 82 63 112 216 202 96 73 79 132 69 162 108 111 87 170 173 77
61 88 61 197 104 157 127 0 120 219 207 65 176 177 72 140 109 196 60 64 98 168 139 78 85 164 136 151 138 213 129 57 129 149 69 90 93 142 59 213 116 143 156 165 139 209 99 149 118 124 208 62 157 140 87 92 131 99 97 186 101 220 181 199 200 73 193 139 84 213 216 177 71 107 146 172 82 145 123 60 147 86 214 74 179 157 154 190 111 104 195 220 176 209 215 88 81 73 142 94 214 164 116 165 162 182 63 179 86 74
155 156 183 117 177 135 159 83 0 89 214 160 168 79 152 188 93 154 156 144 163 219 161 217 57 110 93 212 101 111 168 128 99 62 95 159 108 104 153 162 122 66 196 87 216 77 80 78 199 161 175 122 172 115 180 80 133 174 73 59 71 147 145 202 139 219 176 144 118 200 88 86 167 164 217 199 179 72 75 138 141 111 172 212 133 74 59 148 145 55 127 164 122 121 159 199 179 172 176 123 55 196 73 156 126 196 220 194 81 95
64 218 81 158 208 197 131 72 135 0 56 77 209 68 102 74 92 135 76 77 135 211 202 83 211 178 87 107 117 175 72 90 99 76 130 114 210 175 196 112 174 66 144 158 74 121 114 68 89 88 150 125 174 101 174 207 174 193 83 177 148 104 214 185 114 208 180 55 129 215 107 179 123 139 217 95 158 146 64 110 171 55 177 174 67 71 155 117 154 194 166 62 116 100 79 210 63 125 154 111 87 206 178 71 197 214 81 192 199 129
162 203 84 138 215 58 208 114 212 149 0 131 213 144 87 131 145 169 90 137 129 197 69 81 218 139 212 211 220 120 57 65 111 103 111 170 220 186 70 129 65 79 138 142 208 108 139 153 90 65 131 128 89 73 161 161 165 81 220 205 76 146 92 112 87 187 91 109 123 57 82 105 140 91 218 77 191 108 108 195 110 146 79 156 145 194 90 113 105 147 220 114 208 208 59 84 139 107 78 158 69 106 66 129 95 193 126 205 168 217
111 213 191 220 149 204 137 88 192 197 208 0 65 217 76 187 194 136 81 197 55 206 107 198 95 90 156 136 192 211 157 185 92 172 100 209 204 109 204 215 121 185 155 98 100 145 97 198 91 109 97 116 180 83 175 80 122 142 103 152 177 98 61 177 143 107 66 124 71 167 85 90 111 154 142 201 57 164 153 188 163 168 130 76 164 116 182 200 158 105 67 97 69 118 85 61 105 206 73 59 175 76 214 202 179 174 140 111 202 164
151 133 99 119 81 196 200 56 155 180 178 87 0 69 131 173 105 126 104 78 117 59 218 154 97 197 131 94 96 91 193 200 195 188 217 62 88 67 138 79 162 203 97 110 89 214 159 74 185 131 203 78 68 156 117 100 114 218 161 161 168 119 78 115 165 55 71 68 217 70 185 104 212 195 82 109 130 188 163 192 127 181 205 213 192 154 91 202 174 63 164 82 72 79 135 111 213 119 214 159 213 94 209 57 63 70 131 83 179 168
204 101 175 125 145 136 159 208 188 133 83 61 128 0 64 139 58 92 212 206 199 69 200 195 200 214 168 203 60 184 93 169 69 200 147 160 168 179 169 108 95 114 210 181 65 103 110 70 198 58 120 58 102 144 165 122 147 187 110 151 118 67 110 152 202 196 105 146 208 195 167 57 56 211 161 86 97 169 176 111 157 128 85 174 93 175 97 160 172 163 182 71 152 69 63 220 96 162 157 204 56 189 101 105 190 116 161 116 155 202
64 55 143 136 102 114 164 147 134 128 188 72 199 73 0 71 100 126 151 130 172 162 126 160 101 95 178 214 178 211 170 175 64 203 59 106 95 99 111 66 57 150 187 67 132 151 168 120 70 55 149 97 178 100 209 111 206 165 99 100 205 128 196 97 153 71 200 94 98 118 57 192 128 187 181 211 199 116 129 220 168 134 60 79 58 160 126 152 215 127 64 139 116 205 87 133 120 117 214 118 75 193 150 123 66 147 146 81 83 85
202 179 151 197 72 212 92 114 75 87 68 88 192 202 145 0 180 97 67 99 154 77 126 220 196 85 216 122 199 77 154 114 208 213 135 84 90 142 113 194 154 161 63 110 158 216 202 109 71 116 220 204 115 76 211 72 100 76 68 125 79 185 213 169 61 77 61 128 78 93 159 173 118 58 219 102 111 175 97 215 78 81 149 169 136 115 198 66 92 192 169 216 68 112 210 96 138 112 140 140 136 84 190 63 108 95 83 104 148 131
111 87 62 209 183 129 150 57 85 71 162 203 70 99 127 206 0 82 144 77 137 183 151 153 123 57 148 160 175 164 219 71 193 140 163 93 202 200 139 127 97 112 80 197 104 124 175 131 176 215 107 83 208 111 149 208 55 139 138 114 192 170 168 78 136 165 70 207 163 68 79 218 99 71 77 118 214 55 146 192 219 198 189 165 165 73 113 102 206 215 210 69 148 215 105 210 193 94 195 79 172 157 104 133 216 91 118 93 84 103
155 183 190 158 100 180 204 142 75 69 72 91 87 206 207 207 119 0 68 121 172 85 86 134 214 79 86 105 217 183 155 121 153 201 218 170 75 212 116 121 201 173 209 165 166 97 120 138 153 97 76 204 194 58 217 69 76 151 166 115 167 78 111 134 105 108 173 162 141 147 181 169 86 196 150 215 158 180 119 166 78 200 129 141 59 201 160 139 170 79 73 112 154 84 149 103 64 55 157 202 93 104 190 206 84 198 196 126 164 67
172 152 55 90 131 88 215 138 201 131 74 91 117 173 178 177 148 199 0 118 139 188 88 123 127 212 99 178 62 81 208 81 147 89 61 177 206 136 200 64 82 179 198 71 174 175 127 155 191 187 141 85 152 115 142 150 167 140 193 189 190 182 181 137 93 211 218 110 194 172 91 158 169 158 134 158 94 149 166 124 201 103 198 138 166 87 167 220 84 126 83 209 110 136 124 81 99 198 155 130 204 89 64 84 212 196 90 177 131 139
98 204 93 146 203 153 140 178 130 198 171 211 216 95 219 177 77 193 89 0 199 81 193 187 73 218 193 91 60 210 209 149 144 69 134 142 79 156 142 106 204 67 82 204 147 189 69 114 71 166 80 119 133 115 123 121 181 158 186 142 128 74 210 154 208 176 135 103 186 192 143 152 199 209 142 112 214 64 139 177 155 85 56 167 120 196 205 100 96 111 210 133 58 103 188 98 148 146 166 172 132 73 56 113 125 158 216 94 189 216
216 205 209 83 148 109 107 109 165 140 199 219 79 129 130 140 95 97 150 116 0 175 197 167 184 142 93 126 211 175 217 125 88 122 192 157 185 184 78 220 93 217 69 67 124 60 184 152 58 73 109 59 107 165 188 176 188 202 197 147 198 103 78 213 149 219 178 138 151 83 213 200 190 203 183 107 204 83 130 212 156 207 147 190 124 170 121 104 88 112 124 129 183 174 68 162 110 130 183 202 86 202 184 156 156 110 161 176 204 196
204 124 218 161 121 217 202 84 210 116 212 88 134 187 90 127 219 107 83 189 98 0 91 160 101 65 94 84 140 57 157 156 107 192 105 172 140 202 101 135 96 127 60 167 63 191 87 149 183 58 82 109 143 172 169 102 156 136 85 178 203 170 170 179 141 211 85 79 169 152 178 165 80 109 66 101 79 66 185 95 100 179 200 187 90 137 121 136 161 127 129 69 68 83 83 61 75 199 64 188 105 112 202 165 68 81 82 197 123 59
169 199 107 80 121 205 151 144 182 139 134 187 181 111 120 63 66 200 76 71 121 204 0 213 211 173 132 118 143 190 195 159 100 76 207 59 140 80 65 147 133 114 59 95 162 121 168 60 201 181 165 85 157 114 177 134 168 208 166 98 167 82 115 162 56 134 177 198 175 56 107 193 140 89 116 137 196 135 216 57 162 217 196 75 148 80 190 113 56 195 98 188 143 173 210 185 151 184 147 146 192 55 194 219 120 93 142 215 101 195
65 217 70 199 201 162 84 175 107 115 155 106 191 182 66 133 180 74 125 70 173 177 129 0 67 74 166 110 125 122 127 186 149 83 122 167 93 119 61 63 182 199 65 149 215 207 174 200 68 168 161 159 203 215 62 152 58 90 199 112 62 108 99 79 217 184 99 86 181 121 148 129 87 216 68 56 160 109 60 144 141 138 108 101 82 212 208 203 94 105 117 212 172 131 187 90 112 200 166 163 123 195 125 138 131 158 178 214 184 82
194 172 130 76 197 198 160 177 148 170 122 194 80 96 67 183 160 175 82 95 65 202 168 78 0 123 112 116 169 204 183 212 206 95 155 198 124 57 141 135 204 92 67 57 153 64 131 213 91 61 86 174 68 91 165 132 92 57 80 153 207 207 107 203 150 162 146 139 214 85 203 167 126 83 81 64 186 144 103 171 193 82 171 136 63 124 154 145 172 156 206 59 110 200 175 204 187 113 105 151 115 185 142 183 181 124 86 60 86 112
215 166 137 220 140 93 216 202 141 128 143 93 217 177 151 197 214 129 123 60 181 209 161 95 61 0 134 58 60 117 93 99 82 142 81 193 117 149 165 118 58 56 71 167 123 66 98 83 207 106 117 206 102 98 64 151 111 196 216 151 135 163 192 187 220 166 160 145 146 124 212 132 72 122 103 135 171 162 124 113 152 135 105 164 183 193 208 153 108 150 96 173 96 169 119 150 147 71 160 67 85 59 180 66 162 68 114 142 206 120
144 110 220 163 113 195 87 201 73 176 76 64 69 72 88 96 122 79 124 84 57 105 214 151 85 129 0 141 69 188 198 170 95 149 56 118 123 155 105 161 126 204 156 197 193 86 204 102 209 99 190 108 192 188 165 60 163 86 191 188 186 94 70 103 160 137 120 192 80 89 189 55 156 147 199 196 100 122 78 162 61 200 218 62 94 174 185 179 196 127 58 101 195 205 68 95 125 183 201 65 110 129 140 132 83 203 87 121 104 147
191 144 180 65 215 142 70 214 189 120 138 96 150 189 63 77 125 192 107 112 135 119 72 76 177 171 150 0 192 61 157 196 62 81 98 205 195 80 88 132 124 89 133 138 78 106 143 192 204 110 61 207 93 193 58 79 220 127 182 152 68 125 89 184 57 76 121 210 147 208 139 218 90 64 193 56 84 72 87 191 160 140 104 96 105 210 217 76 88 209 113 96 188 66 94 152 159 95 188 82 87 215 79 210 158 140 130 177 196 192
82 95 160 200 168 97 129 109 151 165 159 192 174 181 147 58 76 182 207 105 106 153 68 168 90 147 176 81 0 62 147 78 178 153 175 85 131 196 160 68 117 216 144 105 170 65 137 81 62 190 80 134 181 198 80 99 123 176 172 210 140 67 195 139 172 101 113 191 159 208 170 216 107 149 188 102 168 162 214 198 113 73 199 96 114 59 208 213 212 180 203 111 65 63 181 57 77 177 106 125 126 205 135 67 75 203 126 66 184 111
55 220 115 61 90 99 165 211 107 209 142 204 144 182 193 173 123 89 151 149 220 185 146 184 148 129 86 95 210 0 125 95 195 192 149 132 67 84 110 93 203 115 175 209 98 153 114 102 208 104 124 120 146 62 157 69 75 127 61 209 138 141 182 82 56 211 211 137 101 107 72 83 61 66 82 154 78 136 121 149 168 118 193 96 198 92 154 78 152 196 145 170 80 170 202 213 115 163 160 136 113 112 151 186 210 141 192 57 186 126
91 81 103 150 210 136 148 63 189 121 59 188 163 116 195 89 160 195 207 103 150 131 146 184 146 55 66 161 89 212 0 60 120 75 92 199 92 64 76 190 206 96 122 60 66 87 219 58 182 116 195 161 106 145 66 140 64 129 74 212 119 186 58 62 87 141 59 161 130 203 177 146 172 111 185 167 169 98 128 172 118 64 62 192 173 187 91 63 218 72 87 103 191 213 97 196 153 104 213 108 113 96 98 169 131 135 140 83 58 86
182 208 108 113 133 212 147 187 203 104 157 184 201 73 160 113 115 215 157 68 141 109 74 174 158 170 146 75 115 76 125 0 210 76 146 55 176 60 96 66 107 190 159 130 87 66 92 158 149 171 107 151 181 207 157 65 59 115 164 177 148 147 168 178 88 207 154 75 169 153 80 94 160 93 97 80 200 220 188 134 83 98 125 120 67 63 220 212 140 69 81 81 116 188 87 78 151 71 168 190 100 209 142 83 153 60 183 162 86 56
183 142 96 177 116 215 117 203 97 219 83 79 204 92 95 220 112 98 69 180 68 84 192 104 126 147 95 144 220 106 147 95 0 85 105 104 209 160 152 141 99 76 150 158 104 191 112 148 203 90 150 133 180 203 113 217 82 151 105 119 146 203 159 210 118 179 203 114 151 133 130 195 138 171 195 152 204 97 147 187 130 58 61 58 178 210 182 154 67 56 205 60 211 116 218 159 101 128 65 195 210 199 132 91 170 141 145 105 75 75
118 137 136 164 106 206 64 59 102 108 136 158 167 120 202 210 174 181 70 208 118 117 144 64 214 83 101 120 220 92 217 83 200 0 113 62 177 101 110 208 79 96 186 220 76 110 113 190 191 137 74 101 91 165 179 94 198 127 190 215 155 177 58 168 112 120 132 219 218 174 137 193 79 150 188 208 139 185 201 79 150 157 126 72 98 115 211 82 139 85 171 204 95 105 201 74 159 80 182 163 104 190 167 169 71 190 143 133 177 143
136 65 163 211 104 171 167 95 77 79 115 60 138 69 136 79 147 58 132 75 148 212 96 181 131 126 62 141 124 176 203 155 137 217 0 116 173 132 184 98 119 99 66 74 215 216 69 122 87 187 203 218 132 65 178 219 152 128 187 181 218 96 179 170 85 96 166 184 218 174 109 209 99 67 213 140 158 108 181 109 75 115 128 69 67 89 121 94 146 155 67 187 96 186 163 205 141 98 79 89 211 89 59 182 77 79 127 122 67 210
96 71 211 120 186 201 120 137 89 189 217 93 151 220 144 148 90 94 158 117 55 93 158 98 82 143 55 112 72 210 122 176 62 134 96 0 186 116 100 130 146 97 56 156 169 162 87 214 127 213 173 72 65 175 138 113 102 82 154 96 102 98 217 207 170 158 124 101 183 87 58 106 162 128 106 125 87 156 169 94 120 168 102 204 214 69 114 205 160 186 172 109 73 90 146 89 77 135 56 203 127 160 135 79 164 168 191 99 90 121
176 60 124 105 206 91 122 127 212 85 59 87 117 195 65 81 58 69 86 116 68 62 168 134 103 168 94 127 143 154 188 60 104 173 131 217 0 193 151 87 143 218 150 153 80 108 73 154 89 192 61 104 205 191 172 162 211 145 203 196 198 133 174 124 64 181 163 194 171 104 127 213 63 215 97 207 166 82 189 72 87 182 160 64 210 67 153 141 172 100 118 152 104 126 110 218 214 71 132 191 135 183 92 181 195 79 186 56 138 174
191 128 187 94 170 121 209 199 211 58 75 66 57 180 171 55 137 198 187 78 219 156 125 95 76 101 78 82 131 194 108 58 65 74 74 215 97 0 212 69 120 132 59 159 167 196 190 57 115 209 57 165 88 171 68 151 170 58 140 138 196 143 146 72 102 217 60 90 104 197 117 204 182 122 145 104 176 175 211 219 171 138 96 205 138 145 56 114 168 144 107 107 180 194 125 85 206 116 66 90 109 119 85 197 98 168 97 131 124 214
99 129 198 176 218 179 93 102 150 68 153 177 134 127 154 98 184 120 158 113 189 110 213 73 142 185 78 198 80 78 76 82 162 173 220 89 152 75 0 68 151 219 98 78 97 127 197 209 159 96 74 177 190 209 104 133 156 111 102 220 157 131 164 115 56 126 107 149 93 201 94 155 153 153 188 67 131 89 102 213 73 79 142 201 220 113 197 111 56 194 86 156 115 208 154 110 67 134 204 157 184 184 63 141 154 116 124 114 60 90
143 215 93 125 182 130 98 189 139 135 86 133 101 218 163 103 112 118 129 177 162 167 106 63 157 157 121 214 127 87 206 217 82 167 119 158 174 192 198 0 97 118 95 157 208 141 64 217 92 169 111 167 81 125 128 101 58 213 205 69 122 213 83 182 100 62 205 101 70 168 108 104 55 193 148 164 94 176 90 129 169 127 123 66 183 212 212 95 193 183 87 72 96 176 87 213 177 142 86 160 63 179 159 96 128 77 70 112 167 152
208 87 64 71 83 220 108 87 110 93 165 189 209 168 82 194 172 70 140 219 205 104 171 157 85 215 76 66 86 207 127 77 157 156 217 154 214 162 57 118 0 63 106 100 195 188 77 169 213 211 145 87 104 154 82 74 132 164 76 96 110 112 106 59 95 213 102 118 190 183 142 88 118 149 109 126 125 173 123 179 155 173 135 70 90 208 180 156 92 186 179 122 79 209 86 142 138 142 106 87 199 109 220 210 183 65 68 148 133 71
60 83 206 59 152 62 130 140 109 61 209 99 93 60 207 172 181 196 121 156 87 120 122 151 212 81 133 136 107 220 59 177 97 145 113 73 146 133 203 135 124 0 127 200 193 148 87 97 158 192 212 73 220 173 136 132 90 103 214 183 106 130 168 60 194 212 122 145 176 95 179 69 148 145 216 105 102 84 107 135 188 190 90 64 159 117 168 74 67 181 130 203 75 68 123 207 109 67 137 88 175 93 112 168 78 188 143 121 82 68
55 102 184 201 209 141 94 128 173 101 58 103 91 178 80 144 112 175 71 190 151 144 85 124 123 159 103 217 186 133 155 148 79 75 140 79 194 145 89 82 178 220 0 131 147 105 60 65 188 204 103 132 192 142 86 158 147 85 130 145 134 185 189 183 80 210 141 125 194 169 66 149 154 206 124 147 147 194 202 210 148 180 208 92 137 164 145 192 74 134 124 200 202 81 162 75 120 153 126 60 100 88 98 183 216 162 153 92 122 188
74 130 113 201 201 138 172 98 113 55 168 190 105 172 154 179 64 213 78 157 193 154 185 84 89 157 134 193 179 216 196 180 90 62 198 144 165 214 145 64 180 164 74 0 188 83 89 122 190 141 144 121 88 189 132 76 173 108 120 57 59 176 205 220 181 163 187 139 106 182 133 198 176 212 81 203 118 137 79 103 162 154 209 97 145 190 216 136 62 208 79 203 220 197 183 73 185 208 128 58 103 200 159 87 128 133 101 132 95 59
131 85 65 88 57 141 67 78 135 74 95 111 214 103 163 164 56 86 110 150 86 92 125 56 216 214 205 125 207 207 183 215 175 174 194 149 172 172 127 194 65 152 60 138 0 105 64 156 135 88 74 139 175 169 172 56 160 62 84 93 81 109 200 65 141 104 78 168 173 166 201 166 90 152 157 71 74 117 161 183 149 163 56 160 163 63 204 121 95 205 122 131 169 102 63 206 120 174 87 157 106 215 80 157 213 108 163 213 161 129
120 103 133 107 115 86 141 71 159 206 140 169 60 151 97 120 156 90 128 109 99 151 72 200 220 55 147 157 129 148 66 98 156 206 180 119 84 149 124 82 134 58 136 150 56 0 220 185 192 159 113 67 105 177 153 216 166 61 136 104 192 209 77 204 137 198 171 190 155 134 192 162 116 125 116 146 168 175 214 170 82 93 141 134 81 208 78 180 211 193 184 146 200 122 180 148 152 61 147 85 115 70 113 97 157 61 68 113 112 213
60 59 113 195 200 155 166 166 150 214 155 80 188 117 157 161 105 214 80 207 149 205 202 83 201 119 112 147 96 103 200 189 213 186 141 82 94 133 104 130 194 211 203 161 208 137 0 151 75 100 88 147 94 167 68 95 207 74 124 190 176 148 141 112 162 138 199 101 125 105 170 203 165 149 124 122 211 219 76 174 202 204 179 206 193 59 66 206 117 60 214 67 128 83 101 67 109 76 143 127 156 162 57 59 200 125 114 174 172 194
57 165 65 97 105 70 99 108 148 61 105 101 217 81 174 184 212 104 70 59 151 124 69 167 118 147 125 189 152 195 126 84 109 122 132 140 217 156 114 147 166 191 207 81 199 83 215 0 212 198 176 176 153 207 187 178 163 97 175 195 114 140 204 135 196 216 158 207 192 62 105 157 160 219 117 200 171 176 55 165 90 61 187 156 103 152 204 166 103 76 135 102 116 105 145 59 78 206 97 216 162 119 219 198 64 114 75 178 105 179
192 196 108 169 107 214 65 127 120 148 208 70 168 162 208 209 69 104 74 131 197 187 73 100 217 114 207 142 60 151 184 85 164 182 65 185 111 97 77 154 175 187 118 124 214 66 142 125 0 180 144 201 199 94 123 146 159 195 152 66 203 65 164 185 143 127 106 59 138 131 208 214 158 177 71 216 55 202 97 100 135 120 98 72 114 88 83 186 131 187 116 152 207 193 173 128 66 58 216 139 147 204 100 205 120 204 73 121 141 95
155 112 130 78 90 194 204 160 86 192 190 182 168 153 104 145 114 129 220 143 114 175 148 146 109 143 217 156 159 82 155 194 76 184 195 187 64 55 191 193 205 119 121 123 132 111 119 124 110 0 81 193 169 75 189 197 160 203 69 132 216 215 72 132 90 77 196 77 82 175 162 215 182 63 92 217 122 156 96 217 216 212 179 96 178 61 88 171 128 115 153 142 147 65 108 89 205 157 213 136 124 206 102 78 87 104 154 83 83 189
194 219 109 214 70 107 181 97 150 160 70 167 111 184 210 219 180 183 147 66 210 190 92 88 140 203 121 96 136 59 193 56 216 189 123 131 146 107 70 216 55 118 214 109 144 117 65 104 85 138 0 76 186 220 109 188 169 134 145 77 62 69 89 146 124 84 153 149 175 59 215 110 108 170 183 207 150 76 149 140 149 133 212 218 130 129 93 98 95 198 166 108 209 116 215 116 206 100 201 198 137 161 193 161 129 108 121 107 90 180
191 140 87 139 160 203 210 79 143 168 213 122 120 196 96 156 64 132 190 148 185 178 159 92 145 182 97 200 173 168 215 83 187 177 123 172 189 187 83 178 199 127 105 56 212 84 84 71 118 98 103 0 173 158 217 197 147 115 69 77 143 65 183 194 177 130 210 58 108 156 57 142 204 152 165 150 122 85 71 204 155 104 140 106 133 66 186 154 107 104 91 170 152 129 112 203 55 219 96 64 99 198 61 146 212 164 162 155 68 193
131 149 219 99 202 182 132 189 209 197 114 73 111 104 111 211 75 202 219 189 157 204 74 140 107 194 202 134 68 134 68 195 59 110 91 88 129 113 152 62 156 165 141 83 79 82 114 100 192 55 160 119 0 151 137 217 153 58 207 181 104 129 87 104 129 182 216 166 100 85 131 151 217 148 80 129 152 77 60 132 87 212 81 170 204 218 124 148 155 189 220 91 176 116 62 215 66 66 71 60 75 197 93 113 90 66 220 163 160 143
88 211 120 190 96 88 76 168 153 93 109 166 152 180 173 184 175 197 188 115 79 66 150 175 76 191 110 164 166 177 74 63 103 108 159 122 157 177 55 177 106 140 163 73 65 62 84 141 78 103 192 141 94 0 206 160 95 195 65 76 215 118 110 191 178 145 121 104 111 73 208 96 56 93 101 115 200 115 197 162 92 66 127 209 69 112 158 215 152 205 212 79 82 73 124 177 82 93 175 115 188 213 166 203 198 175 147 115 147 208
188 75 194 60 203 168 115 131 62 85 159 180 81 147 151 201 95 142 211 107 174 116 124 145 72 89 68 100 162 74 141 158 214 142 191 124 219 117 68 81 184 134 156 160 196 173 150 146 65 218 171 189 55 68 0 58 130 89 65 192 186 75 115 218 111 147 89 73 211 170 118 132 94 98 115 176 77 86 195 69 141 214 69 74 172 142 182 138 127 105 178 157 55 114 191 57 149 62 199 112 95 73 188 139 83 174 187 134 68 146
139 91 182 164 193 117 168 173 74 179 153 158 154 111 80 78 88 203 192 204 58 64 218 151 163 176 211 94 165 134 155 56 59 81 160 80 101 211 119 66 188 122 168 104 159 184 114 202 109 127 73 96 105 107 198 0 149 79 219 94 74 74 195 84 133 172 106 150 189 98 77 199 167 191 91 122 121 192 131 144 126 118 209 56 205 83 122 68 213 104 200 176 205 125 156 58 153 136 204 148 87 63 145 172 183 109 102 77 59 87
85 216 194 184 88 140 95 187 214 193 116 83 68 175 132 152 150 85 98 213 55 144 68 161 58 81 117 77 91 125 198 116 66 115 139 134 181 142 102 126 59 102 103 212 76 99 155 89 163 200 185 181 119 217 202 133 0 147 111 70 90 216 212 119 106 171 75 215 173 197 110 125 125 199 147 93 96 75 57 188 149 68 199 61 71 121 109 201 187 137 191 57 180 72 205 139 192 95 90 195 83 108 102 100 156 90 172 89 71 69
127 190 192 101 148 148 152 116 194 203 185 93 176 177 75 122 62 63 180 167 98 85 103 220 176 176 94 90 66 65 169 201 183 106 151 83 164 128 84 186 182 87 197 68 93 170 128 64 113 214 91 162 182 170 207 77 73 0 205 113 101 202 193 191 113 76 73 185 138 140 170 204 81 87 133 88 152 207 177 56 185 183 78 65 84 89 173 150 98 72 183 140 64 156 111 177 212 85 82 166 132 134 67 196 184 190 199 121 153 172
69 171 175 176 143 178 153 147 116 116 164 214 85 179 118 84 62 217 98 125 67 192 151 111 195 96 63 182 84 133 103 129 177 132 105 163 172 68 95 180 97 75 173 67 209 153 62 165 148 133 146 128 156 127 171 172 115 187 0 136 157 175 93 194 166 203 57 127 59 97 105 116 145 56 95 138 105 68 143 168 212 113 172 88 110 143 211 74 73 187 207 94 191 146 197 73 172 102 161 189 91 181 97 67 65 132 175 128 183 219
74 121 58 88 74 197 66 77 98 59 104 199 120 138 150 211 134 128 208 55 144 160 76 104 144 126 203 70 139 128 125 121 106 129 181 137 152 78 195 197 99 83 92 181 119 71 76 122 219 200 150 149 75 216 167 111 166 128 76 0 78 166 72 201 158 78 94 162 107 184 72 70 131 102 100 140 58 191 154 69 136 181 163 58 218 186 199 65 78 196 176 191 155 122 206 208 106 93 165 204 109 179 89 167 211 193 192 146 152 191
202 142 186 182 176 65 124 88 157 120 145 70 157 200 100 60 91 64 149 176 201 205 205 193 180 144 199 114 55 216 161 84 190 162 147 67 89 103 79 143 204 144 138 159 135 130 109 90 201 161 105 89 84 213 219 160 139 153 107 74 0 110 179 142 82 142 78 209 60 114 73 111 108 190 116 178 66 66 159 144 138 213 125 64 173 183 196 116 59 186 56 138 119 121 93 60 100 200 61 144 143 206 202 200 192 145 215 85 217 108
55 107 68 104 218 92 80 124 56 87 168 111 204 96 215 75 108 78 72 203 126 196 55 168 145 210 208 162 147 176 184 179 209 204 160 155 174 182 154 58 157 116 176 174 190 206 109 94 113 67 93 90 114 99 97 143 139 93 199 140 198 0 210 117 85 213 160 218 200 181 84 186 205 95 154 73 213 131 97 137 71 106 87 163 130 99 124 149 88 98 72 70 116 176 69 162 117 176 175 105 168 73 106 163 130 89 86 101 91 94
123 191 90 80 151 76 82 134 127 132 102 135 61 153 200 65 185 218 60 157 179 173 127 141 171 213 206 202 203 160 168 70 134 136 207 66 215 190 165 184 177 137 68 94 72 144 118 192 202 155 171 105 169 112 199 81 161 172 91 128 140 108 0 105 146 156 86 159 92 181 180 81 150 99 180 217 153 81 96 108 106 148 166 194 121 195 161 209 82 151 202 94 84 164 65 58 203 144 64 210 149 199 129 80 124 166 148 161 210 87
153 88 73 192 85 201 117 139 128 213 126 100 201 71 66 126 165 120 180 69 126 164 150 186 211 64 142 129 189 107 126 72 107 159 181 212 208 107 76 177 123 111 79 174 196 213 132 124 188 89 193 130 133 207 83 178 94 91 123 126 169 73 172 0 196 101 174 189 217 155 97 194 131 168 136 82 134 149 180 55 62 131 109 188 135 200 170 211 69 163 87 197 66 161 129 120 163 192 205 167 75 181 160 80 193 63 89 176 153 65
213 83 188 60 71 202 216 80 80 204 209 67 78 75 115 132 173 201 86 210 124 72 124 106 141 115 142 181 197 121 155 180 185 150 210 159 154 196 207 127 107 125 82 132 163 86 142 189 206 166 122 138 122 175 90 59 70 133 198 193 164 97 143 121 0 170 124 125 206 126 175 214 159 157 162 145 217 195 170 199 155 203 147 189 155 115 76 175 210 218 75 134 95 122 163 182 55 55 152 74 193 189 174 203 71 191 185 68 151 105
102 94 88 197 199 58 161 100 141 166 145 173 114 71 78 124 165 214 205 109 181 210 64 142 155 96 213 125 193 62 63 185 120 121 75 139 111 56 126 131 163 87 71 69 78 88 56 150 77 117 65 80 58 154 211 74 218 122 77 213 199 108 143 216 127 0 117 206 146 104 92 142 130 141 179 109 212 125 162 88 81 181 199 220 178 200 56 217 105 120 60 131 89 139 180 170 63 147 176 153 153 153 72 188 126 60 83 171 212 191
66 177 164 199 92 199 205 66 89 70 154 105 185 138 206 124 95 162 126 112 73 171 75 59 107 107 102 164 61 202 135 102 196 84 158 58 110 56 157 192 106 143 144 160 113 124 114 99 148 149 136 123 139 129 140 202 99 179 157 56 201 94 125 90 192 65 0 101 149 65 97 143 144 68 214 160 214 112 107 114 182 98 141 212 146 79 196 63 180 83 69 82 120 129 111 112 66 154 145 98 103 83 151 125 145 87 201 220 82 89
129 84 197 104 94 127 79 82 137 204 59 207 114 131 154 136 92 55 71 153 214 80 144 204 113 77 67 81 195 128 140 187 205 102 66 218 72 167 65 118 59 191 88 99 206 157 120 55 69 93 204 177 124 55 220 71 81 217 177 58 165 166 94 213 205 167 60 0 104 87 55 170 163 81 105 175 207 211 93 213 113 177 129 175 147 184 202 191 70 167 128 157 65 108 196 64 216 196 71 92 133 123 73 141 169 216 182 69 89 118
111 72 119 104 70 144 203 110 146 103 182 219 105 117 63 172 110 84 70 218 214 153 102 133 184 147 137 92 84 87 132 210 147 107 128 70 64 84 101 166 127 60 99 74 55 132 166 189 218 104 116 200 185 169 93 131 98 215 92 107 115 192 139 68 84 161 111 190 0 200 220 176 56 99 129 160 133 195 70 124 189 93 141 206 166 113 108 132 201 65 111 190 212 196 143 100 142 167 191 206 133 188 160 108 65 200 59 215 119 98
63 119 159 195 69 150 103 88 165 155 90 141 213 197 73 160 129 128 156 61 161 78 100 135 127 98 101 92 93 81 193 174 151 125 132 82 185 168 150 217 70 215 57 209 137 206 135 150 116 220 127 206 168 93 163 81 120 116 210 72 217 154 143 106 203 83 119 71 59 0 217 215 73 207 112 196 85 188 70 94 86 59 93 219 218 174 181 69 191 110 96 105 136 126 147 142 78 173 144 176 61 139 155 177 135 112 188 192 214 107
126 179 134 186 89 146 74 102 102 130 140 74 203 99 202 159 70 196 55 127 130 112 90 118 213 207 98 123 62 172 85 140 219 61 163 173 100 216 76 94 220 109 71 184 136 202 165 142 127 184 87 142 177 112 86 118 214 179 167 178 178 161 100 169 182 168 98 99 121 192 0 90 59 175 117 65 179 91 110 132 168 213 135 92 151 118 208 190 194 147 153 59 122 102 164 122 116 61 133 220 168 180 203 79 58 148 86 212 154 199
97 167 96 175 84 177 109 118 216 134 191 73 202 72 151 176 188 128 70 126 94 111 191 134 130 139 111 218 65 73 219 193 178 138 166 172 177 197 73 111 174 127 100 194 81 115 177 157 87 199 149 158 139 208 130 70 169 217 155 189 78 152 173 215 156 58 179 156 95 121 71 0 157 189 85 191 56 111 79 101 180 184 121 67 160 123 219 147 197 111 193 183 106 94 182 216 137 116 61 197 103 208 107 126 178 158 89 112 179 72
79 69 94 98 132 147 213 172 113 211 199 138 201 202 119 79 123 108 89 72 170 151 129 158 104 202 118 95 135 203 132 194 127 153 124 133 123 83 78 198 199 113 131 65 58 98 103 59 199 161 71 64 218 136 180 106 130 185 58 157 138 168 165 65 149 76 206 161 84 71 183 95 0 143 61 136 85 101 157 191 82 96 64 137 205 69 147 217 215 195 164 205 87 194 154 124 95 187 162 64 173 187 75 59 105 189 183 213 217 189
73 72 200 218 78 185 60 182 95 117 89 102 189 111 219 82 194 85 61 139 129 202 185 69 151 135 159 57 169 66 167 96 145 58 88 93 148 129 141 73 122 127 200 78 166 149 61 190 132 94 64 211 205 100 57 126 217 211 67 59 159 141 68 140 205 218 67 146 179 94 120 210 62 0 55 55 121 200 154 85 109 67 194 186 133 143 87 216 219 198 131 133 94 192 203 80 187 102 103 115 190 159 174 218 179 216 66 196 195 220
205 171 218 106 119 133 184 60 113 192 151 122 110 194 211 178 114 93 129 215 168 123 165 172 137 166 184 194 179 68 91 153 125 82 220 207 56 217 78 192 112 101 183 75 205 70 140 155 101 200 204 172 154 89 130 210 212 217 115 213 171 132 61 181 140 98 219 68 140 69 55 206 213 55 0 187 140 143 134 111 125 78 154 106 150 65 209 59 76 64 64 193 120 58 134 145 58 64 93 103 194 166 59 103 140 176 131 135 209 74
71 79 205 70 219 68 203 79 208 63 124 58 196 161 107 171 191 55 115 187 162 78 102 77 107 171 98 191 109 118 193 153 57 203 156 205 79 171 178 76 69 156 66 100 147 146 206 200 168 193 99 203 66 207 101 135 59 184 198 116 72 106 148 178 136 105 145 141 158 81 118 192 156 160 157 0 167 105 162 89 127 199 125 157 76 104 106 192 194 218 72 165 73 211 72 199 163 190 87 164 144 195 215 216 108 70 138 199 117 196
220 193 215 82 154 86 218 104 190 203 146 79 189 70 205 107 63 157 219 82 159 178 211 98 203 189 147 84 114 220 220 157 72 56 56 134 74 125 160 60 152 152 148 173 168 191 121 104 193 147 85 176 111 149 90 166 206 73 59 130 187 159 99 185 153 110 203 131 139 108 90 90 95 159 204 55 0 62 201 120 182 142 149 212 55 219 104 165 180 80 58 181 120 69 121 179 176 133 67 160 172 78 187 109 215 68 89 205 188 176
194 74 156 191 121 194 60 141 197 140 99 182 193 81 109 85 175 200 187 77 128 163 89 209 211 158 215 184 85 75 147 213 195 164 68 167 158 188 65 131 212 89 95 66 129 121 89 59 188 97 116 97 214 112 117 200 185 190 201 200 145 115 154 148 91 143 60 142 118 156 116 178 63 109 122 152 171 0 118 156 72 204 182 132 188 80 148 144 76 132 131 177 111 97 202 55 178 75 204 62 216 141 138 111 104 112 220 180 216 132
147 71 145 95 202 152 90 162 210 104 80 193 76 79 152 172 200 189 71 213 127 208 218 107 185 215 147 113 217 81 216 105 113 215 194 99 104 213 177 198 215 94 156 85 95 177 102 175 123 185 169 131 165 85 59 146 140 143 217 156 173 122 151 158 158 88 183 209 126 151 135 210 147 93 219 99 206 112 0 139 173 118 109 114 180 152 81 196 211 146 199 177 67 56 147 100 167 80 173 114 66 133 102 210 72 117 176 159 113 212
213 99 209 125 195 76 119 126 170 80 139 177 216 110 189 182 82 89 161 177 122 142 211 218 185 131 216 136 80 155 213 119 192 71 164 194 55 125 165 213 135 144 156 214 219 209 111 181 93 187 117 87 111 109 104 184 186 62 184 197 163 197 131 131 91 119 183 114 63 70 148 209 89 205 88 83 113 130 58 0 86 135 119 57 172 216 132 150 129 184 152 171 65 180 141 142 144 128 105 201 123 134 132 165 77 157 172 179 70 160
82 108 57 75 138 184 61 90 213 163 177 208 132 137 169 210 70 65 186 106 63 180 180 199 213 97 144 66 177 90 103 56 86 188 164 200 113 116 95 117 149 141 142 205 214 101 87 74 214 205 109 174 58 145 140 102 185 101 211 82 209 180 187 102 143 211 63 109 96 208 74 174 124 181 154 62 199 106 160 62 0 99 203 182 162 156 94 104 77 220 134 125 218 193 91 138 178 209 153 123 175 157 176 98 156 205 175 142 74 206
126 214 129 200 160 203 184 59 82 82 159 190 81 186 159 203 199 79 192 106 77 184 62 131 136 131 173 168 214 125 197 88 174 74 170 148 170 98 129 148 204 81 218 159 93 66 187 148 113 175 65 179 150 212 156 190 209 150 208 65 158 102 192 149 164 218 179 116 157 198 126 214 110 195 99 94 92 129 83 135 202 0 163 101 191 203 58 57 152 98 135 123 121 152 94 86 168 154 216 120 98 179 76 57 128 218 135 132 197 115
70 172 91 80 87 108 117 208 133 97 192 175 66 120 136 84 216 158 103 145 151 71 180 104 147 165 158 128 78 211 106 152 107 182 110 84 150 141 159 187 193 184 214 171 87 180 206 218 55 134 65 177 96 135 113 75 179 184 86 97 190 98 93 191 201 114 81 155 195 91 83 201 84 89 160 205 214 74 84 137 91 114 0 75 187 154 75 74 100 57 88 97 111 183 177 68 153 99 171 206 75 220 213 175 196 152 60 122 184 198
136 132 139 95 134 63 179 155 183 151 104 87 165 211 106 76 181 82 200 180 78 92 180 83 128 132 218 105 217 64 200 60 143 113 75 76 88 168 161 204 202 133 131 183 78 179 119 163 218 220 169 134 139 166 139 215 211 169 204 103 214 70 194 209 128 111 204 159 61 190 129 116 113 147 178 165 175 157 115 144 180 96 108 0 141 181 67 104 110 76 60 102 194 158 147 172 150 168 82 126 180 78 156 156 158 136 79 105 98 172
205 126 82 111 59 200 197 184 184 188 69 93 58 100 126 211 90 181 156 186 94 119 57 80 112 55 134 67 133 60 127 108 62 137 176 181 94 69 119 94 99 111 138 212 190 149 201 112 168 181 159 189 208 174 160 207 218 152 103 92 172 105 214 76 179 165 174 150 117 206 195 127 160 155 93 209 102 157 161 62 105 93 185 78 0 191 163 107 136 80 100 83 151 146 186 136 129 74 62 64 159 107 101 158 207 113 141 171 157 108
199 219 163 61 82 62 167 154 155 93 197 214 79 70 117 158 206 184 202 218 158 76 218 160 144 101 120 110 103 92 187 89 157 84 164 82 122 148 71 90 63 162 123 64 213 207 204 137 118 57 204 202 106 218 84 173 127 97 175 135 65 95 183 185 149 216 83 134 174 194 156 172 218 163 208 178 108 65 76 200 118 125 203 98 220 0 113 189 79 203 191 172 68 149 117 56 176 94 118 205 136 136 79 114 149 207 107 215 190 127
181 144 159 115 197 175 72 202 84 112 148 133 119 202 153 108 106 145 175 153 188 169 187 180 183 148 196 63 107 59 105 132 118 160 160 172 181 123 96 65 61 73 130 153 119 189 182 194 58 156 164 163 113 160 139 206 94 123 92 69 163 132 209 73 75 149 59 180 210 211 78 74 144 101 69 117 86 87 58 218 80 209 129 120 123 141 0 90 186 94 146 60 195 78 205 92 94 137 200 107 159 64 164 77 154 176 205 139 60 214
99 158 139 163 105 203 190 180 216 86 205 125 152 89 152 183 220 196 160 218 90 131 179 89 63 68 102 175 178 195 114 56 137 66 142 140 166 161 118 122 199 89 145 192 61 176 86 101 213 181 110 177 203 203 83 96 159 75 118 63 74 90 148 160 151 206 218 119 125 194 151 120 197 64 185 209 219 94 105 55 210 203 216 137 119 56 177 0 191 220 148 82 87 100 125 81 100 107 62 84 65 132 203 114 109 92 147 216 179 57
59 97 173 214 176 152 142 96 145 60 118 96 160 159 104 159 120 94 130 98 139 171 91 148 109 77 84 218 95 106 64 192 167 72 203 125 143 136 187 169 57 218 86 147 71 109 218 160 85 172 210 178 86 139 101 167 185 214 144 156 184 99 71 165 149 141 170 90 155 99 127 164 160 187 194 176 134 213 70 173 58 171 69 98 216 192 85 93 0 196 143 141 150 207 118 138 205 217 213 123 218 114 166 185 90 93 134 101 215 136
56 65 63 110 89 139 59 205 83 198 100 68 191 212 112 161 70 162 220 131 121 206 94 94 87 113 179 187 213 159 86 136 181 166 158 68 195 114 76 145 195 71 141 169 175 175 86 120 157 135 67 205 85 94 202 153 184 174 61 104 68 104 129 104 200 138 192 213 123 58 191 117 147 197 81 173 58 111 55 202 174 176 213 190 61 180 96 144 71 0 202 204 149 57 103 121 178 135 102 63 193 115 121 147 176 83 134 134 177 184
192 134 115 74 125 209 202 186 162 198 106 143 111 143 89 166 195 124 110 150 102 76 122 187 140 115 208 189 67 107 152 133 174 204 213 161 218 116 154 213 157 89 67 103 167 115 207 116 81 156 199 183 133 141 214 131 118 180 91 116 168 182 144 168 90 98 79 161 61 96 173 77 219 170 78 190 67 187 149 87 165 199 149 173 64 138 185 183 132 120 0 141 120 152 161 86 150 186 194 144 215 114 186 125 98 100 210 55 60 153
153 120 58 67 147 149 120 67 60 196 102 145 168 218 122 213 115 196 109 182 166 71 213 81 67 149 122 88 217 59 65 132 106 60 95 163 86 150 56 76 155 121 142 192 106 94 121 168 125 211 92 156 96 140 63 208 211 215 92 128 95 115 159 129 193 183 68 137 116 60 116 90 64 101 58 125 119 166 67 62 56 88 179 111 177 92 107 115 169 111 128 0 174 131 191 103 84 117 167 65 169 159 196 114 64 179 159 109 212 109
116 160 122 80 139 102 220 217 74 108 179 211 171 188 96 199 103 161 92 185 199 173 130 200 150 166 189 93 196 91 219 176 119 144 191 173 97 136 198 98 219 179 191 61 115 133 153 174 150 150 170 178 86 145 110 84 89 65 180 63 173 120 180 70 94 161 140 151 207 55 140 147 137 125 82 130 197 200 117 199 67 121 120 82 220 123 151 156 140 138 112 197 0 201 124 187 89 133 98 166 171 212 85 108 175 81 170 102 174 125
101 117 136 207 106 166 98 218 136 201 210 196 151 220 149 175 65 204 159 212 214 103 88 154 80 90 110 124 193 199 185 113 116 171 110 156 175 154 163 88 158 138 220 81 127 111 149 169 101 100 65 174 82 177 99 149 67 201 65 116 104 118 67 218 124 149 180 151 139 132 202 132 129 137 100 93 202 107 137 215 106 88 85 165 66 104 132 76 206 154 167 169 144 0 196 83 131 172 59 99 97 194 196 179 66 132 90 62 220 209
126 112 151 197 58 191 155 57 129 83 160 116 163 105 205 182 61 155 191 203 173 135 116 65 190 85 130 140 209 207 60 85 210 165 209 204 109 164 66 207 120 149 73 180 165 164 217 199 182 151 120 95 132 124 131 165 176 183 176 141 189 200 95 81 136 99 176 200 85 195 148 155 150 217 139 203 218 78 63 102 67 153 181 176 121 203 154 94 113 57 180 164 138 159 0 174 131 98 85 200 212 160 109 106 187 130 190 100 215 142
208 116 206 120 83 164 80 131 103 88 76 194 122 202 176 139 213 81 195 150 139 132 134 133 118 94 163 108 63 102 120 57 213 110 89 136 69 118 186 128 124 181 175 164 192 154 64 179 84 100 73 208 159 205 69 155 78 104 182 198 107 196 167 67 113 160 140 192 84 128 153 127 110 179 118 143 82 185 157 177 79 205 125 151 95 193 82 165 71 151 73 88 164 133 83 0 134 211 194 172 81 200 69 158 167 220 150 163 185 68
57 171 214 190 196 190 152 80 84 144 119 171 131 218 165 87 107 144 186 76 192 203 143 94 188 191 210 124 206 116 196 155 209 57 123 206 198 107 63 92 208 100 122 146 145 146 109 58 191 92 88 60 98 175 119 211 155 142 201 76 195 85 158 153 128 73 204 153 112 216 80 167 139 63 135 88 82 133 130 121 83 58 74 205 103 117 75 166 151 128 165 161 198 96 87 88 0 200 102 114 168 67 88 118 197 176 84 122 60 100
117 108 116 160 77 99 206 106 220 80 200 61 142 103 167 93 210 86 167 174 178 60 118 137 120 138 176 173 148 146 169 168 143 59 211 121 72 117 115 183 199 202 58 96 63 113 209 198 181 146 65 150 183 195 107 122 106 59 117 99 138 162 166 74 94 172 125 181 122 144 118 151 99 96 102 84 130 193 125 216 102 103 72 127 68 68 218 122 80 81 183 127 171 60 210 167 150 0 117 170 217 135 200 189 94 120 102 124 162 206
131 89 133 169 60 131 104 59 202 132 62 125 70 108 102 75 134 140 63 180 89 161 171 207 129 74 85 156 89 217 63 62 119 186 115 141 152 62 149 128 188 96 97 115 161 178 97 103 146 212 76 166 181 77 194 105 138 126 178 171 88 178 82 150 202 188 199 61 167 55 56 82 148 128 124 58 126 101 189 127 157 57 58 126 162 197 95 203 166 206 114 192 69 119 111 168 154 62 0 111 83 159 145 176 135 162 122 134 56 97
94 206 111 62 94 148 83 134 144 156 149 212 194 91 209 55 138 59 161 55 126 69 185 210 108 184 213 60 79 142 93 198 91 61 92 111 89 167 131 196 137 114 124 88 208 96 71 137 136 91 183 70 98 149 111 83 58 198 213 67 59 150 128 115 118 112 181 202 156 152 193 196 207 121 83 91 166 164 206 164 197 194 189 191 124 142 102 201 177 156 132 160 81 63 138 58 205 115 155 0 189 193 208 99 80 107 155 148 167 214
61 127 164 166 131 60 164 185 146 169 180 63 135 171 100 212 219 184 125 116 110 142 156 195 84 129 204 149 77 75 109 216 61 124 108 76 114 120 153 132 213 202 133 117 199 163 182 74 190 137 132 83 177 215 62 157 113 118 209 198 133 99 93 206 113 107 90 173 114 206 214 187 217 218 164 63 148 116 142 174 74 84 86 202 109 115 117 172 157 217 89 116 85 152 174 67 172 206 180 94 0 209 217 65 89 70 101 175 212 63
117 90 202 205 98 216 73 205 64 127 202 116 199 158 171 88 159 106 136 207 214 177 151 74 140 107 148 219 84 106 157 202 143 131 86 192 141 79 206 143 55 116 175 127 170 206 204 57 186 201 128 115 103 186 161 122 118 197 81 206 161 191 114 124 182 198 99 169 142 218 129 96 198 185 56 213 153 77 117 62 127 158 189 213 185 134 181 115 192 67 183 89 178 105 144 64 86 80 214 137 216 0 159 165 103 140 94 106 162 156
75 85 178 67 177 169 180 212 95 73 130 65 149 172 67 188 213 116 157 136 124 168 167 122 200 205 94 76 129 217 215 108 130 81 76 155 199 112 178 170 161 218 66 125 106 71 57 154 67 202 119 94 203 131 149 70 111 166 207 160 159 88 195 130 163 179 113 148 143 120 84 154 67 81 202 147 190 185 130 134 119 176 197 122 182 115 146 58 181 202 209 191 161 80 81 74 174 176 96 215 182 95 0 60 200 77 177 80 98 167
180 142 138 115 154 121 175 158 191 181 151 175 65 111 216 160 184 211 218 83 160 185 182 91 64 149 127 58 94 90 56 126 218 191 212 133 139 95 193 60 99 108 120 153 84 213 189 171 217 127 112 150 185 166 77 216 127 90 80 219 101 141 175 73 82 179 219 195 210 164 97 156 210 159 59 208 76 66 120 138 118 112 171 68 98 98 207 182 74 166 211 82 87 182 60 103 110 209 196 174 191 88 66 0 119 128 179 139 97 219
84 193 76 153 161 113 138 126 210 74 93 214 211 82 109 155 88 141 127 173 206 188 71 216 159 199 117 206 175 115 133 152 172 100 160 62 179 137 164 148 120 220 129 111 99 73 205 59 111 144 203 75 71 211 111 170 111 67 158 78 131 106 99 195 207 208 213 217 118 105 216 60 188 106 105 101 151 142 173 180 155 93 206 210 134 156 220 73 214 57 164 141 157 135 197 76 152 109 160 148 182 71 201 166 0 141 184 124 78 124
152 185 189 171 127 188 214 102 57 144 206 145 165 164 95 193 122 170 146 187 98 93 160 118 147 149 197 136 170 162 118 100 143 95 103 143 106 166 161 148 145 155 144 84 82 58 173 203 57 136 88 91 77 152 66 133 88 216 86 134 202 56 198 162 181 148 65 194 97 192 166 206 197 77 128 81 111 168 128 153 93 61 138 103 146 167 59 114 83 140 146 176 206 194 144 111 168 98 198 71 58 184 156 207 120 0 171 119 211 148
60 175 205 87 61 104 171 61 104 201 121 93 168 67 73 180 217 171 90 174 114 151 139 141 148 128 206 108 74 87 144 156 136 209 150 172 111 78 116 165 196 83 182 196 185 214 81 182 161 160 156 163 159 165 215 206 77 189 80 211 141 127 158 148 106 137 199 158 197 156 179 68 76 163 57 164 193 128 201 87 133 171 90 164 105 161 69 57 78 109 218 164 177 89 208 120 185 210 192 176 68 177 169 162 70 57 0 76 199 184
89 166 124 219 117 162 159 200 196 84 102 201 88 87 76 75 163 64 115 125 90 66 101 150 162 92 80 62 75 179 113 149 135 146 122 192 63 65 63 109 82 148 129 123 86 56 147 214 125 218 61 84 98 123 122 90 127 163 118 102 207 63 163 105 134 208 82 163 172 87 132 115 66 163 105 168 96 210 215 112 214 207 138 183 207 212 161 86 183 139 138 69 75 198 79 121 58 182 138 89 117 192 159 56 208 220 189 0 200 174
220 188 194 214 200 131 217 147 95 55 194 219 102 88 177 60 194 157 118 98 162 128 119 202 142 107 158 175 178 154 172 160 167 199 175 56 61 102 188 133 102 214 126 219 172 163 159 56 138 200 155 134 192 122 99 70 118 114 198 148 91 142 82 167 129 189 209 173 190 120 101 101 120 205 102 213 138 135 79 139 84 62 64 146 111 81 159 170 171 74 90 116 159 133 170 166 71 184 196 138 203 112 62 185 192 95 58 99 0 143
104 124 168 155 122 110 171 87 210 174 194 173 192 177 139 187 212 183 203 140 167 196 116 98 155 210 88 205 183 117 97 142 193 152 126 92 140 110 134 108 63 159 139 82 159 205 216 130 79 61 64 170 193 191 77 98 123 185 150 153 75 57 64 82 69 131 57 63 198 131 157 117 105 68 81 210 137 58 173 125 124 99 217 73 103 156 113 78 195 148 156 86 125 199 214 170 82 101 208 146 160 192 69 188 127 190 207 176 161 0
