110
0 5 8 9 12 19 18 10 7 14 12 12 15 11 12 12 20 16 11 11 16 20 5 12 12 17 20 20 5 6 20 14 13 8 17 13 12 17 12 20 6 6 20 16 19 7 17 14 14 11 15 11 14 16 19 14 17 19 6 15 5 5 6 10 17 18 6 18 5 10 11 14 16 6 10 8 15 5 10 18 17 14 12 11 11 14 9 17 14 18 19 14 13 9 17 13 10 20 10 13 8 16 12 11 6 8 8 10 8 13
0 999  241 482  343 536  100 500  371 468  139 215  139 511  366 475  324 559  123 201  79 476  250 640  215 523  380 658  345 406  262 499  293 371  201 567  381 761  114 149  80 360  163 272  253 437  245 540  374 621  163 375  385 704  210 348  181 344  329 712  320 419  117 409  192 463  330 728  165 374  240 482  225 454  179 313  400 447  268 577  162 256  186 524  214 531  244 510  198 586  363 403  135 239  193 410  332 672  326 683  82 349  201 543  202 492  233 626  192 485  301 685  143 377  116 520  286 501  327 588  276 361  228 293  113 248  265 389  106 267  283 394  283 538  276 450  396 638  207 396  248 618  224 269  304 622  125 334  237 271  222 549  328 532  194 421  221 435  90 286  350 427  287 464  183 341  259 639  220 468  156 454  410 631  152 238  395 461  164 544  63 329  252 391  158 407  299 556  297 409  151 387  112 484  341 513  365 640  296 646  333 540  293 435  265 581  161 405  202 545  275 373  218 391  363 398  312 524  219 335
0 175 198 75 176 99 58 211 110 80 56 209 118 190 164 188 111 179 197 69 68 121 163 179 170 55 220 81 114 126 124 63 132 154 112 65 199 173 214 216 121 100 154 76 183 154 101 127 152 166 59 167 60 146 165 141 65 107 103 200 69 185 88 128 56 68 215 199 205 58 131 84 173 101 107 135 159 155 174 75 202 149 132 126 133 88 197 146 216 60 55 188 144 152 119 134 103 180 178 112 157 118 167 89 97 61 151 181 202 78
214 0 91 112 166 111 120 209 162 180 148 75 199 122 169 66 133 122 213 156 206 191 60 213 156 104 220 150 98 194 191 72 211 99 151 176 60 116 82 69 185 85 104 96 143 112 149 137 91 212 114 148 151 150 152 170 96 172 156 69 100 81 215 88 211 118 199 166 62 113 65 143 158 144 83 63 203 60 195 104 159 67 89 66 80 98 212 217 144 167 81 175 118 87 73 217 152 67 172 86 162 205 203 110 110 71 171 119 169 196
114 131 0 199 163 212 171 60 137 83 71 130 202 84 59 148 138 208 189 91 130 136 85 123 154 187 190 213 182 127 62 195 167 193 118 82 147 134 110 107 134 85 166 126 62 57 170 97 187 75 57 139 143 217 125 162 205 207 211 58 91 138 152 163 144 151 95 185 85 145 57 152 110 183 165 147 57 212 114 79 181 149 195 58 145 77 114 175 101 193 73 130 160 208 158 94 205 75 135 132 150 178 98 98 212 197 204 84 127 64
76 194 182 0 218 192 66 86 186 80 80 55 68 89 111 88 211 168 134 72 144 137 138 168 72 159 64 77 176 194 158 75 168 82 215 171 59 217 165 69 78 218 113 105 55 57 208 58 107 213 164 98 214 97 170 99 143 123 132 62 66 67 180 203 121 178 153 217 126 169 125 153 124 64 57 138 151 217 202 212 187 71 155 194 67 64 187 199 71 132 160 125 68 154 163 200 119 91 126 85 126 131 122 105 134 115 203 96 138 214
141 112 156 92 0 198 58 106 60 131 138 80 165 71 201 81 152 160 136 90 193 145 184 199 141 141 65 174 206 153 213 104 77 165 208 80 78 217 64 93 208 87 132 212 90 111 184 195 208 181 149 57 93 64 111 86 208 83 216 155 116 220 158 91 122 175 136 134 213 100 101 71 199 109 110 118 185 146 77 213 72 150 139 193 95 66 67 108 166 143 95 173 194 139 217 138 154 189 107 185 199 198 83 195 211 182 160 213 107 67
160 193 126 84 69 0 147 127 140 146 123 73 55 76 108 82 213 133 88 215 184 97 216 133 162 93 177 147 155 188 62 85 69 93 95 96 144 160 130 105 214 78 198 57 96 116 59 72 81 96 159 218 178 84 170 205 219 134 154 81 93 81 89 58 58 77 125 138 168 145 151 206 159 120 91 218 156 59 146 183 148 168 214 215 116 218 121 59 150 94 177 190 187 187 95 187 168 90 112 99 71 194 140 167 209 213 78 128 136 55
115 58 76 102 209 130 0 156 113 192 206 126 176 126 76 137 138 144 190 158 149 145 147 110 121 98 202 89 155 209 134 154 136 62 138 175 98 188 213 176 95 62 218 180 173 160 189 140 62 89 87 105 158 148 175 71 112 97 90 152 101 216 142 91 217 140 153 97 100 144 112 216 143 177 151 71 109 126 94 192 162 149 76 155 110 139 200 95 183 98 108 214 75 213 182 151 65 193 209 58 164 122 57 185 190 110 105 211 175 189
131 164 78 62 143 94 173 0 102 184 81 97 141 212 72 99 94 163 126 111 204 69 144 105 99 111 155 64 179 83 63 168 216 81 171 220 211 155 172 63 97 208 157 189 100 58 103 88 113 198 134 113 95 98 150 170 184 98 109 197 112 139 57 147 114 104 66 103 184 198 65 129 87 55 166 132 85 179 122 189 104 164 98 92 188 185 88 105 147 135 187 146 66 112 180 78 82 191 64 216 90 85 157 99 71 96 108 169 66 115
81 96 127 156 133 92 95 162 0 172 75 97 207 58 200 81 145 94 88 66 140 194 215 196 202 116 73 65 110 185 98 212 170 74 210 76 58 173 82 181 173 139 107 130 152 193 175 134 82 149 114 87 147 201 75 64 201 136 203 57 84 132 166 184 213 125 135 78 123 91 139 201 56 73 132 213 63 87 79 185 123 124 146 195 89 206 215 99 217 138 161 184 220 73 186 162 109 71 198 192 109 124 124 149 121 194 195 190 60 192
196 147 169 56 151 125 69 77 102 0 211 147 191 121 119 55 88 161 213 67 157 111 99 147 147 118 175 217 120 85 123 55 59 124 187 148 218 198 137 201 151 109 77 180 181 196 69 206 112 111 198 76 57 60 157 156 165 148 154 175 57 208 132 74 55 116 93 107 199 83 63 107 79 141 196 126 129 133 73 202 123 219 165 115 160 90 90 99 177 127 192 203 154 96 100 89 147 121 59 150 129 95 124 148 80 81 128 148 154 81
147 76 122 157 176 102 205 216 149 210 0 145 70 186 98 194 128 198 194 90 149 86 182 94 164 135 129 116 152 148 157 207 106 159 147 133 214 103 66 87 214 208 183 214 187 192 199 138 103 154 172 213 169 129 125 214 152 109 84 122 218 162 143 129 191 106 190 100 75 172 73 130 161 185 176 60 119 136 88 192 151 89 110 101 71 116 121 69 181 168 56 62 90 137 190 197 108 84 211 168 200 154 151 122 200 220 197 112 187 192
206 180 158 135 161 108 70 142 192 183 202 0 196 179 125 180 178 139 108 141 67 211 147 208 85 64 190 89 67 86 73 157 75 100 150 63 73 176 135 77 71 105 194 69 77 198 61 83 84 106 159 156 153 56 145 158 60 157 165 189 181 100 198 96 183 138 166 210 185 123 213 142 131 106 105 83 152 165 201 195 77 212 81 198 70 162 120 191 128 75 168 207 220 101 168 172 175 158 177 63 129 90 179 70 75 121 128 164 82 109
74 189 164 95 106 74 114 139 121 90 176 133 0 167 99 165 141 150 93 109 158 124 144 179 95 152 172 87 146 191 142 148 170 208 68 113 166 197 107 179 117 121 219 104 130 102 60 188 101 137 210 207 219 172 118 78 173 90 167 213 87 160 124 160 170 89 63 120 191 185 77 143 70 132 190 99 153 61 152 167 220 65 201 144 182 89 203 139 119 151 201 155 196 173 85 117 180 178 148 123 128 128 213 126 65 174 161 198 97 158
179 114 175 134 129 135 87 148 109 82 71 163 114 0 92 105 143 150 216 105 213 97 185 84 59 145 57 168 122 118 93 217 134 145 154 123 192 158 91 202 213 130 78 78 217 141 175 215 147 139 111 196 64 87 160 147 191 165 59 77 172 162 194 95 133 175 58 166 88 70 127 136 104 121 193 66 146 70 74 142 156 149 171 100 71 73 83 108 194 130 169 152 93 156 156 135 59 131 135 70 151 55 176 118 156 180 165 161 68 158
195 103 115 189 193 141 212 64 88 187 191 150 101 124 0 215 185 156 213 212 127 163 207 66 205 201 75 61 218 118 217 176 146 151 192 59 197 82 179 136 179 193 177 63 85 180 64 141 114 113 134 192 176 154 134 59 90 114 55 130 206 170 128 197 97 59 89 99 96 61 189 74 139 168 106 138 187 64 131 204 98 202 105 207 78 111 143 106 200 208 186 77 166 178 98 103 168 103 88 197 142 131 103 88 115 199 78 191 172 60
162 111 167 78 183 80 173 168 218 152 157 75 129 120 83 0 136 167 164 109 60 153 210 200 208 99 156 134 62 213 102 93 212 146 57 86 147 166 205 175 84 185 164 65 108 120 219 122 130 73 214 127 100 131 167 212 135 112 166 180 144 129 218 201 166 170 207 199 97 68 127 91 75 93 175 117 140 145 111 115 184 157 176 84 197 60 154 97 200 72 163 73 169 148 169 61 199 208 211 190 195 156 124 161 109 138 80 216 197 60
106 212 149 123 152 146 136 110 98 102 155 185 131 100 200 103 0 112 107 104 211 218 174 113 98 180 165 167 99 59 98 84 118 69 148 125 130 147 171 179 57 210 192 127 166 60 152 195 177 100 212 126 177 185 90 114 180 110 217 105 80 55 166 192 205 213 90 99 57 96 192 101 184 108 97 177 119 151 72 209 164 105 74 76 107 118 161 57 186 208 83 173 213 175 111 214 123 78 125 76 162 93 202 59 104 70 137 167 142 189
103 210 137 87 220 163 219 67 130 64 149 98 204 134 198 97 104 0 84 151 147 125 214 91 124 179 186 105 65 107 146 58 119 162 173 155 197 218 218 66 218 57 63 91 154 169 85 186 136 130 160 85 99 179 77 75 152 200 202 207 75 61 199 73 198 183 197 146 115 156 151 108 117 71 157 138 171 171 180 100 158 169 216 56 70 67 118 62 115 101 142 85 145 98 219 58 188 145 64 137 190 181 211 97 116 101 168 171 97 115
63 152 157 64 214 174 130 147 190 94 176 55 58 198 168 140 144 198 0 132 114 152 166 209 207 122 122 154 55 192 121 98 113 89 177 84 76 171 94 179 197 157 155 188 97 173 112 123 55 158 129 100 173 115 115 175 60 217 215 115 165 131 131 208 83 120 163 114 76 68 182 72 197 65 202 85 93 89 77 147 200 148 182 81 217 63 146 57 67 212 169 116 95 211 97 86 198 180 169 166 211 85 201 121 144 178 216 190 163 167
135 75 215 189 131 179 63 213 138 106 186 146 94 81 194 156 216 167 59 0 218 82 165 153 170 86 107 102 209 163 172 204 73 158 106 188 133 156 219 100 100 61 106 56 141 193 127 108 87 69 91 70 216 210 137 153 104 90 166 143 141 177 108 145 180 93 162 207 182 165 137 119 195 163 150 59 162 214 161 131 138 129 203 149 137 65 189 209 196 93 91 136 188 147 125 86 66 87 173 111 151 80 143 205 178 136 61 109 163 165
169 92 121 205 185 174 160 65 75 200 75 87 136 93 135 106 82 90 201 192 0 154 199 58 194 206 101 156 219 99 111 58 216 140 130 77 197 95 105 185 220 111 159 165 181 212 157 104 203 76 209 61 197 110 191 172 96 91 135 218 186 185 140 169 121 194 77 72 69 104 98 59 193 123 198 153 70 183 204 194 94 145 195 144 109 181 104 211 160 105 56 176 113 172 200 200 220 216 129 167 83 106 76 110 134 159 191 83 110 60
190 176 97 93 122 76 199 55 212 198 158 56 119 90 166 184 195 180 55 170 65 0 78 145 82 83 125 180 125 182 201 136 194 155 106 208 214 214 70 129 130 184 103 136 128 104 197 70 133 140 68 122 207 180 209 109 139 78 68 189 68 117 206 219 62 102 103 67 213 63 105 195 71 74 110 73 103 146 68 86 202 111 140 182 63 180 163 76 105 197 161 173 165 87 63 72 206 90 153 126 148 132 146 173 169 127 111 180 92 198
175 80 107 217 220 190 60 151 69 184 163 103 113 164 69 56 117 100 137 134 209 100 0 203 147 68 157 151 123 127 110 112 69 182 209 98 173 87 155 94 186 76 207 183 184 87 128 119 115 169 79 112 186 73 211 213 122 179 157 214 92 69 216 131 184 87 195 153 108 188 64 126 152 162 87 207 97 70 188 88 128 151 190 220 115 118 57 203 131 171 124 186 168 152 122 211 104 170 143 56 184 121 204 100 77 117 133 132 121 197
171 207 142 90 180 186 165 178 202 90 109 112 182 191 133 167 156 196 160 162 158 219 191 0 183 123 130 107 57 195 127 85 201 181 175 114 162 108 181 59 152 84 196 85 96 76 104 62 128 201 65 204 126 181 103 95 106 111 71 150 105 118 191 168 81 171 108 187 175 186 218 130 207 89 192 102 202 58 152 119 92 120 140 191 205 182 200 213 123 181 119 194 70 93 168 203 55 137 76 149 98 188 110 202 212 72 159 176 218 196
198 156 80 67 144 213 167 104 113 159 178 213 201 140 110 197 218 98 106 166 159 116 81 65 0 138 195 139 74 133 122 155 200 128 160 136 140 78 75 177 59 209 164 217 161 82 76 176 191 154 214 181 169 191 145 218 111 77 171 191 139 86 172 131 102 214 117 128 216 55 95 95 116 115 170 130 132 87 55 64 103 55 210 117 105 184 205 87 131 219 206 90 203 154 78 178 78 60 166 98 90 121 189 162 108 71 189 150 154 65
171 201 121 172 96 73 159 131 204 144 188 162 166 109 122 189 132 71 94 185 193 132 64 218 208 0 178 107 185 178 76 92 151 81 113 144 124 63 154 192 118 81 79 134 171 102 56 82 203 214 160 136 152 79 122 81 79 175 216 118 68 131 90 81 207 218 141 67 79 76 105 203 196 106 150 172 187 214 168 77 211 124 193 207 215 152 76 149 199 154 170 89 151 69 110 215 63 70 169 162 169 145 123 86 100 58 85 120 98 87
205 170 76 138 62 204 168 144 109 142 158 186 132 120 129 129 64 194 148 140 73 94 143 69 65 192 0 111 120 145 185 59 153 166 82 145 120 181 73 211 189 144 100 115 142 162 120 83 122 88 124 97 218 109 174 144 106 195 194 87 149 155 67 82 72 196 182 166 188 115 117 72 200 217 73 155 150 150 149 187 139 185 165 89 146 155 150 69 83 167 151 144 103 114 184 59 168 169 165 75 208 189 120 101 196 115 161 61 130 212
107 199 95 93 75 114 73 190 203 140 102 173 168 91 164 59 118 163 189 118 112 124 103 197 196 86 79 0 79 174 102 162 95 179 75 213 175 115 162 119 61 93 163 70 172 101 161 146 88 159 114 112 55 80 125 71 181 175 206 178 201 178 213 106 131 119 218 179 209 186 83 218 159 192 166 113 146 70 98 159 206 118 154 89 117 213 176 151 173 159 59 202 103 169 143 164 140 100 212 115 71 119 108 63 174 108 172 198 161 139
76 89 93 121 67 160 64 173 154 114 58 144 190 163 73 200 183 83 214 203 145 56 154 210 123 144 210 184 0 86 181 200 144 99 74 203 81 206 197 85 149 125 130 167 174 149 126 169 140 66 152 63 155 99 201 82 97 88 130 179 154 114 55 57 88 103 146 163 168 131 72 161 186 196 184 162 185 78 196 153 68 218 168 76 207 170 140 104 115 184 202 57 141 144 176 180 73 74 76 200 141 116 95 129 113 87 176 219 138 124
93 105 163 167 64 203 202 99 181 62 154 170 134 76 88 156 89 203 202 64 170 135 72 159 163 137 121 211 184 0 127 173 217 144 133 176 55 180 84 113 155 129 176 182 175 68 193 127 211 201 131 107 99 108 146 186 181 164 80 56 68 137 210 117 186 220 157 146 105 186 115 128 114 190 113 97 111 101 80 208 73 66 150 142 178 70 123 140 67 124 214 82 175 124 201 81 178 56 171 198 154 84 67 81 155 172 113 171 168 63
71 60 211 197 135 71 68 152 116 162 70 175 150 158 72 68 187 93 60 214 187 90 150 171 189 211 210 181 92 88 0 116 207 154 189 158 101 125 152 136 146 79 135 119 187 194 218 214 163 204 196 128 157 172 201 117 209 74 192 93 177 176 200 59 122 128 80 205 165 80 133 197 154 57 195 192 58 101 172 211 212 132 104 81 83 199 91 91 145 154 118 78 157 198 165 160 90 75 213 95 71 175 130 81 63 167 140 191 101 117
127 156 89 80 98 99 91 149 178 107 156 128 97 87 186 158 190 55 199 136 138 125 73 91 181 165 145 137 128 210 93 0 71 127 93 92 187 103 63 166 214 122 110 209 104 196 146 208 175 184 55 72 154 110 116 85 114 180 219 75 108 215 124 219 100 201 109 204 131 184 76 175 220 85 55 67 209 92 201 97 87 116 191 187 115 171 207 176 200 154 86 80 209 62 127 167 69 88 189 119 120 161 65 88 112 74 136 153 83 62
168 171 219 87 136 184 124 202 84 151 98 112 101 133 194 174 149 208 92 125 120 68 117 161 136 139 173 173 156 153 180 134 0 164 196 111 123 193 149 193 216 163 99 108 219 156 218 75 137 118 171 129 72 204 174 78 212 112 162 106 141 195 180 81 210 80 145 108 144 141 187 91 152 218 139 77 109 193 103 81 68 136 195 133 115 156 123 188 130 69 72 203 90 71 85 194 197 62 174 83 64 195 200 147 168 175 173 158 76 131
174 115 102 201 115 214 108 179 137 85 98 82 174 212 115 95 69 195 130 219 210 81 87 145 76 134 117 66 204 180 80 194 151 0 198 93 68 209 80 174 164 152 182 127 129 196 169 102 204 76 201 220 87 61 72 140 132 92 118 188 77 219 170 91 155 213 79 125 199 170 76 75 86 172 100 62 64 175 198 96 130 115 116 178 55 87 136 108 71 179 103 62 65 166 60 116 94 58 216 121 149 78 139 138 63 131 147 220 145 104
122 180 101 75 120 163 68 112 164 145 201 76 59 169 149 180 201 65 212 148 211 132 67 167 201 109 68 151 77 190 63 190 182 213 0 197 62 109 83 56 88 165 120 199 79 96 166 94 55 194 216 195 146 67 90 197 204 171 102 170 183 183 61 143 129 144 85 166 216 156 60 105 79 78 148 134 136 151 132 97 216 190 114 169 111 123 212 185 205 191 106 61 69 132 144 92 152 144 159 182 150 82 119 189 141 122 164 60 182 143
218 189 206 166 158 93 151 197 185 121 175 68 127 149 175 142 142 171 197 93 113 72 76 85 101 118 183 122 68 208 78 112 80 183 121 0 96 218 86 189 154 76 96 60 219 128 86 140 218 134 95 187 186 119 136 101 204 84 137 219 133 121 115 209 100 85 208 86 151 218 138 80 175 211 168 131 65 176 156 141 160 216 115 141 209 215 100 190 179 58 205 113 219 142 186 97 134 212 74 152 208 159 167 161 208 182 148 146 209 173
134 113 93 96 214 93 59 171 97 68 169 183 209 101 141 100 150 166 80 92 99 203 124 185 147 170 110 138 199 118 150 75 186 127 195 71 0 188 161 94 87 183 164 130 194 58 157 182 186 121 176 178 158 206 131 73 142 192 187 85 80 167 88 125 162 186 100 192 192 68 67 216 188 192 203 160 105 139 208 145 181 130 172 151 206 159 167 197 83 170 87 214 174 189 185 204 194 72 149 171 146 156 168 133 140 150 198 150 192 80
210 189 213 160 206 104 149 212 81 56 199 135 66 197 195 66 114 144 122 119 175 178 82 157 206 73 93 139 214 159 122 131 134 79 99 96 159 0 136 103 212 166 193 157 99 172 123 62 216 160 148 183 60 184 167 151 129 149 163 219 91 204 102 198 99 130 55 163 57 191 190 146 205 139 63 201 60 131 94 96 209 61 121 87 180 103 210 184 140 180 127 98 61 191 85 66 127 125 59 167 164 157 208 79 210 117 163 137 131 115
176 188 130 114 146 113 159 152 219 116 220 196 107 176 118 69 72 134 201 191 112 219 191 61 100 71 182 176 124 70 113 91 111 214 139 95 88 178 0 105 82 58 110 103 62 178 103 59 80 213 150 66 56 105 204 113 135 55 188 167 109 78 117 83 131 90 196 195 56 193 82 181 135 64 72 113 66 199 126 181 153 64 90 145 138 101 211 166 151 164 161 167 217 116 194 69 145 138 160 75 130 203 169 198 204 87 61 167 135 161
129 216 67 211 125 56 194 165 184 90 208 135 174 88 83 209 83 67 201 159 187 167 57 213 86 150 142 86 114 76 136 200 63 152 73 85 70 190 118 0 193 58 216 146 219 208 58 215 139 167 55 176 166 179 207 206 213 203 176 172 213 94 180 115 106 100 81 115 141 188 66 57 174 84 117 159 148 214 184 61 174 170 88 133 130 131 132 172 87 147 65 87 78 143 146 175 164 61 125 112 193 56 105 111 78 217 186 158 162 68
128 62 120 176 58 70 207 93 113 96 60 88 106 90 194 207 156 178 70 179 149 74 94 185 104 213 117 198 131 122 74 159 91 128 92 89 176 60 189 67 0 129 93 88 143 193 136 80 144 101 185 188 144 203 184 169 175 96 180 206 79 113 68 83 202 178 132 148 74 207 174 196 191 64 104 80 182 86 219 172 205 148 177 169 77 178 203 218 137 70 73 60 124 152 64 151 115 154 177 100 152 97 173 208 90 74 169 180 205 79
73 119 214 65 57 187 123 108 64 67 131 124 101 158 130 114 87 105 131 63 172 193 92 92 190 131 84 86 80 219 93 138 164 72 203 147 185 95 124 101 64 0 173 209 204 130 146 209 161 214 73 178 94 153 135 81 105 76 86 70 135 103 73 77 143 139 180 74 187 154 90 108 203 157 197 218 218 119 111 123 105 151 104 122 79 123 218 109 99 143 142 188 61 96 147 174 159 66 160 193 130 87 163 132 178 75 165 207 172 133
177 207 63 210 141 76 73 172 177 138 193 68 143 161 170 73 202 137 218 141 215 219 206 153 135 162 165 137 216 77 135 195 126 149 177 61 60 108 85 215 194 218 0 192 185 173 83 112 180 161 131 75 122 115 138 172 177 75 57 132 100 83 125 84 152 106 108 88 59 211 182 68 204 189 121 211 145 82 87 192 109 78 193 191 217 180 94 108 158 55 73 58 215 69 77 180 83 142 123 70 150 130 171 103 110 98 191 214 71 87
210 80 190 101 187 57 164 176 103 110 178 88 113 147 143 161 143 102 115 170 119 64 100 97 191 72 112 64 90 79 158 101 173 138 83 158 115 158 117 101 70 105 143 0 141 206 116 138 127 130 75 187 121 187 85 142 181 171 77 210 140 207 97 171 58 64 174 73 197 172 165 170 208 183 61 216 75 175 121 192 99 64 124 216 218 88 111 177 94 94 197 117 216 144 61 141 159 103 86 96 206 67 73 117 118 220 186 133 129 126
74 195 101 190 144 105 210 63 88 182 65 134 124 187 146 120 213 56 83 107 59 105 123 214 203 60 188 169 161 60 200 219 133 57 103 174 121 214 161 157 146 176 215 184 0 104 128 60 126 94 64 160 61 159 220 72 217 111 101 95 156 160 107 183 157 193 136 112 134 117 164 214 164 60 171 57 137 156 103 63 80 135 157 124 168 119 109 155 186 137 174 171 207 96 67 123 171 141 161 59 117 161 212 130 192 81 186 94 213 58
204 114 205 126 86 218 196 105 129 210 170 105 80 123 136 63 140 87 59 117 94 75 172 161 198 118 161 174 110 207 67 133 83 182 110 97 150 78 94 179 87 206 180 115 197 0 183 163 208 219 195 159 174 82 115 199 61 213 218 198 141 157 215 184 194 175 111 57 176 180 90 63 202 125 128 196 91 127 113 145 198 174 55 219 159 139 202 127 180 94 132 164 146 160 167 144 115 57 122 83 216 136 59 175 194 193 80 157 152 205
166 112 96 158 110 104 166 98 167 109 153 170 145 89 175 166 119 104 143 115 190 142 101 108 66 197 100 66 189 91 151 71 75 208 172 196 125 130 149 206 157 194 152 82 105 174 0 187 140 64 106 95 63 56 88 97 128 79 94 66 190 180 206 193 57 87 196 168 144 99 136 106 159 193 200 104 216 66 122 139 146 87 157 161 76 166 94 110 121 210 191 174 71 215 211 139 189 194 192 195 191 61 162 126 214 156 88 67 75 197
162 80 154 219 77 169 197 157 64 102 132 61 152 149 101 148 178 101 168 127 115 182 173 75 137 176 88 152 110 119 140 193 145 79 61 140 117 154 158 206 199 214 187 101 214 165 194 0 209 150 213 60 95 110 151 193 94 202 176 179 164 61 132 65 96 134 172 205 214 65 108 155 202 161 104 136 97 210 181 79 196 61 209 203 153 178 141 93 148 213 219 60 178 57 82 63 113 180 159 92 129 175 168 56 108 210 89 215 75 90
169 81 175 202 142 147 110 191 171 105 76 143 71 197 126 110 129 174 193 91 135 187 149 103 115 184 191 195 87 116 169 101 192 71 82 157 190 136 141 111 124 208 97 138 71 210 88 55 0 202 156 100 137 151 200 102 147 149 201 165 205 61 206 163 211 56 73 85 173 203 190 210 122 191 182 111 158 213 70 79 192 205 130 104 204 86 59 118 55 155 123 169 147 65 203 149 164 64 114 100 107 94 100 72 67 75 59 159 135 184
203 85 149 69 114 216 108 95 162 145 165 166 90 215 72 105 125 199 216 137 88 161 164 66 72 122 98 200 73 107 161 172 117 206 145 58 216 160 72 81 86 141 206 127 75 98 171 64 204 0 68 174 216 137 158 84 89 191 211 164 80 182 69 102 141 155 113 182 141 210 170 159 90 132 182 195 171 173 67 148 105 109 66 170 202 71 169 127 217 191 95 160 175 112 211 66 83 117 219 113 138 132 138 100 66 107 147 176 82 116
153 86 60 186 99 56 60 183 116 197 106 206 217 187 78 176 172 206 69 189 75 95 82 191 128 139 158 59 100 69 98 187 207 87 56 128 125 173 162 196 115 87 154 217 63 209 208 184 177 145 0 148 74 109 72 194 123 55 56 143 200 141 117 114 217 102 68 144 215 206 139 61 169 81 66 73 136 141 167 87 130 202 177 163 170 87 90 86 178 204 57 65 213 96 193 144 150 120 113 167 104 148 99 73 190 130 86 88 96 189
104 171 88 114 183 69 174 102 83 124 137 211 129 71 179 162 184 84 211 187 161 125 144 110 173 132 119 114 82 87 165 118 174 89 61 178 160 149 163 206 206 59 100 122 95 113 128 187 82 220 68 0 217 134 179 97 183 170 71 119 192 85 164 164 212 75 191 197 175 81 187 97 95 217 107 142 191 108 166 200 157 108 111 202 139 135 70 112 146 133 179 120 162 82 120 220 214 152 214 113 126 165 175 116 145 219 82 111 185 207
148 126 217 118 74 80 184 121 99 127 132 187 174 71 176 114 81 151 136 102 84 175 126 169 68 69 177 156 62 76 58 87 216 55 98 138 70 185 152 103 80 117 63 142 60 105 132 102 65 211 160 155 0 101 202 66 84 185 177 176 90 124 85 126 141 141 67 209 176 119 92 135 75 105 63 204 132 65 151 159 186 211 207 94 92 101 212 209 184 182 96 157 100 166 182 177 79 98 173 156 162 181 106 162 163 210 121 103 183 217
55 218 166 165 191 138 167 192 142 195 165 140 135 178 78 91 78 74 88 219 170 184 157 90 184 159 220 96 169 76 187 73 159 190 85 211 61 98 181 150 214 57 159 166 125 63 211 191 116 211 156 72 108 0 185 61 203 70 59 182 141 95 143 154 75 209 182 194 83 117 111 66 172 111 113 179 100 196 106 55 214 118 98 141 61 215 72 179 96 192 139 76 58 192 206 204 102 110 143 82 129 211 105 142 97 86 106 136 171 167
180 180 218 133 148 125 218 99 217 168 170 198 101 138 126 102 70 165 116 157 191 201 58 179 182 105 101 57 156 102 190 130 55 167 161 157 204 220 59 203 144 57 166 93 113 220 198 106 220 87 78 75 108 213 0 78 100 104 147 91 65 157 86 181 217 197 171 126 67 148 130 201 180 158 75 65 162 86 74 154 131 163 56 98 58 115 191 150 199 171 93 110 64 168 118 133 205 213 62 193 196 219 55 119 211 211 128 210 217 179
98 91 98 197 132 118 203 218 201 189 57 142 186 151 89 59 213 175 126 99 92 195 75 71 89 120 175 163 83 114 138 66 96 96 123 219 58 71 168 187 56 194 177 111 176 72 194 169 75 62 75 123 67 57 108 0 173 135 67 115 220 105 195 74 194 77 165 163 66 106 127 161 188 142 90 106 149 152 120 169 175 157 106 85 175 63 100 148 104 159 65 115 184 57 187 137 57 141 95 100 168 64 153 103 86 127 153 179 59 205
142 208 110 220 194 208 220 146 60 198 94 95 200 109 175 187 167 189 110 219 86 139 126 70 161 138 57 101 60 73 105 208 101 102 62 135 185 127 137 165 100 185 197 67 192 78 121 156 120 94 169 139 204 146 196 159 0 196 72 157 97 57 72 117 203 143 123 160 217 114 167 183 158 192 72 124 171 191 110 166 93 137 157 190 78 194 114 90 66 144 161 214 106 198 107 151 166 217 115 56 215 117 64 217 202 116 182 213 107 196
162 209 220 128 170 169 210 110 171 69 201 192 178 92 99 82 131 57 184 179 117 100 115 161 188 209 191 203 127 110 69 85 185 60 64 58 142 176 218 91 67 95 189 185 58 111 196 110 100 65 100 190 82 81 82 167 174 0 201 148 219 66 92 156 198 182 106 73 84 133 92 94 71 205 160 57 182 147 204 184 163 103 102 204 201 69 174 74 196 110 200 133 96 202 107 103 67 100 200 209 210 127 89 155 108 179 75 143 155 215
135 55 195 120 175 153 156 126 136 198 72 205 171 193 185 140 148 59 175 187 71 103 119 203 117 145 84 66 61 78 194 162 85 145 206 95 76 207 118 133 127 67 138 94 97 161 130 191 129 184 66 171 73 88 80 163 58 59 0 186 118 146 93 206 161 148 219 68 93 123 104 57 128 85 104 131 128 62 106 202 74 185 192 193 220 182 211 218 56 56 216 56 60 177 136 122 184 180 59 135 173 167 88 135 144 174 123 114 172 159
155 177 217 87 170 137 213 152 91 168 167 112 173 107 73 104 121 151 136 119 206 183 210 215 61 166 128 127 164 100 113 179 177 67 97 110 149 147 103 149 217 149 106 147 174 117 194 164 213 209 192 104 127 137 157 181 100 169 59 0 101 99 134 123 80 142 167 99 147 61 204 139 106 88 197 172 154 187 89 207 157 186 180 92 110 130 115 174 138 185 160 77 208 197 119 188 59 73 149 59 169 82 108 166 163 113 202 167 168 199
56 83 97 61 207 113 113 67 82 215 118 218 193 75 163 173 193 192 175 175 173 153 210 176 72 86 82 184 176 189 147 218 73 105 193 92 180 159 59 163 93 59 91 216 74 166 171 152 136 85 94 87 79 77 178 215 89 123 219 152 0 165 166 208 59 84 189 106 162 59 80 164 114 83 82 134 114 82 93 209 137 194 98 96 133 119 191 98 106 152 123 105 150 167 160 185 184 199 214 210 191 181 55 94 165 155 197 101 166 61
143 68 206 139 67 117 154 137 115 136 64 103 62 199 202 83 144 127 153 151 85 77 68 206 106 116 109 67 213 130 127 164 157 205 145 62 105 170 91 193 62 189 107 158 62 89 207 94 111 97 152 219 96 138 137 81 204 61 96 112 189 0 140 152 111 210 83 130 82 106 110 63 204 152 122 162 219 100 95 90 99 138 100 99 72 117 109 171 138 101 120 167 153 151 163 115 211 147 117 159 76 84 172 76 184 203 182 83 103 175
189 100 107 146 141 105 166 195 190 148 187 139 108 148 100 177 124 82 184 217 180 93 168 157 213 218 151 188 124 114 178 88 64 100 166 146 81 219 174 173 181 107 176 200 71 91 92 94 198 162 103 96 134 75 119 86 207 177 160 119 95 124 0 110 124 124 116 63 135 188 134 135 107 80 122 118 218 151 176 189 175 100 101 161 76 141 171 212 132 104 74 94 159 148 78 139 134 111 62 82 175 127 208 172 55 55 115 83 91 75
64 148 59 66 99 155 138 171 60 200 173 174 181 61 173 199 124 218 145 119 210 76 95 138 193 201 139 198 136 66 70 213 110 128 212 85 121 57 93 205 156 216 188 204 68 142 198 112 100 111 106 150 67 163 66 191 87 170 73 207 217 75 119 0 104 211 87 216 137 162 179 177 105 128 160 112 185 72 79 96 201 187 68 108 133 90 196 178 161 93 217 111 60 74 208 178 160 189 99 219 146 124 220 157 77 86 151 173 214 70
174 114 120 157 158 103 118 142 135 95 178 155 58 82 62 164 154 212 167 190 169 93 126 208 111 207 180 153 154 207 142 120 85 88 90 119 99 96 73 132 181 60 109 102 122 83 200 82 203 102 166 86 149 100 141 157 220 114 170 148 211 187 209 119 0 173 63 123 169 83 148 97 204 64 143 127 66 219 168 70 86 173 144 216 151 195 180 145 124 62 172 114 175 155 152 181 163 172 176 216 95 150 102 173 138 125 64 127 83 105
70 206 167 211 162 139 111 145 58 153 88 217 204 162 207 68 91 199 128 157 69 120 217 153 109 204 97 108 156 154 213 136 124 216 208 139 121 117 208 124 207 89 220 171 153 186 136 91 85 83 104 60 55 154 116 104 162 73 128 65 178 171 152 80 145 0 140 134 136 198 86 151 131 202 127 95 150 211 87 153 117 153 139 141 149 178 139 62 102 205 191 85 107 73 204 87 64 122 121 61 90 185 84 133 105 189 160 76 210 74
134 96 80 163 58 189 116 140 120 106 61 193 187 202 85 58 213 216 113 219 147 178 98 176 151 65 65 158 58 161 97 153 138 80 172 171 79 137 119 197 205 136 62 198 218 214 84 131 121 180 182 55 173 212 157 187 67 127 173 122 176 112 98 183 174 108 0 129 203 200 187 57 218 93 60 104 205 79 91 81 58 213 64 220 152 95 204 209 170 188 87 192 126 141 208 219 89 65 140 131 181 59 160 209 90 215 90 84 62 153
130 125 159 204 126 192 216 154 68 93 197 80 156 180 155 193 100 111 77 197 111 148 99 174 145 131 187 178 79 143 209 89 184 136 122 122 218 78 138 143 168 138 107 149 115 162 145 122 175 204 109 74 113 150 151 132 98 126 136 121 167 71 161 138 97 66 174 0 108 141 167 176 87 165 129 187 65 147 169 138 163 198 200 112 167 74 165 197 67 115 210 84 149 84 140 113 124 113 171 209 197 97 216 158 208 65 209 86 143 94
149 192 74 55 124 72 190 205 141 81 177 197 207 208 126 113 209 111 121 115 159 159 108 140 96 173 80 106 99 123 116 70 78 149 56 191 101 122 212 141 63 194 216 217 83 55 175 107 56 205 165 131 214 149 115 69 116 131 153 56 173 66 214 78 148 162 185 213 0 134 209 171 64 208 138 123 59 134 67 55 214 197 214 107 219 179 73 79 204 82 111 163 91 203 87 178 65 75 133 95 208 69 136 87 77 202 81 187 130 207
164 123 188 98 137 204 179 172 70 71 64 113 202 106 66 179 58 174 182 210 131 146 212 216 88 105 206 58 187 152 61 117 201 114 143 77 92 94 77 153 219 100 127 104 202 202 64 118 65 179 132 146 94 150 84 78 112 203 161 136 56 144 105 75 68 205 105 144 176 0 207 160 97 66 181 170 162 132 177 156 72 94 148 131 110 156 154 93 218 140 76 169 114 105 147 81 109 86 70 117 101 186 148 142 136 135 177 204 63 217
144 92 75 112 76 116 202 106 165 210 134 140 88 157 152 69 203 208 194 68 160 104 211 170 180 58 203 202 121 217 143 175 127 189 215 144 193 186 176 211 162 219 85 146 60 172 116 101 217 104 102 69 80 88 126 122 113 94 83 119 107 77 118 75 181 168 215 104 129 135 0 112 193 184 175 155 82 129 162 184 152 177 202 182 183 92 95 183 109 201 56 89 78 80 85 117 101 97 114 151 144 194 87 73 86 149 205 102 114 190
188 123 90 99 169 207 64 93 141 96 195 95 161 102 91 80 179 118 87 161 189 204 98 204 195 216 83 177 97 114 85 196 184 71 157 191 65 66 188 105 204 134 106 71 142 112 121 124 182 193 159 100 216 157 61 162 152 116 97 161 199 77 108 168 184 152 175 69 198 162 181 0 55 208 214 191 143 210 186 177 105 70 167 70 90 202 80 63 111 167 139 166 192 100 141 93 132 197 196 98 159 86 190 145 81 200 61 122 121 146
150 130 109 109 89 80 186 153 80 201 197 216 161 82 90 156 90 172 127 203 165 146 144 127 160 74 119 63 181 148 128 108 137 70 68 136 61 160 208 153 112 218 200 121 62 117 125 94 74 150 154 220 213 148 185 113 185 194 159 59 195 147 69 166 108 209 163 95 61 139 135 145 0 142 57 76 102 116 136 176 220 95 194 136 142 58 191 90 169 92 206 89 91 110 178 180 172 87 76 184 70 199 136 147 95 86 91 215 154 187
80 217 187 66 78 117 82 104 208 131 79 61 110 121 195 112 107 164 104 59 116 77 182 99 114 196 69 206 152 137 127 97 131 184 157 119 121 87 126 188 195 68 134 69 108 123 145 121 75 203 73 195 206 84 185 167 85 75 178 146 156 139 181 57 82 214 216 84 185 189 219 137 161 0 151 213 100 200 117 64 202 204 155 141 102 134 104 72 100 79 163 181 186 191 208 79 201 183 106 148 162 196 133 208 158 170 56 109 59 143
136 212 119 64 88 73 56 161 109 81 145 111 205 208 217 70 116 197 146 207 186 76 69 187 118 206 153 153 96 80 76 112 153 202 71 77 188 135 115 155 211 118 145 169 195 126 205 163 213 165 152 105 208 186 144 215 64 119 133 167 85 103 82 154 176 65 69 201 147 84 121 106 186 195 0 92 88 201 124 194 97 199 84 78 158 144 210 113 136 104 165 173 119 150 190 148 69 204 58 187 198 58 164 95 110 83 103 71 208 120
145 122 81 174 107 64 116 154 63 88 92 162 127 189 130 155 143 215 192 89 65 70 94 105 151 93 172 114 174 146 197 140 85 163 183 212 99 118 65 103 95 211 149 98 172 67 213 61 103 61 59 183 119 168 181 180 179 149 174 92 162 68 157 147 154 170 128 95 215 133 182 153 181 165 142 0 137 101 82 92 189 122 85 108 180 80 75 116 79 130 188 70 74 144 167 208 101 152 162 219 139 127 207 175 67 215 92 68 79 78
191 67 184 207 101 82 138 143 108 75 123 159 101 81 196 188 118 177 131 209 196 128 149 120 57 145 123 173 160 162 149 177 181 153 194 133 200 152 96 154 154 172 93 200 182 173 142 208 211 190 117 214 191 100 194 206 165 70 175 116 214 113 95 125 148 76 200 120 168 171 207 104 209 123 203 63 0 152 168 114 142 134 91 112 126 192 202 144 184 143 68 100 84 63 126 171 190 124 66 179 67 183 163 114 151 127 135 152 96 154
88 123 122 106 118 89 217 84 171 111 102 121 93 85 98 179 80 185 160 104 145 67 192 161 187 141 204 201 207 118 161 220 176 92 90 205 130 173 177 175 129 139 67 119 149 187 167 110 215 158 214 79 161 186 89 206 56 122 154 88 210 71 67 157 186 218 103 144 157 121 208 93 87 59 157 139 119 0 69 166 79 109 191 123 174 75 204 60 200 62 56 104 165 166 92 149 186 117 72 78 78 102 116 105 102 189 220 89 120 101
61 56 96 219 220 217 99 178 101 149 179 198 68 113 179 112 162 115 76 84 81 123 160 66 65 207 102 140 128 163 86 144 75 159 196 68 74 192 135 108 210 88 85 210 123 155 86 75 103 109 114 124 103 209 133 63 192 59 114 67 92 215 219 121 66 210 203 111 171 177 219 81 134 144 115 130 170 137 0 143 189 196 83 126 219 111 91 129 152 138 128 118 101 146 83 137 186 185 63 193 173 132 64 155 187 105 109 198 215 72
104 185 137 161 174 164 101 111 196 105 180 110 210 218 158 156 106 140 195 115 68 145 178 190 215 189 107 64 163 109 165 212 96 198 185 182 164 188 206 70 80 194 187 89 60 211 200 192 90 88 157 200 187 210 70 146 90 166 161 135 193 183 80 68 180 165 179 215 137 202 102 208 95 212 57 151 69 115 55 0 173 70 102 60 107 216 146 126 186 58 175 160 202 156 114 181 122 97 117 129 205 197 213 70 198 105 63 120 126 200
163 156 78 144 219 109 179 165 79 173 121 150 191 187 80 179 141 118 110 202 174 133 188 65 80 191 153 132 135 79 86 111 128 86 108 191 190 106 140 134 186 162 206 172 140 193 184 102 184 144 150 82 152 81 119 217 131 116 129 191 72 60 207 129 200 56 133 74 132 65 123 174 59 187 177 166 182 158 97 112 0 72 96 83 204 160 210 217 140 110 98 97 94 189 178 122 197 171 202 157 142 181 149 140 126 213 161 214 140 84
169 208 105 154 131 141 110 119 188 61 197 164 217 126 87 186 125 120 97 90 168 198 179 55 143 169 105 119 185 156 81 145 123 82 158 181 84 215 179 186 102 73 74 188 69 158 70 115 100 105 55 211 96 205 117 155 71 218 164 92 213 69 111 194 64 148 114 211 173 166 68 118 77 214 110 118 63 67 116 182 130 0 64 220 163 150 89 89 214 76 139 111 199 65 103 77 75 189 207 88 192 145 210 169 208 101 137 178 62 131
162 74 126 190 204 151 214 194 90 212 131 74 136 142 138 216 75 168 110 148 88 131 133 107 200 98 137 74 113 205 65 64 201 108 129 99 75 170 134 59 107 64 216 209 68 135 195 98 216 162 131 161 212 212 152 168 145 201 76 86 73 101 93 213 153 113 133 123 212 160 209 137 148 88 122 199 212 69 72 90 175 75 0 119 186 194 199 61 196 149 216 112 185 91 65 131 133 95 123 167 101 164 125 77 220 119 213 64 162 190
176 96 87 107 156 129 82 112 93 113 142 162 139 182 109 187 188 194 189 59 88 82 197 114 64 61 81 82 105 199 208 99 129 215 180 98 99 189 76 63 181 168 115 119 70 204 196 57 175 85 81 173 90 66 211 81 204 196 123 152 201 183 57 107 147 81 199 102 158 114 59 180 101 73 208 131 198 194 142 176 109 163 184 0 60 147 134 134 144 124 200 171 155 122 212 66 182 162 213 174 176 127 58 111 108 114 61 211 194 118
150 197 128 200 96 61 184 98 120 212 129 90 101 179 129 209 178 62 65 175 108 167 196 139 211 209 162 129 84 132 134 130 209 170 77 173 55 122 168 214 62 131 204 100 145 68 139 60 208 174 215 113 144 178 129 175 126 72 64 68 165 139 197 132 105 66 154 193 117 99 209 154 173 86 93 195 96 163 124 60 176 64 181 56 0 203 181 189 77 115 199 112 74 156 92 175 99 130 146 170 170 173 170 84 164 126 140 112 56 136
123 125 105 143 158 107 211 143 76 97 137 89 83 168 215 209 134 176 75 213 164 177 126 200 209 132 177 142 192 158 122 220 181 95 105 195 163 97 169 159 183 206 179 194 83 210 186 148 188 145 195 150 103 145 87 78 146 72 183 142 141 108 87 82 146 183 62 154 78 166 162 64 220 198 200 192 72 82 67 136 167 149 202 189 99 0 101 124 218 149 59 151 181 174 57 162 163 92 162 171 94 153 115 104 209 102 95 100 196 220
119 213 203 176 115 158 191 141 128 126 150 206 217 171 216 102 189 55 124 193 77 103 95 147 94 219 61 121 219 190 88 63 139 178 192 133 171 210 71 134 177 106 195 145 82 165 173 97 141 139 63 65 122 209 69 62 171 65 214 211 148 98 189 157 159 197 175 60 148 62 206 78 88 205 218 130 184 190 139 158 65 159 117 153 87 189 0 143 148 189 118 128 147 168 189 93 106 211 60 109 158 139 93 196 100 78 196 65 164 126
131 211 85 105 134 72 136 128 134 152 198 55 78 171 204 179 150 84 190 132 134 168 193 199 93 192 186 133 93 182 193 146 75 111 156 67 172 173 92 183 148 85 205 139 120 126 175 209 204 62 76 138 194 106 210 165 75 120 65 207 161 91 61 183 110 156 212 185 192 180 151 137 165 158 136 173 207 142 71 210 133 119 162 188 130 74 173 0 156 191 131 220 120 168 131 103 176 117 179 102 211 210 191 175 220 140 55 215 162 133
104 68 69 88 103 128 187 213 218 155 146 112 160 147 215 94 94 163 115 125 97 195 131 92 141 164 109 186 103 151 201 191 103 174 104 150 59 166 117 96 65 186 174 139 178 148 144 208 95 57 166 172 56 205 172 203 113 88 87 63 87 192 187 217 205 209 182 153 170 177 94 76 152 147 129 77 163 90 70 178 187 135 81 69 64 158 73 155 0 216 58 109 129 143 176 91 89 88 220 72 118 129 198 55 170 175 69 187 212 165
60 185 132 107 170 65 157 95 119 65 156 126 119 180 99 141 208 154 138 96 80 206 211 213 122 130 201 82 142 70 110 62 149 127 89 65 159 107 70 185 113 188 134 201 83 92 167 154 203 115 162 96 114 160 127 217 152 131 214 60 60 189 96 195 209 208 174 104 197 164 153 130 151 88 134 151 220 88 115 100 79 71 216 95 74 75 70 197 79 0 180 89 170 154 193 119 145 105 137 141 217 165 68 125 69 215 75 109 68 68
178 125 150 102 188 212 141 64 88 92 59 183 67 138 140 147 149 207 72 108 125 106 75 210 169 216 103 151 159 211 210 121 146 152 59 218 204 91 71 143 160 61 151 83 73 200 73 123 66 215 122 136 120 95 160 98 98 127 175 90 109 199 116 123 108 187 114 79 59 157 102 101 78 128 140 66 55 156 129 205 172 189 193 122 71 122 86 56 142 154 0 78 122 197 126 169 154 62 165 204 202 72 146 146 215 111 136 219 72 86
92 93 140 103 175 87 190 170 191 72 168 156 115 77 144 198 188 145 111 220 76 100 191 139 69 131 214 132 102 207 206 147 189 214 180 56 58 188 206 123 127 63 197 168 64 140 79 108 183 140 140 150 200 111 147 183 144 196 88 198 160 123 211 192 103 196 220 157 211 57 218 214 217 149 216 204 159 61 214 106 56 202 75 208 142 167 128 186 126 217 132 0 181 174 92 146 106 61 143 124 60 120 210 214 182 112 142 127 219 109
62 110 173 166 168 91 96 156 170 168 139 217 167 93 146 165 87 82 189 214 128 100 61 154 125 176 191 67 175 217 152 216 162 170 220 181 100 207 191 136 209 200 85 162 60 122 113 104 190 55 94 218 204 81 57 203 202 83 170 134 166 131 72 218 175 157 116 180 157 205 128 158 171 71 112 203 92 64 95 132 137 73 117 215 165 200 71 219 142 187 78 108 0 209 69 203 109 173 109 128 179 161 217 151 110 72 212 147 100 85
190 201 103 161 177 204 191 75 105 75 169 104 74 96 109 58 138 104 174 87 77 144 139 120 155 167 199 201 209 102 209 177 103 60 117 70 110 120 76 102 69 55 184 101 111 214 98 86 205 137 101 124 120 134 118 206 71 195 141 149 135 115 98 154 165 112 94 192 106 169 145 170 63 150 161 196 72 217 160 63 91 212 125 93 147 118 62 122 61 112 194 86 196 0 73 160 143 179 205 160 189 88 62 203 206 71 200 68 147 138
176 134 163 212 185 140 155 61 190 111 218 183 190 180 170 207 211 141 180 182 138 105 207 172 99 72 216 174 119 119 73 64 186 135 138 62 176 210 87 114 127 189 151 76 121 208 152 65 215 87 119 58 108 118 81 119 109 107 196 72 126 61 91 165 205 101 137 172 157 135 167 202 123 89 60 197 115 122 139 201 126 197 141 201 101 194 120 76 182 71 81 72 177 100 0 64 154 185 58 211 64 183 186 85 111 219 55 92 149 57
172 218 120 220 125 220 131 111 191 126 69 220 190 182 176 208 169 102 150 172 185 219 206 123 145 172 131 125 139 213 76 192 147 96 172 205 63 81 75 180 125 89 62 69 77 202 80 66 161 72 82 129 59 145 85 56 218 181 179 104 173 114 207 137 137 93 179 97 57 145 205 88 180 98 73 123 192 79 60 171 143 184 185 157 192 197 170 152 85 202 72 115 205 167 81 0 195 148 86 67 183 185 216 167 127 197 110 167 189 154
142 150 211 59 119 128 160 73 130 191 121 162 187 201 65 132 61 212 159 182 163 179 92 201 198 170 73 125 212 105 87 128 195 207 163 99 162 143 177 67 213 162 187 162 204 157 117 143 189 127 179 144 108 59 89 177 101 203 119 144 190 143 84 191 207 69 103 139 58 140 78 91 220 214 70 219 108 140 213 162 162 57 77 135 208 173 182 107 209 56 197 220 206 144 155 166 0 200 167 107 112 143 106 81 153 175 168 104 216 191
165 140 150 157 96 140 92 162 59 81 109 98 86 69 161 95 99 117 142 132 197 87 70 124 189 60 73 195 158 165 61 71 85 120 55 69 85 94 77 180 56 165 91 91 170 63 207 76 89 77 100 163 188 142 170 109 78 144 208 88 158 192 177 126 82 105 197 117 187 122 144 115 125 149 104 193 86 170 132 188 114 95 210 196 200 121 110 140 104 140 61 197 118 220 97 101 156 0 95 64 202 124 68 191 204 126 109 57 145 144
117 125 81 194 89 96 61 68 88 138 213 69 118 140 181 83 65 205 123 114 139 151 119 119 70 60 95 176 106 124 173 99 98 166 183 177 173 116 77 207 65 196 93 188 176 83 111 134 87 182 76 167 71 124 72 96 61 171 92 60 174 153 205 149 154 142 84 148 66 95 126 92 95 207 116 100 117 86 59 213 55 107 212 149 178 138 210 168 177 85 103 142 159 185 85 184 105 155 0 71 197 211 123 135 58 108 109 95 146 72
173 92 98 166 192 207 131 181 204 146 192 202 128 172 204 64 89 193 209 144 172 64 127 82 189 91 208 146 60 208 154 214 181 165 116 159 96 91 61 167 110 81 207 162 102 145 179 129 191 59 122 189 163 114 199 102 205 114 126 72 217 174 162 134 169 126 148 181 194 114 80 131 138 71 161 113 94 217 72 174 168 68 141 76 152 58 122 99 186 139 206 179 88 207 149 160 65 84 139 0 159 179 70 139 148 178 170 90 182 158
80 143 142 104 130 195 129 143 129 199 127 101 166 200 215 197 70 77 79 202 92 166 129 88 100 166 134 78 191 128 215 199 162 164 74 82 80 85 213 194 189 103 57 130 169 156 203 201 152 174 63 202 191 86 125 80 174 168 61 81 206 97 175 59 139 115 141 211 186 64 193 67 196 119 122 83 138 201 150 211 99 160 90 88 94 156 102 191 177 170 193 82 217 89 88 78 158 148 219 165 0 166 171 147 214 96 177 91 187 132
119 192 150 77 198 64 112 158 77 212 176 84 174 62 209 125 177 165 109 99 196 151 90 111 214 199 185 217 72 159 179 206 56 150 193 68 72 196 203 144 83 187 91 78 108 190 59 181 205 91 125 73 129 194 92 83 167 95 163 92 68 92 132 203 154 195 120 124 184 69 217 112 164 112 186 126 80 179 177 127 157 146 148 173 93 190 125 69 103 184 135 202 193 153 92 160 82 109 181 161 65 0 161 131 211 148 172 89 174 77
61 184 113 155 135 77 151 64 188 125 151 165 148 169 184 178 188 195 156 178 145 165 66 137 182 82 191 136 74 112 155 149 56 73 70 150 160 217 72 200 155 201 109 127 157 81 134 186 194 108 114 73 165 57 108 56 201 146 178 83 57 100 61 183 204 94 99 94 124 93 174 130 181 207 218 82 190 213 161 175 88 93 133 173 112 200 207 71 190 186 156 55 150 207 193 209 143 76 169 162 75 56 0 163 205 191 92 82 177 183
114 77 144 64 203 89 192 199 63 159 86 206 186 122 175 106 199 185 200 91 123 103 94 187 94 128 94 81 80 192 84 198 102 133 217 138 116 192 65 210 105 67 81 155 131 173 178 217 57 190 77 190 137 104 216 219 209 139 199 194 90 104 200 105 177 106 187 108 164 176 63 69 176 100 64 211 154 179 63 115 136 69 60 61 177 89 95 185 187 64 203 67 161 189 134 162 72 202 164 81 66 64 169 0 147 148 199 63 170 193
78 141 190 162 159 132 81 201 93 162 123 153 128 206 157 182 141 172 152 78 178 135 170 150 79 125 176 215 94 219 187 109 140 204 211 182 138 104 129 85 173 117 66 158 220 194 94 74 210 157 203 104 73 134 60 86 81 71 141 181 116 168 63 153 219 139 212 216 174 215 117 217 129 187 120 136 138 124 214 172 174 94 165 59 199 100 87 180 117 152 79 129 105 194 152 130 126 86 79 86 104 216 101 210 0 73 121 215 179 72
137 116 152 140 92 134 188 156 210 177 111 66 182 132 185 58 183 108 85 136 101 62 216 203 92 134 213 118 120 154 104 180 215 171 173 130 106 68 88 162 160 175 194 134 95 124 192 182 200 205 149 64 122 106 148 144 194 132 164 95 186 182 83 94 185 57 181 121 152 166 205 80 199 139 81 104 214 210 219 166 56 210 209 159 57 213 168 212 102 121 57 130 200 187 113 153 81 207 78 97 153 96 155 131 117 0 195 170 66 85
62 132 193 203 173 115 192 191 68 88 122 63 102 146 208 92 170 213 65 98 155 215 205 179 76 164 114 92 183 196 114 132 172 93 128 161 62 128 193 56 200 189 119 163 187 97 79 112 61 59 201 173 130 75 77 70 101 98 88 165 103 217 133 148 88 192 120 141 73 92 184 79 199 130 118 58 217 199 77 59 152 198 143 157 148 90 191 143 175 150 132 114 113 147 98 148 134 125 158 64 123 96 80 209 129 214 0 112 185 90
200 195 168 64 183 69 170 113 75 115 173 212 153 73 177 166 141 143 69 206 155 69 121 194 201 202 131 88 94 211 197 87 109 106 95 193 80 57 164 164 60 146 124 143 124 96 133 162 115 131 68 160 133 134 145 177 118 67 165 61 121 118 194 161 159 133 210 202 210 203 82 87 80 213 90 151 167 159 114 80 67 158 188 140 206 214 105 200 60 64 80 179 91 120 70 81 208 136 101 105 117 150 143 170 206 201 200 0 119 151
219 137 156 115 159 202 88 149 204 208 179 67 178 182 87 156 57 66 73 154 177 164 110 78 155 179 151 114 94 155 140 140 95 196 86 123 108 92 200 193 114 111 91 181 73 181 202 207 155 85 76 87 211 144 175 216 79 172 201 62 144 149 74 188 199 82 101 99 216 97 214 140 194 102 168 82 110 206 82 174 95 211 66 152 80 55 181 63 214 103 86 206 142 192 171 126 197 115 66 209 142 173 166 122 81 62 124 151 0 127
194 138 203 211 136 89 142 136 126 201 205 140 160 179 174 212 113 156 134 116 169 200 81 58 186 140 129 85 220 156 208 71 110 187 195 186 166 83 199 205 125 158 192 124 103 148 144 67 137 171 196 81 156 173 116 193 130 209 207 180 88 79 201 107 61 68 167 196 143 171 101 116 197 110 70 99 64 156 138 194 214 64 176 210 154 138 131 96 95 69 73 91 157 175 93 68 188 78 167 188 77 87 131 112 161 100 161 217 78 0
