120
0 20 16 9 20 12 15 19 11 11 5 14 17 8 17 12 8 18 7 6 17 9 8 9 18 20 17 16 19 19 7 13 11 17 13 16 8 11 13 18 6 6 15 8 20 14 9 12 17 9 12 12 10 14 19 12 6 19 15 12 14 6 18 5 10 13 15 16 12 19 6 12 10 20 9 8 15 15 9 19 18 17 18 19 17 6 9 8 18 5 17 13 9 11 12 19 13 9 17 19 12 7 5 13 10 12 7 19 6 18 19 15 15 14 8 17 17 9 15 16
0 999  275 385  307 445  220 403  293 727  317 442  160 226  318 632  454 824  242 571  346 377  200 370  381 712  81 292  286 519  214 603  135 321  267 541  183 246  268 482  110 164  260 377  251 342  191 369  273 652  302 705  365 745  353 519  127 319  341 435  356 599  211 407  274 373  317 407  385 636  271 451  248 671  188 624  115 555  376 432  425 623  396 441  395 591  444 491  102 157  128 475  302 682  180 517  440 805  413 835  330 590  392 808  224 613  372 713  343 531  297 540  265 382  430 684  289 486  226 489  332 624  322 690  279 593  414 529  250 339  216 598  245 356  286 644  166 220  361 583  317 484  314 461  362 450  229 490  224 254  332 730  266 599  195 406  328 616  260 318  309 440  184 610  448 809  379 545  379 732  345 449  293 542  334 517  394 520  384 628  238 664  199 337  344 570  401 637  407 544  321 620  342 498  300 538  301 384  258 686  239 594  110 350  337 368  280 364  170 354  299 731  155 211  307 744  331 693  386 563  248 617  190 426  208 446  144 208  251 440  182 340  365 624  184 350  362 460  281 425
0 61 208 165 101 222 66 156 232 194 165 190 176 65 81 191 104 182 146 127 96 200 219 116 206 148 161 116 69 212 187 83 168 144 177 165 118 89 61 219 231 202 225 236 95 109 77 143 238 187 211 240 133 182 138 185 104 229 134 127 197 142 151 195 86 184 166 222 128 139 114 208 131 118 137 132 218 115 236 157 200 155 240 150 226 194 141 236 222 199 61 157 156 231 179 175 102 92 125 60 145 83 106 114 69 131 62 223 232 232 218 138 74 95 190 165 157 171 170 152
78 0 184 119 165 233 171 72 198 191 179 136 172 127 197 203 85 129 86 226 73 61 181 233 188 109 76 204 141 240 164 165 192 81 221 65 185 151 65 80 60 138 133 149 86 240 210 108 213 173 71 191 94 178 121 223 119 104 232 147 222 77 198 130 120 72 205 103 96 177 118 132 209 221 130 117 134 93 196 123 156 174 136 148 162 176 135 171 75 204 104 192 85 109 211 238 104 159 204 171 133 116 94 89 66 185 203 66 235 217 108 228 201 72 77 225 67 240 237 198
98 129 0 213 80 121 145 121 139 86 233 119 107 190 192 129 212 161 190 215 104 222 170 117 105 172 217 186 89 109 91 137 187 208 149 140 162 147 214 114 64 205 213 199 141 117 173 182 92 157 89 81 136 108 121 237 127 183 195 144 78 147 215 80 236 230 221 73 113 188 108 145 215 75 216 165 133 162 224 65 118 94 125 121 161 143 69 192 75 133 99 150 113 108 93 233 177 207 141 193 105 231 225 171 157 194 111 124 121 162 81 188 216 238 159 79 239 151 86 62
86 123 116 0 230 227 237 173 120 238 201 193 68 110 103 119 100 73 77 61 201 229 131 68 202 177 117 155 145 186 240 218 167 210 205 90 77 209 178 155 119 126 236 237 118 186 222 67 237 205 70 143 208 128 82 168 95 103 144 127 81 140 162 160 88 131 206 171 139 84 70 150 202 210 217 178 178 124 114 221 82 206 153 122 122 127 161 199 95 72 148 164 187 184 195 114 200 195 103 171 148 207 81 76 114 117 206 139 147 99 103 146 197 137 226 134 63 126 98 99
169 100 155 136 0 151 213 81 175 113 185 229 218 165 201 140 191 82 233 96 127 159 97 198 91 183 77 67 218 177 194 111 212 91 109 185 179 180 62 175 165 136 168 179 137 123 81 232 102 183 240 82 157 85 133 124 234 235 142 79 97 84 225 154 70 165 225 83 227 109 221 226 184 200 120 112 74 216 158 149 102 193 220 229 187 226 215 71 198 114 134 171 97 127 150 81 104 139 112 188 219 237 209 154 141 147 191 90 202 60 110 117 238 129 136 75 130 87 181 126
131 194 189 208 86 0 209 165 191 125 229 91 178 240 115 220 180 82 208 127 184 99 92 175 147 94 221 115 97 124 107 207 117 166 235 160 182 76 137 138 133 190 90 208 131 234 138 133 156 135 182 135 124 180 134 92 177 206 157 238 188 194 117 144 120 142 191 124 146 148 140 78 118 65 128 225 107 200 216 161 183 73 110 215 150 104 191 209 127 218 89 105 160 169 156 216 73 121 77 92 236 229 183 61 114 113 225 74 132 133 159 68 140 94 129 179 130 154 115 183
72 226 216 112 110 198 0 120 162 181 91 186 208 212 174 64 115 115 122 70 99 68 197 230 148 184 174 215 82 154 78 73 196 96 94 152 135 205 114 150 169 128 234 193 142 109 187 68 206 209 217 166 222 224 156 109 78 64 112 166 147 213 240 207 223 68 69 137 158 104 238 62 192 227 214 118 77 109 180 164 189 119 80 189 176 117 213 177 216 144 146 90 180 158 98 166 67 167 214 88 193 118 235 219 180 133 125 107 153 84 129 194 105 190 228 197 122 177 60 203
180 136 153 98 118 219 120 0 111 230 169 79 90 73 67 103 118 230 154 170 118 103 196 222 236 156 206 189 174 132 191 139 90 107 237 120 89 197 81 99 155 127 62 96 108 69 201 62 210 76 226 233 131 63 67 166 84 139 233 83 233 92 240 234 235 99 216 189 191 124 174 71 167 184 103 94 213 104 154 167 68 77 77 71 112 184 117 79 88 112 80 232 64 187 230 182 70 64 199 226 157 220 238 149 225 192 206 100 199 196 123 178 231 113 236 149 162 114 73 151
85 137 217 239 130 219 233 150 0 176 71 128 234 195 98 118 104 219 104 85 240 94 143 132 185 228 221 180 209 68 119 163 160 203 83 175 96 90 86 90 85 124 236 205 119 78 164 60 69 101 62 151 208 81 148 134 90 151 191 67 130 74 117 174 180 205 121 101 106 163 191 111 121 173 210 187 62 104 213 113 175 70 155 179 141 217 185 173 89 192 185 71 94 204 133 112 204 220 74 155 227 186 90 174 213 114 170 198 152 219 169 101 171 71 128 141 185 99 166 203
94 72 78 65 72 68 179 235 92 0 60 212 223 67 191 167 137 96 92 147 140 103 208 140 150 173 227 103 68 83 82 231 233 91 236 232 236 98 196 117 97 62 159 202 81 147 74 239 158 213 226 60 136 93 153 181 129 185 214 70 159 199 157 176 179 125 181 84 211 210 86 114 145 113 180 80 165 72 87 169 231 108 108 209 161 131 185 102 102 71 207 96 190 203 175 215 126 168 118 190 106 131 165 107 226 94 208 224 186 100 226 220 212 159 109 228 66 107 156 184
167 214 73 165 165 187 219 90 137 232 0 138 209 62 227 207 220 124 125 108 181 213 128 156 64 197 239 154 197 156 199 219 157 159 165 184 220 201 168 158 168 203 138 159 209 162 144 196 136 128 135 137 95 72 96 219 210 179 115 103 107 182 75 220 120 125 186 130 93 80 184 63 135 63 158 239 119 220 160 120 206 136 86 183 237 65 122 233 141 221 87 112 110 231 147 103 118 101 187 176 131 143 151 236 76 99 83 231 174 76 122 226 73 216 145 155 82 222 192 138
70 158 220 161 140 204 123 187 203 142 66 0 113 175 198 76 130 141 217 188 86 238 95 212 109 226 185 206 149 170 97 216 132 163 111 95 225 188 174 138 127 83 152 99 138 76 103 199 112 122 134 93 61 152 116 228 157 89 109 99 127 182 209 205 121 139 129 97 156 207 88 160 228 227 210 126 142 77 235 109 69 200 126 178 233 180 61 127 92 84 234 166 177 191 113 149 85 179 79 184 68 133 227 188 237 200 207 194 145 198 66 194 81 124 161 146 231 79 183 132
62 62 194 144 80 116 193 197 231 98 157 163 0 189 76 210 81 62 111 164 129 203 144 144 133 213 135 98 229 67 122 173 222 169 202 141 108 216 239 107 82 187 168 68 131 154 86 158 139 147 79 148 239 76 62 107 176 163 167 208 170 238 110 185 147 110 154 83 206 205 224 169 240 116 235 168 238 173 225 205 109 74 110 192 139 102 107 212 152 139 165 230 112 158 208 196 138 236 112 109 169 186 178 105 133 145 79 79 140 225 210 67 61 87 165 220 203 107 133 128
92 160 71 125 189 163 117 184 214 82 156 209 190 0 108 124 131 231 124 223 134 202 133 71 107 230 146 127 189 231 199 214 83 130 108 84 109 164 173 206 79 62 149 225 61 92 104 103 118 129 145 179 88 103 136 85 180 221 75 154 228 133 237 165 153 132 155 93 87 179 238 122 117 82 120 187 215 63 142 220 206 127 122 174 90 85 170 104 166 108 124 70 129 154 111 125 117 209 178 108 129 154 233 224 236 204 233 141 164 118 121 240 134 126 190 65 237 179 178 178
226 110 87 131 234 161 189 96 163 216 126 66 118 79 0 103 210 61 156 216 128 100 177 206 77 68 165 155 202 236 178 239 141 137 193 169 152 139 109 167 114 192 219 135 136 170 105 237 183 117 240 148 95 220 117 221 126 189 92 240 181 64 208 199 219 175 73 108 113 167 109 153 132 85 64 203 188 96 178 76 76 152 137 226 79 108 137 218 98 172 225 68 225 104 189 166 237 139 152 103 75 148 143 85 105 169 223 121 119 140 238 141 182 114 187 158 96 214 154 222
238 165 183 234 219 169 218 116 114 122 174 210 87 134 98 0 124 207 200 229 147 158 141 224 203 103 201 154 66 219 128 150 68 94 172 180 67 153 168 214 132 99 91 70 213 219 112 200 64 202 118 132 119 97 121 110 94 178 70 210 71 189 165 196 98 234 163 217 139 182 213 135 133 146 78 141 60 70 110 207 74 130 89 140 177 234 83 155 121 141 198 99 65 167 84 208 85 223 232 168 200 96 237 72 141 187 100 214 210 190 65 147 169 135 205 170 136 221 198 96
138 163 222 147 97 119 215 159 86 162 199 122 81 101 77 105 0 181 230 89 133 179 207 81 125 155 88 208 73 230 163 212 165 154 212 136 128 137 214 162 235 75 175 140 98 79 201 186 207 177 75 180 185 174 85 239 67 95 113 223 74 239 211 154 88 218 67 80 158 96 104 166 75 231 202 82 109 151 220 181 130 80 101 183 124 62 225 232 160 74 130 129 229 236 143 78 179 221 74 229 81 200 184 211 218 232 211 168 226 222 169 206 173 161 68 196 75 162 165 104
189 170 107 224 160 197 162 186 99 169 203 176 171 186 184 137 164 0 222 200 69 137 207 197 169 216 195 140 94 67 76 66 196 107 205 179 187 122 173 152 99 137 206 128 143 106 233 82 207 124 131 177 233 127 228 238 155 64 92 220 206 149 75 213 179 108 97 79 156 214 137 218 62 132 175 111 220 117 76 233 66 165 169 110 73 122 214 84 123 141 206 99 130 217 147 214 177 90 232 203 84 155 188 177 179 214 92 203 77 71 181 126 218 218 178 176 131 209 61 146
82 124 202 222 79 61 103 153 113 238 149 122 204 134 141 186 213 97 0 113 77 139 129 94 154 225 169 86 97 187 137 137 88 155 134 156 147 194 170 150 143 181 223 91 159 107 230 142 160 213 237 175 61 60 162 122 176 229 71 73 215 88 220 217 110 95 97 210 184 208 228 196 223 104 178 164 133 191 120 221 90 111 178 150 90 166 160 208 186 182 127 233 83 130 90 168 117 163 211 80 177 81 194 122 70 67 227 125 69 94 71 136 107 155 99 117 188 75 228 149
191 165 237 60 137 125 73 97 131 67 90 239 84 125 183 231 97 64 136 0 178 119 202 85 88 204 89 232 136 167 126 173 153 207 103 230 114 167 126 130 205 168 142 95 188 151 75 157 72 195 100 156 205 132 81 204 213 212 199 96 151 233 188 72 133 193 83 61 129 79 127 66 163 169 159 149 210 138 61 119 68 145 217 67 64 208 217 144 156 159 162 218 110 177 171 208 68 200 237 85 139 101 171 227 195 90 130 181 184 170 102 216 65 133 171 166 83 64 175 148
128 113 146 205 185 197 87 105 196 138 109 159 205 135 193 201 126 199 158 190 0 227 132 154 125 223 227 149 237 136 132 103 191 212 122 174 206 164 213 161 69 99 190 166 142 185 142 218 219 161 85 84 224 215 101 116 94 88 97 95 88 180 132 124 214 67 159 159 201 174 152 229 188 161 166 226 60 209 80 103 72 107 126 148 98 202 117 132 172 148 126 190 213 78 121 158 144 234 124 226 184 105 156 210 122 63 82 84 121 136 122 143 149 75 231 234 86 128 96 165
157 142 210 152 227 171 192 220 127 162 167 161 137 238 218 175 212 102 222 223 106 0 110 230 136 165 119 128 104 146 89 90 206 63 84 101 140 126 156 227 104 222 108 142 192 83 148 191 178 171 119 145 160 214 160 168 84 81 123 169 220 108 140 206 210 153 85 160 145 240 141 157 189 83 118 123 141 194 111 152 194 130 117 142 208 61 217 82 97 215 188 214 166 153 67 214 60 218 150 187 158 186 63 211 121 94 234 201 77 128 142 157 135 69 175 119 235 75 199 74
95 218 163 238 240 180 234 153 88 125 155 188 197 218 176 179 237 194 226 209 100 95 0 208 64 118 103 67 92 181 132 221 123 98 232 236 66 187 176 132 118 193 67 195 96 231 219 191 96 127 236 176 69 130 97 231 195 202 197 240 186 151 140 146 114 220 101 195 85 88 213 145 60 78 161 82 90 135 66 237 111 98 225 60 150 60 88 121 204 91 225 138 103 83 85 97 157 97 215 125 147 186 64 146 221 106 143 108 227 112 147 92 61 213 156 98 72 88 60 233
80 219 170 144 235 184 80 205 232 173 67 205 161 163 172 76 101 211 87 142 94 188 150 0 93 123 113 111 170 167 165 151 102 192 114 219 150 147 122 78 235 200 110 185 196 217 92 120 60 238 182 233 140 218 106 193 120 63 130 187 168 113 169 83 193 232 109 67 227 205 167 154 234 115 129 219 89 133 123 89 109 125 97 102 135 219 237 135 200 141 169 208 162 154 216 200 94 215 161 140 91 69 77 140 162 214 77 230 142 100 194 93 152 103 193 144 160 229 85 190
161 171 71 136 155 85 184 71 155 71 100 124 92 73 142 239 179 67 102 186 135 131 136 233 0 106 75 122 164 76 115 79 110 188 73 187 151 192 237 148 165 133 218 163 161 185 80 239 228 224 89 137 65 89 167 228 226 87 159 130 85 225 131 232 204 63 63 180 167 103 238 237 172 160 125 199 101 75 227 220 232 95 106 82 127 67 178 148 203 118 214 132 111 171 128 236 114 219 206 78 219 206 105 236 90 161 137 215 192 188 68 99 215 104 167 80 212 142 62 213
166 106 192 135 184 106 221 64 105 147 231 159 199 199 62 212 96 112 102 64 213 110 215 214 236 0 82 232 205 129 184 170 136 132 104 129 175 127 128 169 136 127 209 220 72 185 112 107 124 192 224 197 61 129 71 233 230 161 205 142 154 150 180 60 218 64 74 146 109 238 213 133 218 181 198 64 154 238 234 103 210 112 119 231 173 181 118 240 63 79 211 112 66 107 115 166 158 239 171 201 204 196 113 61 185 106 122 149 165 93 234 163 66 209 141 71 140 231 95 185
122 216 225 167 73 198 189 127 130 185 204 148 63 197 129 63 64 164 130 128 209 195 176 235 142 187 0 127 96 123 213 223 144 127 194 122 220 152 106 148 169 78 112 122 90 81 175 181 73 217 108 142 153 146 138 94 176 84 210 154 126 73 215 213 186 193 188 104 189 135 80 111 178 204 165 199 71 226 76 72 225 196 64 157 190 110 211 179 94 137 122 224 227 142 144 145 211 111 221 172 228 209 194 191 118 113 204 181 197 128 153 106 80 118 187 122 71 86 210 99
206 80 188 115 127 114 90 89 64 202 176 147 236 195 99 200 131 216 104 184 169 121 93 86 77 75 75 0 118 130 176 161 164 198 237 202 67 96 169 172 93 236 177 206 159 168 118 157 220 81 227 222 220 228 63 219 220 128 196 188 180 154 90 71 175 145 165 152 161 220 85 153 143 204 197 181 65 77 232 96 134 131 142 100 208 180 200 91 71 60 203 102 167 125 110 147 179 64 137 168 157 179 225 100 99 87 77 159 167 114 68 85 62 144 123 188 131 205 88 132
149 162 79 143 137 179 82 171 223 76 74 102 220 63 204 144 97 92 89 112 160 234 172 198 98 198 159 149 0 106 170 150 194 196 137 178 143 188 163 216 116 218 86 82 65 62 81 117 126 98 216 237 183 153 156 144 234 113 62 143 119 201 234 85 129 164 199 223 199 235 85 182 120 113 214 120 111 185 215 110 88 141 89 230 214 180 102 95 62 86 104 165 209 199 189 64 110 127 126 71 222 67 235 80 212 109 105 116 204 202 85 123 124 143 171 125 112 70 162 127
235 129 216 198 225 185 141 207 238 84 91 63 131 151 94 213 204 125 161 202 126 132 69 198 130 185 231 131 130 0 125 226 148 106 65 71 201 141 108 152 172 235 114 112 87 162 82 198 107 142 60 135 64 102 144 65 134 134 180 133 149 77 61 136 152 79 145 141 233 60 171 152 197 114 165 211 134 166 235 192 156 207 186 76 149 184 135 89 99 60 204 202 185 199 209 154 135 76 118 154 146 185 151 178 87 152 100 148 222 236 206 152 73 153 93 142 237 236 153 91
202 183 129 232 100 158 238 142 123 63 150 170 181 161 88 159 138 217 226 222 65 215 174 136 220 170 60 95 189 81 0 103 120 64 90 156 126 212 80 196 135 202 186 140 210 203 234 143 179 169 83 206 151 114 76 145 192 218 184 200 73 115 194 211 64 166 107 83 218 88 170 207 171 199 192 163 90 134 65 188 201 153 199 60 178 130 146 120 77 89 222 105 71 161 240 116 208 111 106 113 140 174 117 147 193 154 236 190 137 65 208 192 222 128 123 237 161 212 184 138
120 163 143 222 209 90 96 91 191 177 104 213 239 161 226 210 181 121 220 63 170 93 114 174 203 97 163 67 159 185 90 0 94 205 117 142 200 124 61 109 91 105 223 105 96 97 202 180 71 217 207 221 168 207 208 147 145 208 61 132 137 197 95 64 93 146 204 218 144 126 107 92 63 126 170 88 202 201 119 192 81 163 121 97 221 114 97 170 97 200 112 134 102 108 211 228 212 83 62 95 126 64 220 211 107 131 91 229 91 179 81 214 113 125 103 74 193 137 190 61
86 204 111 141 174 116 224 238 193 235 193 235 183 238 74 141 69 102 168 239 184 225 185 236 175 196 150 136 222 211 145 112 0 143 146 101 180 127 188 158 193 142 81 95 191 206 159 201 126 169 89 236 136 189 88 170 131 134 169 183 195 145 172 132 96 78 176 195 234 136 99 186 199 73 105 152 94 177 147 166 173 116 120 199 126 70 124 180 168 193 85 84 239 122 190 66 195 212 88 202 97 128 145 218 137 183 175 77 205 98 118 88 183 93 145 177 224 175 81 102
123 216 124 207 138 222 183 169 162 62 174 125 212 75 151 72 156 103 146 165 109 94 153 191 123 62 134 172 134 148 194 218 109 0 234 172 186 81 82 225 192 185 217 203 115 118 92 96 168 92 154 106 67 130 170 77 160 163 87 186 71 172 234 91 158 224 92 181 179 191 236 194 194 155 109 217 118 156 182 89 100 123 68 188 186 175 84 61 231 193 229 179 233 131 122 93 226 155 209 116 74 232 159 206 123 84 237 236 60 231 150 84 177 190 99 113 137 108 154 148
130 106 85 238 209 163 152 237 128 135 238 207 170 116 234 105 233 125 141 61 210 222 150 151 112 116 207 121 185 175 172 142 186 73 0 207 133 190 168 220 60 138 128 109 151 149 135 144 74 140 98 85 68 98 229 131 130 140 202 176 92 233 106 153 212 189 232 79 106 240 182 67 88 131 158 185 90 163 154 85 148 226 230 129 78 199 190 84 111 80 163 94 83 201 200 237 161 139 179 230 138 177 152 91 147 164 195 173 199 217 236 157 123 160 168 149 191 70 239 93
62 132 118 215 235 219 117 206 64 80 192 109 188 175 115 216 77 91 195 91 84 87 219 110 166 173 237 91 204 141 191 217 83 79 207 0 84 138 159 153 174 147 192 139 210 141 221 206 167 146 75 207 188 114 169 201 183 133 127 163 74 157 190 113 81 210 113 82 107 133 69 181 138 224 220 61 134 74 203 86 176 157 156 162 190 114 238 128 80 164 198 224 131 159 119 165 72 220 141 180 211 208 197 181 89 230 98 134 207 137 130 94 63 93 143 235 213 203 187 97
170 110 153 72 162 200 236 147 181 145 66 170 92 165 135 143 82 135 96 210 162 72 218 89 128 207 170 238 120 131 209 132 219 70 208 189 0 66 108 99 68 85 226 105 128 172 220 190 227 218 113 204 200 157 154 170 147 81 177 146 230 166 115 111 116 155 227 147 177 113 85 73 135 176 233 101 119 169 66 144 84 196 211 115 148 137 138 64 225 173 211 230 122 182 61 98 200 123 213 210 142 71 148 239 188 158 168 227 134 201 216 146 223 230 117 239 222 89 134 108
172 214 177 188 173 189 159 106 181 214 208 122 235 129 194 231 134 106 198 84 230 139 169 75 172 220 129 140 194 143 95 71 143 173 162 117 194 0 162 235 96 105 150 217 179 106 216 215 156 166 179 189 111 109 230 157 106 198 61 164 91 231 122 178 146 180 102 119 79 100 82 229 115 188 196 157 240 217 126 165 71 236 62 151 140 147 89 130 232 127 168 165 225 218 99 71 95 156 140 151 229 155 98 145 69 224 197 76 217 126 209 78 97 201 88 101 71 185 106 138
87 233 151 235 102 225 232 91 168 187 167 160 228 195 239 214 66 217 232 231 191 219 153 214 121 159 122 233 80 238 161 219 130 84 232 240 224 159 0 187 60 231 77 230 119 98 122 110 232 208 70 61 110 240 102 212 126 153 75 229 162 90 115 164 74 74 174 206 128 193 197 103 152 204 151 78 105 206 105 182 135 131 118 185 217 112 85 222 166 135 69 201 95 170 82 228 170 117 187 142 176 127 133 198 184 61 95 75 114 167 236 121 174 173 92 157 118 222 74 151
97 202 123 94 80 122 234 106 76 158 113 117 80 69 206 205 103 105 189 171 148 80 116 107 121 209 133 149 96 168 200 240 92 104 126 118 191 151 173 0 232 222 195 155 69 177 173 107 87 147 119 181 82 234 78 237 237 227 215 230 76 200 180 205 171 151 176 70 218 130 81 206 216 224 149 65 77 112 239 113 153 237 175 225 142 124 193 129 210 73 233 218 119 162 159 99 212 85 223 209 146 240 111 170 75 227 172 179 180 77 176 233 209 109 73 150 227 85 140 71
101 239 106 74 67 214 185 93 154 141 139 137 163 146 143 206 132 218 190 170 198 222 195 130 187 179 187 123 204 148 84 71 103 197 211 90 65 63 116 208 0 225 82 131 109 165 66 167 129 136 160 148 122 206 81 240 221 231 168 214 60 128 239 123 103 225 144 180 67 107 155 102 94 144 201 98 210 73 66 166 213 172 210 201 165 167 230 73 81 238 151 156 149 140 211 232 146 64 72 138 240 95 207 239 92 113 200 186 216 217 200 110 225 142 171 240 104 230 173 102
93 210 102 94 120 197 236 64 191 164 111 96 199 159 123 141 163 144 73 80 119 136 81 93 76 213 99 148 82 156 186 233 142 82 152 112 71 161 89 94 105 0 191 139 195 99 172 139 87 100 86 171 158 154 168 121 106 136 70 120 72 174 236 142 165 239 179 145 217 209 216 126 231 126 85 126 119 116 203 61 76 202 160 101 141 233 155 73 128 115 111 220 86 173 161 140 156 199 86 207 111 102 216 146 235 165 200 195 152 102 166 127 210 100 98 189 209 188 95 217
188 61 208 221 141 232 236 95 109 60 169 221 154 132 124 80 121 110 221 194 191 123 203 200 132 61 63 210 216 173 96 87 220 125 123 107 229 238 87 136 172 78 0 184 222 215 182 79 98 212 209 222 82 234 235 138 173 160 227 204 168 111 204 149 191 108 179 239 194 85 194 231 157 145 206 146 161 231 183 228 216 69 101 125 196 126 220 213 89 229 94 100 164 89 93 83 141 176 171 119 81 237 224 88 215 135 178 177 61 155 100 97 68 133 137 156 131 183 235 146
176 134 172 71 110 102 130 203 201 234 142 222 125 116 171 202 119 202 208 92 230 110 133 199 82 109 114 199 157 112 110 213 68 239 160 65 173 149 142 81 168 153 180 0 91 194 125 171 220 238 67 224 171 77 92 102 154 186 149 218 118 89 118 70 189 236 116 152 232 205 230 94 238 116 211 84 221 134 237 79 78 67 172 205 168 79 190 171 192 237 189 220 148 129 182 200 184 206 205 221 85 102 124 120 172 201 180 60 231 154 217 120 213 195 161 166 216 231 234 70
153 214 198 136 224 94 108 190 237 202 177 95 76 60 100 94 105 140 197 210 231 228 231 130 147 102 143 141 197 106 64 88 178 79 109 234 209 200 125 163 89 145 158 104 0 136 170 209 235 127 229 77 98 239 118 182 154 172 113 70 91 189 177 216 198 168 221 176 168 171 203 91 229 215 97 80 150 95 63 134 77 224 105 127 238 183 86 211 166 196 173 117 139 102 121 222 225 204 205 128 230 186 227 144 125 75 215 64 89 135 209 113 180 76 219 148 71 210 226 142
233 74 96 152 142 240 102 131 112 64 186 204 91 154 190 140 236 76 180 229 194 205 98 76 218 234 138 129 127 207 61 173 226 93 72 120 92 169 99 94 188 221 131 213 78 0 224 226 115 105 232 121 213 187 133 90 145 181 80 141 100 123 147 201 115 211 189 182 203 154 73 93 174 125 216 114 233 70 197 237 193 95 155 162 93 201 162 203 119 123 235 191 202 192 166 164 145 137 238 148 132 130 67 150 130 104 89 60 239 159 217 70 139 83 137 142 170 85 175 226
162 145 133 159 127 135 171 109 183 108 183 239 119 105 197 113 161 186 175 122 221 234 158 186 115 206 175 81 217 148 178 150 80 212 196 69 216 216 208 96 128 173 165 234 123 200 0 125 163 173 67 87 96 122 161 90 177 238 185 82 131 111 126 234 147 166 149 117 124 60 211 209 228 226 76 116 77 123 190 237 220 208 131 63 236 238 157 141 215 116 191 170 143 80 103 94 204 160 154 197 61 183 144 222 229 152 198 141 195 122 60 84 124 137 123 129 192 191 115 234
158 154 206 94 240 211 238 89 94 222 227 162 121 78 182 152 168 192 222 98 88 67 84 119 113 183 143 133 120 212 168 95 232 81 181 222 149 63 93 165 139 92 102 81 73 80 69 0 90 85 166 150 172 125 177 144 146 150 238 138 236 143 227 124 232 88 237 230 190 157 86 91 214 168 119 173 67 236 194 134 73 72 140 217 211 173 90 109 235 231 161 211 68 80 123 216 65 171 117 142 154 176 185 128 122 200 118 212 122 86 78 139 174 129 128 225 81 106 232 136
162 74 125 156 143 201 65 106 233 136 122 228 230 125 210 206 124 181 104 140 184 193 81 191 191 66 199 68 98 65 69 163 192 100 147 107 203 89 150 235 89 190 158 85 94 81 182 101 0 193 153 211 69 90 158 65 152 195 69 144 202 83 230 109 94 84 175 186 117 143 133 178 130 182 169 237 143 177 134 112 93 197 108 204 162 68 75 200 100 135 145 113 234 143 196 191 154 132 131 72 85 191 148 81 96 135 227 208 166 232 80 171 83 165 216 66 194 236 113 62
72 160 101 92 201 185 234 60 229 133 171 136 189 133 213 85 90 105 175 122 153 91 221 192 62 69 110 215 174 227 128 138 96 97 75 155 73 145 75 90 236 69 238 94 224 168 74 185 227 0 237 148 76 229 222 163 201 197 228 220 193 89 142 224 81 179 197 159 135 167 113 68 230 221 190 127 237 109 150 202 159 110 210 140 167 219 111 139 237 161 87 217 149 210 106 168 240 186 83 153 64 208 220 230 165 124 115 234 162 197 146 76 60 119 108 128 113 196 184 91
149 201 183 135 204 228 203 104 132 234 210 201 173 60 218 167 209 111 228 151 108 136 218 223 176 120 164 223 69 86 201 154 64 160 67 196 81 237 160 97 120 173 98 91 130 216 93 233 162 149 0 175 90 237 211 123 215 163 153 60 142 81 145 238 186 236 63 76 149 224 182 203 157 195 186 232 192 116 98 188 118 79 227 176 184 93 201 90 223 100 105 149 134 89 137 111 192 121 141 109 203 142 89 172 212 64 210 126 146 221 76 169 179 72 140 172 115 90 128 218
230 126 94 155 83 177 187 112 132 164 78 238 186 128 199 162 204 132 170 108 158 147 65 165 63 137 177 191 144 229 133 186 219 126 180 96 134 184 97 146 148 79 206 126 161 125 186 238 115 100 167 0 205 167 232 131 134 239 169 114 229 129 77 116 181 209 104 95 76 229 87 205 99 231 223 216 184 189 211 176 83 152 232 89 76 106 235 135 93 138 117 77 104 240 161 107 172 112 101 111 103 137 92 89 93 233 168 69 87 84 93 120 88 148 205 98 73 121 190 77
155 219 171 177 117 156 82 231 154 172 152 144 103 80 181 85 111 88 156 186 237 134 173 237 204 204 79 194 119 170 102 112 148 118 83 136 174 65 78 91 130 189 112 211 231 186 86 93 105 189 126 162 0 177 152 129 228 145 212 195 166 165 168 147 60 141 207 177 175 205 228 238 184 123 213 60 193 226 174 207 131 86 107 85 154 226 177 121 191 135 230 222 237 222 204 197 176 205 159 215 62 120 202 192 61 152 171 80 202 110 226 107 148 162 125 66 110 155 118 208
153 136 203 105 72 123 118 203 192 131 132 107 212 238 68 78 201 173 232 112 120 139 85 138 71 206 192 240 161 167 211 184 207 131 217 121 83 206 237 186 229 212 212 87 220 190 191 108 157 137 72 137 137 0 132 140 172 231 214 111 92 199 188 124 202 147 173 101 229 153 71 106 154 234 80 65 129 111 84 181 60 77 217 209 181 233 162 139 163 63 100 67 235 117 236 134 222 213 233 156 233 153 185 145 228 140 217 183 222 172 218 150 106 129 161 166 172 117 208 170
179 139 160 108 136 70 104 174 154 213 115 179 72 175 85 220 71 183 118 202 203 94 225 239 90 128 190 220 120 190 185 130 204 69 178 96 111 108 85 169 165 110 177 157 104 187 216 240 216 130 167 178 75 151 0 166 170 223 167 115 225 234 62 95 217 161 152 205 114 91 65 158 86 148 96 239 97 230 85 95 193 181 140 118 82 167 77 147 112 72 188 225 165 126 126 105 144 92 143 202 175 200 72 154 225 124 214 112 182 207 86 73 198 93 181 72 141 145 230 142
227 151 78 216 146 83 167 209 166 68 87 161 138 109 122 108 211 162 163 222 205 83 142 78 206 167 98 202 170 65 87 117 89 95 176 198 108 155 126 89 107 221 186 73 224 107 177 175 67 89 167 218 77 181 101 0 105 216 63 125 229 80 117 162 99 175 181 194 76 197 132 133 237 159 128 191 78 81 202 126 118 185 110 113 144 204 197 217 114 151 95 190 171 192 84 223 102 197 200 180 66 62 138 221 133 117 84 208 153 229 118 188 111 220 209 132 205 199 208 118
71 215 183 83 117 234 235 106 158 227 157 71 104 118 206 101 130 60 151 85 133 166 89 195 73 146 175 62 202 193 155 192 94 84 230 63 159 138 120 230 139 155 153 93 77 156 102 68 240 121 185 184 109 127 155 140 0 165 138 176 161 87 97 124 88 207 186 177 156 147 192 211 92 103 158 228 131 239 112 73 201 154 146 100 223 229 237 146 176 116 107 233 181 97 135 202 123 84 73 63 98 203 111 98 174 83 85 188 134 91 239 178 170 75 149 227 94 179 135 164
65 124 181 211 216 96 196 182 143 96 195 168 187 222 171 89 101 101 113 72 152 80 147 236 201 208 185 223 82 217 158 221 170 110 138 100 75 169 201 230 129 147 74 113 100 75 179 171 191 119 96 119 239 225 209 213 90 0 162 101 124 72 170 211 235 188 100 158 203 171 120 121 198 134 190 164 207 231 200 91 238 141 63 175 122 219 165 120 107 226 216 133 167 191 91 91 158 74 63 144 186 171 206 140 103 102 188 209 240 188 191 187 188 74 221 165 216 228 182 166
228 101 180 197 127 150 92 182 147 225 82 104 189 215 171 78 99 62 64 107 186 211 235 117 110 69 140 98 211 87 204 131 96 119 164 214 152 112 130 200 223 134 173 91 199 232 95 137 101 182 214 110 92 183 123 142 154 141 0 137 167 141 61 99 209 228 221 197 103 142 70 152 209 88 102 74 160 186 62 62 105 231 148 107 188 169 126 60 71 88 144 109 84 178 195 94 65 206 61 183 171 232 230 84 117 131 95 238 107 85 184 206 166 169 220 92 81 168 230 142
209 133 171 151 65 236 130 233 92 100 156 151 136 214 182 101 240 240 222 114 195 235 139 201 117 193 167 137 226 199 61 171 66 64 67 187 140 223 208 230 140 223 151 193 240 130 112 227 235 180 116 136 65 186 156 171 168 90 149 0 97 154 167 160 106 146 90 65 111 80 83 197 138 201 127 172 163 147 219 233 238 101 231 141 135 161 226 91 154 226 152 67 96 201 177 218 183 197 222 223 81 89 65 186 150 68 67 126 161 233 147 86 73 94 229 70 176 110 198 142
159 170 160 132 140 76 203 229 202 184 190 124 196 167 94 230 78 157 138 215 106 188 211 204 167 120 64 152 164 161 98 111 124 114 192 76 238 110 94 93 99 146 225 161 89 151 189 148 179 235 234 113 70 111 187 89 131 199 139 99 0 126 199 150 165 84 184 237 155 138 184 226 113 75 230 108 201 162 210 66 111 169 148 153 123 65 142 224 197 213 170 78 83 143 240 69 117 132 234 209 136 130 108 195 87 154 142 228 221 131 194 196 215 150 85 85 215 127 143 90
108 159 195 70 62 89 93 201 222 143 97 187 103 140 61 129 124 128 161 179 70 200 147 209 149 225 79 112 228 128 227 189 175 144 180 222 114 128 155 90 149 166 100 197 77 92 214 65 65 112 218 150 215 236 185 227 210 63 109 213 88 0 128 240 173 115 118 136 171 192 164 173 75 197 84 201 179 139 118 113 205 88 138 226 236 201 222 147 86 193 97 109 218 209 97 195 158 195 196 139 81 75 152 180 146 113 148 67 158 216 102 118 203 114 109 185 114 109 166 172
210 203 104 110 103 142 179 193 99 83 108 229 89 222 72 164 91 110 74 154 205 66 199 150 189 81 177 222 229 214 68 214 200 83 100 148 173 194 163 166 118 83 199 142 236 141 99 172 136 211 196 160 100 163 85 114 87 109 195 200 190 112 0 97 152 63 210 137 70 189 89 215 63 110 114 221 86 154 69 72 93 179 187 83 215 166 217 94 170 203 212 145 197 168 198 185 128 179 100 177 148 84 199 154 81 78 233 136 61 167 109 203 126 69 207 178 122 137 213 181
231 64 160 181 156 151 196 116 124 198 102 117 110 164 190 90 204 107 95 152 221 125 151 135 163 215 214 156 169 85 81 81 128 167 60 110 179 150 112 73 163 87 147 231 192 164 230 134 127 138 180 208 108 118 79 130 114 235 227 178 190 74 88 0 188 194 185 96 203 209 128 216 197 220 207 126 178 99 195 178 73 177 229 154 75 162 183 141 158 138 124 88 108 97 201 74 71 156 75 103 166 72 115 83 170 113 104 218 112 163 85 124 109 61 179 114 239 135 175 143
113 217 154 64 87 140 233 144 147 226 129 100 105 206 99 98 145 73 222 206 152 91 127 187 101 64 75 66 73 211 235 178 95 151 86 195 125 143 69 104 79 98 207 154 113 151 130 215 116 176 61 104 238 176 172 142 137 64 140 230 164 127 222 87 0 122 184 210 132 235 231 142 213 122 118 128 107 71 101 95 62 192 200 193 188 101 208 111 197 95 139 152 100 191 229 238 235 233 141 179 92 107 81 190 169 217 142 64 171 195 114 239 239 105 99 127 142 66 145 141
154 102 229 98 187 130 191 138 121 240 89 83 160 106 184 101 181 158 189 166 218 69 234 87 196 71 217 150 198 239 72 220 140 119 178 91 101 179 122 227 198 137 109 159 239 102 118 169 91 223 193 136 62 140 192 67 110 98 108 107 182 147 82 83 137 0 134 131 109 129 156 232 113 86 224 202 70 201 230 79 212 188 132 223 214 235 231 137 129 216 121 186 178 212 81 196 191 159 154 162 97 211 74 157 112 200 221 137 75 60 116 183 134 114 172 62 103 195 156 139
218 203 217 223 142 148 138 187 203 131 134 110 138 127 157 160 227 166 168 120 139 72 127 100 181 204 103 226 149 135 150 78 89 71 192 231 216 85 223 81 224 125 232 170 96 178 110 60 233 110 132 171 165 235 74 174 180 211 210 126 147 111 136 69 236 124 0 183 106 190 214 238 170 76 167 139 91 125 227 120 113 214 94 119 161 204 135 148 181 187 119 131 69 173 112 90 74 62 68 84 211 130 180 202 139 182 73 82 97 75 231 167 121 168 83 144 65 120 152 149
211 215 146 167 132 175 234 103 164 139 187 119 135 194 206 95 91 98 89 90 84 234 142 165 77 205 157 211 146 217 134 168 119 194 165 194 61 205 102 239 102 79 115 134 165 104 63 83 233 123 125 95 121 75 120 122 119 80 238 219 205 111 115 153 215 67 203 0 197 231 175 92 64 93 121 148 214 217 206 73 142 190 60 221 70 90 182 127 199 86 99 113 133 231 74 130 73 156 213 148 139 122 82 234 123 64 119 153 218 79 62 202 184 110 115 65 94 119 113 164
98 186 103 182 214 208 111 237 73 81 187 70 71 80 89 98 122 171 128 184 197 160 205 88 117 160 187 224 220 167 174 219 199 194 145 96 106 102 176 77 72 63 66 197 135 121 98 108 160 105 68 90 112 219 112 128 186 180 145 236 220 151 112 162 136 118 189 162 0 143 64 229 186 203 67 216 175 98 206 142 230 69 144 212 147 130 85 112 139 214 184 161 234 61 102 232 169 93 206 161 149 165 216 116 185 94 184 200 143 169 141 68 140 163 72 173 208 90 240 105
167 127 234 182 165 148 113 101 206 133 206 110 100 106 174 235 128 172 186 163 105 128 197 173 134 231 146 194 161 230 100 125 91 79 155 139 153 207 85 65 218 100 119 98 102 223 96 138 79 234 93 207 114 155 126 206 172 112 198 133 211 90 139 143 194 93 136 199 192 0 90 139 202 169 226 162 120 196 80 171 215 65 169 140 136 236 151 183 211 98 142 234 125 86 213 150 193 177 62 107 92 174 239 84 224 229 201 153 146 182 205 214 235 169 117 171 136 63 73 66
172 170 167 130 109 84 120 215 87 82 88 235 67 78 201 202 127 84 61 219 100 62 163 204 140 195 111 209 218 61 65 62 115 62 118 126 165 199 180 110 82 215 83 78 204 111 151 65 216 165 211 92 156 163 225 90 240 163 171 190 114 91 89 95 202 202 189 113 230 92 0 211 171 69 85 137 82 143 157 177 109 76 161 194 222 218 209 103 131 220 95 181 176 206 197 228 188 135 213 121 60 103 63 102 208 128 195 235 214 184 171 237 71 153 111 74 144 137 232 131
237 160 211 206 135 211 83 186 178 84 226 121 147 124 187 77 106 88 113 160 155 168 222 116 112 213 166 161 229 228 185 85 66 207 210 143 92 83 175 166 72 60 169 240 127 202 113 207 223 93 226 181 68 83 60 138 116 222 201 208 227 198 202 65 91 79 230 163 111 178 177 0 115 124 182 207 92 225 79 159 220 69 112 92 88 126 82 112 239 60 95 107 74 154 170 65 64 112 85 157 167 76 207 216 166 185 104 200 60 210 239 78 105 92 109 193 151 176 209 227
184 173 206 170 142 184 78 122 176 78 74 216 110 71 240 134 240 226 173 151 142 124 198 220 170 229 184 234 119 101 61 138 80 75 229 198 104 138 99 196 133 182 162 238 92 191 120 238 78 153 113 94 94 107 201 238 176 100 112 191 153 153 235 113 105 60 72 85 146 78 107 146 0 192 104 230 181 195 195 152 152 100 78 139 85 115 204 76 109 240 104 189 228 226 189 164 226 167 240 193 204 113 237 87 175 208 63 205 85 99 236 164 90 175 142 114 173 71 239 217
105 133 80 218 121 154 139 186 170 63 124 109 195 221 112 129 212 214 149 229 74 162 194 155 125 131 146 225 228 82 194 92 135 145 146 84 99 161 200 225 67 151 108 99 128 129 181 92 150 125 174 236 140 187 182 98 195 66 107 210 132 183 89 125 145 141 97 141 167 78 239 227 194 0 160 178 122 104 236 110 119 80 129 60 201 165 63 74 101 63 87 225 83 187 162 142 207 183 208 240 225 209 94 114 160 109 119 97 173 168 240 146 118 215 198 146 74 177 103 227
222 233 105 82 143 154 66 173 185 190 72 117 90 207 119 166 98 79 144 175 86 147 126 190 201 139 72 79 92 152 65 123 213 181 193 126 197 87 207 200 115 214 139 95 126 170 170 61 93 155 104 151 79 144 135 190 199 72 192 179 166 159 138 143 88 222 199 90 137 169 215 230 161 137 0 237 226 81 65 80 221 134 163 74 82 200 61 236 64 118 189 164 73 123 225 211 86 225 195 81 70 164 135 114 80 170 87 146 230 60 186 79 160 80 110 161 62 166 119 77
211 92 121 169 185 134 116 166 167 224 155 229 154 164 215 99 160 93 208 94 177 81 126 159 100 118 91 220 71 234 61 173 176 189 100 227 162 92 91 98 88 85 180 100 183 175 94 213 89 152 66 60 143 83 166 84 223 152 107 147 235 65 189 83 71 232 122 229 153 170 186 118 228 84 115 0 110 134 129 235 234 197 186 135 155 228 102 180 134 172 212 202 168 127 187 60 81 134 88 187 174 141 162 167 217 172 107 75 155 208 210 237 94 231 82 217 83 134 222 129
212 206 87 216 77 146 145 61 220 117 85 129 152 237 103 153 123 87 168 101 156 90 147 188 148 164 164 62 141 214 153 228 153 160 75 168 104 210 192 81 210 106 114 146 62 223 103 217 185 222 135 160 224 124 119 121 131 221 170 86 105 174 165 113 234 191 95 187 75 138 142 139 221 88 209 78 0 156 214 218 181 163 109 123 176 174 238 235 208 160 214 136 139 198 197 136 126 73 74 145 188 80 99 96 192 88 199 95 155 142 231 174 116 114 179 143 188 89 190 216
139 200 225 196 221 159 174 105 64 89 69 78 107 112 177 119 150 144 113 69 156 108 95 193 86 126 232 114 208 72 215 162 87 140 126 214 102 231 136 190 225 168 153 76 107 224 95 142 110 98 128 228 201 185 128 90 71 169 146 213 179 227 147 128 171 181 199 142 140 86 173 101 145 98 145 155 72 0 216 225 147 214 163 188 211 181 136 79 161 105 119 108 102 130 104 187 88 233 221 114 184 142 145 203 68 93 82 146 205 107 160 153 184 221 150 107 129 154 153 165
167 105 202 225 172 233 117 87 167 224 216 114 61 89 130 131 232 104 111 168 145 89 143 127 237 86 199 185 192 183 134 156 107 71 201 209 87 138 133 68 77 91 74 172 105 214 136 123 94 191 200 202 232 217 124 233 203 213 194 195 82 226 233 134 189 223 115 194 195 106 118 150 169 160 127 109 61 204 0 126 72 161 111 108 164 150 64 90 164 105 87 67 138 129 186 134 66 207 71 188 162 238 109 191 153 222 136 107 186 89 106 137 171 125 153 158 201 89 98 239
85 60 114 185 168 181 63 162 73 222 85 177 198 62 138 181 60 212 150 135 174 197 181 202 95 205 97 72 79 138 160 173 67 151 131 103 199 93 116 65 238 169 112 169 175 197 131 164 64 193 207 78 231 87 231 163 225 113 215 79 79 74 176 68 172 146 169 229 233 227 173 220 104 106 109 223 149 80 118 0 63 132 82 214 191 215 229 198 160 172 154 73 146 143 178 204 150 203 161 132 195 99 76 87 225 195 135 136 89 75 116 96 104 121 75 79 76 221 151 216
171 227 228 98 114 190 165 199 85 129 87 177 205 100 238 98 187 80 142 166 181 124 219 107 86 132 92 73 91 208 113 87 186 105 149 76 60 144 125 175 185 103 112 214 228 190 69 220 80 197 152 86 96 215 214 198 70 74 135 131 226 215 94 163 215 91 219 180 189 148 178 239 190 105 107 195 124 168 229 240 0 237 135 213 216 205 144 62 129 139 197 138 170 156 151 133 147 60 215 149 217 178 97 191 133 171 221 235 112 108 144 67 192 122 190 156 168 86 209 180
101 90 102 239 159 106 108 175 145 89 97 66 132 118 134 68 78 77 109 96 211 167 189 203 230 198 70 112 222 68 183 77 69 224 196 178 226 204 74 121 140 92 113 123 63 124 226 74 149 221 125 229 163 221 78 238 87 65 119 173 107 235 119 133 168 104 200 108 75 94 202 77 230 141 224 96 147 109 84 105 188 0 195 226 151 203 71 107 160 204 228 192 105 221 143 205 225 135 111 206 112 224 70 217 95 72 89 209 98 75 238 61 89 236 103 205 238 197 219 209
222 159 140 210 153 96 223 68 172 88 208 144 120 93 205 200 112 150 161 182 135 172 205 99 240 112 187 69 119 127 153 106 196 119 211 173 226 202 155 119 78 188 120 83 68 112 160 61 238 101 86 79 78 234 142 86 190 95 68 183 77 121 114 180 143 146 152 110 203 200 75 102 69 214 145 143 224 198 211 236 205 125 0 164 176 160 102 98 81 235 103 173 239 80 139 130 238 212 238 64 129 101 191 181 125 176 104 202 178 179 140 171 198 234 146 229 67 114 154 126
121 195 210 175 222 132 101 177 119 160 77 198 131 230 137 94 240 145 197 180 173 77 189 153 122 131 181 184 188 182 151 197 135 200 136 171 140 205 106 124 230 212 126 111 66 240 233 140 151 124 72 182 218 113 194 183 155 110 171 110 167 237 191 186 123 189 131 95 126 170 222 160 213 149 190 109 176 131 220 129 213 178 171 0 181 149 157 115 125 237 225 112 112 93 153 108 130 134 237 201 228 139 175 126 237 225 81 223 88 65 216 206 61 75 120 73 81 153 199 147
100 106 174 183 214 226 197 148 197 189 147 68 215 148 114 62 125 203 205 207 220 89 211 117 184 169 61 122 120 158 93 163 117 187 231 139 100 126 178 94 92 67 213 121 163 168 124 174 225 224 167 86 153 90 65 224 104 118 153 119 240 165 73 76 230 131 207 205 118 184 221 89 226 160 110 232 61 96 233 222 140 157 146 234 0 188 200 199 123 63 89 174 169 162 72 144 112 132 79 70 103 207 67 98 218 198 60 71 226 96 73 206 142 103 84 96 66 222 168 225
128 87 92 102 175 101 77 202 216 160 168 224 204 173 146 125 206 156 87 79 81 92 66 234 159 138 78 142 135 114 228 67 93 120 122 234 147 104 70 204 192 146 92 230 110 86 228 180 120 122 83 129 234 179 110 140 121 216 89 134 198 216 152 83 220 176 211 177 68 88 214 99 85 229 158 80 85 176 212 93 195 213 95 94 121 0 62 170 188 120 127 229 149 162 167 134 193 228 172 132 104 220 179 124 173 166 171 225 221 100 139 154 151 147 140 147 146 188 92 108
83 75 232 216 142 72 62 110 156 218 182 182 204 86 228 95 136 86 192 63 93 124 150 75 209 80 62 196 177 91 115 205 84 92 60 75 202 169 192 130 154 204 82 63 218 74 129 202 162 191 178 237 218 230 204 106 237 63 146 135 127 235 168 68 145 185 120 89 99 134 217 200 77 219 167 119 230 87 224 119 176 198 218 138 88 195 0 125 152 62 240 234 124 160 220 108 169 199 66 90 218 125 84 83 193 187 78 219 118 177 90 236 189 238 64 153 148 114 190 240
119 206 95 159 109 180 99 135 65 171 139 136 139 116 185 182 154 184 224 111 87 181 68 78 149 231 171 144 129 91 164 170 179 101 84 120 112 201 73 126 109 207 168 144 87 176 123 171 192 225 118 231 184 179 105 224 212 160 111 135 114 190 64 155 63 144 206 185 63 119 127 159 104 130 89 144 105 75 112 203 240 205 214 79 107 191 230 0 238 186 99 236 166 203 131 149 190 81 82 63 147 101 81 224 161 208 82 91 87 137 131 207 147 126 92 191 65 169 199 207
130 167 91 230 188 131 127 77 144 122 153 65 97 240 145 196 186 175 99 104 179 110 136 171 92 106 113 225 112 60 70 199 199 63 180 90 147 70 227 202 81 219 168 139 85 64 146 210 91 102 214 239 121 133 192 237 217 95 80 89 67 81 208 236 166 110 90 106 203 212 63 211 78 132 167 100 193 75 183 107 191 145 224 124 164 162 205 110 0 184 193 162 151 105 162 201 108 135 219 196 158 217 61 212 158 186 130 195 154 240 190 168 188 144 132 165 98 235 142 175
168 218 92 133 119 87 93 64 218 129 126 101 105 72 161 114 186 220 183 127 158 120 118 184 103 161 214 126 180 95 107 186 192 96 84 161 91 127 138 230 235 180 82 192 169 212 207 173 240 80 92 159 176 61 111 79 218 219 177 126 81 174 86 126 154 227 239 95 184 213 73 215 109 146 130 202 126 101 206 83 161 188 85 180 174 175 240 223 182 0 158 94 196 206 179 116 104 114 133 211 172 212 67 213 88 134 162 227 141 183 195 184 82 183 62 236 202 178 217 87
95 136 100 152 182 109 79 215 145 98 157 111 227 111 223 143 137 89 144 166 79 218 189 63 111 180 154 139 109 70 183 172 62 183 230 150 222 81 92 160 224 154 209 129 89 198 186 66 218 69 155 124 149 178 82 199 130 201 227 137 73 185 149 200 74 198 115 76 125 212 99 95 99 141 225 135 147 81 120 79 222 150 188 80 61 72 139 100 148 185 0 83 175 238 207 224 226 127 169 102 211 135 240 78 196 204 209 166 139 117 140 173 211 94 98 145 61 160 67 110
101 74 194 154 106 195 203 168 155 68 120 129 203 175 80 158 225 175 201 128 192 141 173 159 111 196 130 123 116 228 104 137 177 112 88 228 147 185 75 115 146 174 177 174 89 215 153 107 235 198 189 234 224 221 167 201 240 203 202 113 97 112 115 160 214 170 158 169 177 230 100 214 95 66 116 131 208 76 234 87 100 70 215 76 163 100 143 161 208 107 170 0 84 120 106 142 173 65 205 203 227 168 137 216 177 162 121 229 180 70 194 121 72 114 175 98 89 75 144 201
216 218 95 181 164 130 224 198 154 83 63 109 212 69 102 80 73 207 180 139 104 96 235 113 83 182 149 193 145 198 110 65 176 202 81 210 190 76 66 146 123 225 105 97 180 145 145 67 146 88 236 100 200 151 236 161 65 239 64 141 150 235 92 193 158 228 201 66 142 165 130 200 227 107 117 128 144 185 206 129 240 210 152 226 160 202 137 175 121 238 163 115 0 154 154 107 174 150 124 126 235 171 188 177 187 156 139 234 110 90 143 87 205 146 124 81 207 97 203 178
138 60 91 189 61 147 193 149 77 132 169 183 75 149 224 100 145 220 142 71 100 136 136 233 231 98 240 192 60 77 226 74 153 164 188 72 191 61 196 240 165 80 180 199 164 175 205 70 68 159 150 76 70 95 189 234 67 228 79 155 200 180 123 139 213 104 206 116 200 197 151 130 68 159 140 65 115 195 228 97 120 153 98 191 111 214 149 213 158 186 231 225 218 0 136 207 136 221 149 186 83 67 77 62 239 182 179 218 132 198 117 194 166 230 185 197 203 162 164 212
83 176 188 212 221 104 128 216 118 213 177 201 239 178 147 208 220 207 145 115 222 178 200 161 227 183 148 149 109 188 159 169 93 127 215 210 187 179 128 180 236 180 85 140 180 206 129 172 149 91 206 238 130 179 129 162 225 135 183 194 176 66 192 126 121 208 127 107 92 132 130 71 123 240 82 84 83 186 92 208 157 229 63 96 130 217 93 100 185 122 80 91 97 124 0 116 62 112 76 198 203 206 161 74 216 185 239 160 233 172 80 211 195 92 216 149 172 201 156 109
91 191 120 60 132 110 129 121 199 124 189 147 116 221 217 121 68 159 184 147 89 233 83 133 137 167 164 215 75 133 146 103 205 177 153 196 173 96 141 204 133 117 105 83 235 161 130 232 203 181 222 214 141 101 127 128 168 239 71 226 140 217 86 209 193 108 230 125 154 231 70 169 90 194 224 175 82 153 127 124 200 163 195 62 183 103 123 194 221 158 152 166 145 233 72 0 61 178 219 137 214 135 86 138 130 145 156 104 71 126 132 205 114 234 92 207 73 209 90 64
65 159 183 120 191 175 140 197 183 221 140 141 123 196 182 87 219 76 67 112 110 88 108 199 136 180 237 83 175 188 218 81 76 60 156 180 74 69 146 167 100 158 83 223 202 226 234 79 115 119 60 213 175 117 194 70 164 134 167 200 165 62 240 98 206 173 160 229 171 198 217 189 178 168 99 69 64 117 173 139 82 78 139 156 184 109 91 161 131 186 192 203 189 97 187 66 0 111 126 98 192 178 68 222 197 90 135 154 88 235 85 88 144 223 143 226 121 221 159 173
177 160 145 129 61 115 126 156 177 205 205 214 201 173 90 139 192 116 74 147 92 166 144 221 199 78 154 97 222 128 105 68 63 181 187 159 226 135 98 152 228 220 229 148 178 224 202 100 128 196 144 226 162 222 202 132 105 236 142 102 170 221 101 109 206 106 125 171 149 239 235 184 63 234 69 200 75 203 123 128 69 228 213 213 127 74 109 200 167 60 156 113 92 122 210 112 156 0 238 62 85 94 225 108 182 95 87 210 166 76 203 112 238 126 166 134 173 112 183 62
69 148 135 143 158 219 192 160 147 171 234 200 220 201 168 123 137 213 211 216 151 135 110 90 106 119 127 157 127 221 81 171 91 63 125 70 99 215 214 189 184 203 113 235 140 147 77 187 226 62 75 116 130 73 166 225 223 103 228 152 160 185 188 108 139 90 209 111 216 182 176 73 129 72 198 226 226 89 237 71 149 128 212 64 159 112 159 240 166 208 127 179 138 139 215 70 154 232 0 122 153 218 95 193 153 223 203 133 137 211 123 234 105 226 195 75 225 79 188 102
87 214 211 95 156 134 169 65 114 166 103 177 184 107 210 79 137 222 125 77 194 166 201 142 134 203 128 100 193 227 163 238 76 213 61 203 93 174 163 109 72 81 144 83 236 185 184 208 209 144 169 208 194 151 81 106 235 83 135 194 135 129 116 209 207 185 99 214 162 123 64 231 103 213 148 98 78 163 146 167 189 168 225 122 96 171 183 237 162 188 166 136 215 99 153 139 149 83 117 0 164 141 210 215 137 127 136 91 60 140 184 193 199 191 215 151 102 189 167 85
201 220 138 231 221 133 202 231 72 60 120 130 148 106 150 68 89 205 230 143 136 79 199 96 80 106 236 205 101 94 229 117 159 227 222 179 163 203 220 164 173 79 209 95 74 120 180 218 63 74 166 122 136 68 211 161 131 202 112 70 139 147 144 76 69 112 230 234 154 168 204 60 161 204 147 168 75 197 148 113 69 139 172 214 216 70 141 107 85 70 123 99 103 220 209 184 100 61 237 138 0 131 141 159 106 126 101 173 112 230 106 229 157 146 130 99 79 151 188 160
139 73 74 169 171 191 213 220 110 143 127 201 95 79 107 169 135 93 213 188 187 119 157 199 168 216 72 188 94 189 111 175 153 78 216 184 84 173 107 134 171 158 217 123 113 117 115 189 189 207 91 85 171 240 134 103 235 86 125 61 209 100 92 198 71 145 140 213 75 228 106 163 196 64 197 145 214 189 189 100 75 149 159 230 73 202 104 94 142 148 219 185 198 169 138 219 180 161 195 89 67 0 124 210 202 240 89 130 105 95 163 234 207 64 124 188 202 72 144 141
189 65 150 198 108 90 215 160 232 74 122 63 66 118 102 160 96 101 218 89 202 217 215 154 225 210 153 97 151 206 76 149 143 108 63 76 176 156 201 164 74 101 175 129 157 180 197 117 202 103 91 218 183 64 231 136 122 125 156 143 226 127 80 79 88 147 99 61 125 100 189 231 202 161 157 99 215 90 161 170 208 125 83 77 114 84 94 171 216 112 148 147 238 182 219 146 146 193 65 188 93 137 0 75 230 66 198 130 222 165 182 107 197 80 137 238 171 225 119 228
71 194 123 201 160 87 201 125 181 151 235 113 130 101 68 108 157 71 238 67 105 136 224 180 206 94 225 115 78 236 194 123 159 224 135 115 114 98 71 78 214 178 134 135 151 164 106 87 90 201 118 186 62 179 149 222 207 223 195 82 225 219 184 106 227 91 190 72 186 198 210 150 221 114 174 115 198 199 207 83 172 105 111 160 226 234 76 231 210 80 158 216 236 191 193 197 143 103 212 173 124 224 143 0 208 67 197 175 129 170 110 199 200 218 65 102 191 112 67 76
117 113 195 63 226 195 207 119 210 187 136 164 236 174 79 111 141 102 68 128 119 187 72 95 123 116 135 184 132 119 163 142 213 202 205 169 153 120 164 61 150 89 144 148 78 133 152 122 100 149 188 175 61 100 147 161 71 232 156 92 107 144 184 202 165 119 194 218 235 118 88 231 215 161 133 107 81 153 229 172 107 63 228 137 138 82 185 165 87 215 139 122 84 151 150 200 236 200 213 105 152 220 142 64 0 120 235 129 131 136 98 147 127 189 62 172 72 154 229 65
65 90 116 197 75 187 98 226 171 212 224 183 236 139 68 147 88 190 197 232 166 125 75 108 113 161 181 113 131 64 136 210 225 112 187 110 120 141 127 230 141 185 64 176 236 107 221 97 212 96 188 121 185 179 140 103 70 73 199 80 118 218 146 141 216 181 236 61 75 154 89 185 91 130 141 211 221 167 100 196 62 217 204 138 139 167 108 189 67 128 165 81 210 83 159 113 113 151 204 160 172 182 229 83 97 0 220 120 139 182 203 176 212 133 61 62 70 69 62 178
183 60 162 138 84 66 228 169 99 188 143 146 113 190 90 222 200 186 125 120 115 238 214 95 86 83 123 201 229 205 150 143 165 150 71 153 164 68 182 214 199 236 69 87 61 195 238 111 95 112 221 131 122 207 111 65 122 68 61 82 131 189 200 192 134 128 187 92 160 104 83 100 157 214 93 110 87 116 203 149 183 179 219 191 230 206 126 110 157 100 125 147 235 133 166 163 171 193 92 190 104 136 236 211 163 61 0 214 215 220 106 142 99 71 182 103 80 187 65 120
107 135 206 189 76 125 62 101 67 182 140 203 192 103 180 213 145 66 115 204 122 62 74 89 136 93 113 92 236 223 219 128 73 151 79 232 226 223 187 225 169 166 101 223 151 80 99 81 119 203 149 139 134 97 141 206 201 223 130 170 200 199 110 129 176 154 137 219 216 145 91 106 121 240 79 67 117 78 238 83 209 228 88 153 140 100 142 97 88 106 69 90 180 159 70 136 85 211 185 224 126 187 136 206 154 236 108 0 129 129 132 197 136 198 239 177 224 70 179 204
64 180 113 101 207 199 206 127 111 93 162 168 193 159 227 188 109 100 103 145 71 190 60 141 147 240 67 82 171 177 102 218 206 162 165 220 222 105 208 111 130 66 160 165 179 153 90 216 230 199 176 102 171 154 237 121 100 166 64 206 168 214 142 135 213 214 176 218 195 126 74 201 210 215 221 239 110 134 171 120 179 186 131 172 109 121 213 141 200 199 107 87 84 116 230 100 161 158 66 104 100 78 175 131 225 132 199 97 0 180 172 120 193 138 159 72 96 101 186 148
232 153 154 124 121 148 103 168 224 201 95 80 123 118 230 166 161 146 85 124 156 129 214 178 192 232 218 148 221 92 109 178 72 81 102 137 221 165 161 181 240 142 142 224 86 110 196 197 78 88 108 126 71 232 87 60 141 89 222 189 182 138 209 139 105 65 183 93 196 216 71 189 232 236 225 134 97 189 130 163 84 193 90 185 155 127 158 129 105 190 174 80 103 214 68 82 102 177 186 217 181 179 209 76 226 126 63 208 230 0 105 193 160 184 209 140 235 118 131 75
198 129 111 145 180 188 75 174 121 191 174 146 217 116 192 155 70 110 133 165 175 234 229 165 229 156 223 70 148 115 105 90 208 183 165 177 65 161 200 142 167 90 170 63 200 133 199 149 131 84 87 150 134 65 183 123 95 82 133 141 186 116 200 155 125 212 223 119 105 152 110 227 85 72 66 205 211 135 180 115 218 132 128 182 204 158 231 161 114 107 90 114 166 183 171 164 85 170 228 122 198 136 157 172 188 237 92 142 61 207 0 207 116 124 97 75 61 112 216 121
156 67 118 72 186 114 154 128 198 61 197 74 143 112 62 77 223 66 169 125 94 190 144 96 129 77 178 157 228 157 147 65 76 154 126 126 218 145 222 192 203 75 224 83 105 89 169 186 221 210 220 105 101 62 219 171 223 169 168 158 110 99 85 218 155 157 206 217 72 158 71 219 92 239 226 109 171 94 97 73 220 133 95 88 235 61 116 202 158 147 156 71 227 220 73 209 110 204 200 127 120 211 137 125 85 148 206 198 172 230 164 0 89 68 174 148 92 225 239 165
70 67 112 198 221 120 97 187 206 183 71 216 129 173 69 60 72 138 221 237 69 228 119 124 171 86 165 185 216 130 62 218 128 227 122 216 176 182 164 153 127 112 137 239 237 132 79 181 73 233 222 118 167 161 116 124 94 196 79 223 147 160 67 172 70 190 199 64 181 169 194 61 73 73 225 123 199 182 84 146 77 93 131 239 123 154 99 137 211 204 165 185 110 201 177 131 61 193 91 203 83 167 219 135 107 112 105 146 107 173 229 123 0 114 113 192 183 69 112 148
112 223 92 179 236 67 202 238 66 86 75 200 128 212 232 140 102 173 193 94 124 207 66 60 148 92 125 158 126 236 123 149 237 137 132 110 88 225 174 81 202 155 189 138 84 188 83 99 221 61 152 99 211 219 69 94 107 131 71 138 171 228 217 95 86 130 199 239 105 120 135 217 97 103 79 146 217 162 77 79 136 82 116 221 240 101 81 231 91 105 129 218 191 202 166 121 92 89 61 182 221 125 219 99 61 231 201 164 159 171 84 174 180 0 203 186 70 232 103 148
180 180 115 148 193 86 201 211 111 219 147 161 96 143 150 207 176 215 137 145 107 186 165 139 216 112 169 108 216 180 95 141 119 195 108 183 87 73 88 106 149 130 210 161 62 192 127 151 119 146 134 210 192 131 229 215 147 110 159 200 148 134 118 165 83 217 206 222 77 180 146 217 235 183 158 185 134 202 223 203 60 137 140 102 74 98 225 89 219 211 116 191 188 69 130 219 199 215 184 63 78 173 209 142 167 72 109 173 88 74 65 169 235 131 0 207 86 81 114 181
148 119 219 143 151 137 193 130 215 172 169 192 65 180 176 96 104 196 183 198 182 186 171 140 133 176 165 209 199 63 77 138 208 126 197 134 210 147 133 166 137 96 123 150 104 123 68 124 205 97 83 137 215 198 238 127 73 101 178 159 126 119 100 222 126 108 222 212 211 213 200 203 164 210 134 126 100 106 164 78 179 115 214 238 197 140 220 230 181 67 67 156 103 94 62 162 97 160 202 110 139 149 63 232 191 156 102 216 76 62 146 133 237 197 231 0 162 171 108 94
128 77 135 216 211 226 107 234 113 165 195 210 175 142 103 202 164 125 81 119 104 154 119 79 229 129 173 127 154 159 213 107 153 152 176 116 232 181 143 225 229 182 116 93 162 100 181 119 63 212 139 67 111 183 101 183 194 151 176 151 148 103 81 198 209 94 177 118 230 226 66 181 229 141 210 162 132 100 114 175 238 188 157 212 139 213 168 170 187 149 209 111 128 181 118 97 129 147 97 108 83 201 172 86 150 144 209 240 70 94 161 195 128 120 120 134 0 194 216 226
200 201 150 234 123 206 63 234 212 124 118 152 78 106 83 171 137 75 153 194 176 187 84 123 154 239 235 213 210 179 84 162 72 113 69 220 188 90 235 108 235 171 162 204 82 170 68 195 115 220 112 115 231 106 134 234 73 172 143 229 190 212 84 117 76 150 207 77 189 109 163 75 104 198 129 211 87 78 87 155 79 74 164 230 122 158 233 146 216 230 68 230 100 197 231 128 119 160 127 221 189 66 168 210 119 224 186 94 135 169 173 119 123 92 118 158 224 0 89 228
68 146 240 150 192 167 62 70 154 234 159 187 214 95 152 172 96 155 133 225 162 189 99 66 134 91 110 224 121 168 72 113 136 80 195 69 235 187 119 69 221 92 152 123 228 220 92 160 106 78 80 142 170 94 109 159 72 230 173 224 69 96 238 66 122 109 185 105 116 85 221 205 185 88 172 68 189 167 210 214 91 145 145 188 97 224 225 145 109 119 79 160 114 175 115 118 118 94 92 70 194 75 130 161 210 102 189 219 228 105 87 204 194 96 97 108 185 106 0 64
130 220 158 139 86 232 90 71 68 99 183 222 80 229 66 172 201 208 226 177 63 110 206 85 184 212 95 205 211 98 157 150 88 135 194 175 70 159 231 73 196 88 226 82 151 97 66 114 239 137 143 178 152 99 181 96 233 141 189 196 89 213 218 137 148 149 165 117 227 159 221 126 210 222 119 179 232 100 237 201 114 236 154 154 164 201 93 173 146 104 76 134 163 86 71 198 136 88 185 180 207 234 171 106 134 65 139 131 80 102 96 199 60 79 225 76 228 102 193 0
