120
0 18 18 9 19 7 19 9 13 7 5 13 17 12 5 20 6 12 17 17 20 14 15 6 15 19 9 20 13 9 7 18 11 9 12 16 17 16 8 14 18 6 9 7 13 9 14 7 18 13 15 11 8 8 15 6 10 8 14 17 9 18 11 17 14 13 8 15 5 17 16 16 8 13 11 6 20 7 6 15 10 15 13 10 7 10 14 16 18 7 16 12 19 12 14 10 20 9 6 12 6 8 12 20 14 13 13 10 6 9 18 11 19 9 8 8 8 8 19 8
0 999  330 591  350 399  245 320  251 413  273 492  289 335  104 134  197 228  189 516  246 406  398 706  154 376  289 412  247 439  367 791  221 407  279 544  283 500  337 716  254 332  309 465  311 673  326 393  276 382  345 755  159 444  165 325  367 771  239 601  425 669  416 677  248 564  303 626  268 368  222 400  292 593  333 492  269 639  439 531  364 451  388 549  214 377  215 543  277 530  245 415  353 499  257 637  340 542  124 387  87 410  267 684  93 236  79 410  273 658  315 545  367 682  272 326  210 353  326 494  353 783  289 454  226 447  198 551  246 632  356 600  140 244  299 658  85 249  276 577  339 661  202 354  372 715  205 621  253 393  314 571  393 511  427 810  349 384  225 386  258 600  356 665  365 724  219 494  147 364  225 470  122 302  264 644  250 581  204 241  303 715  265 344  354 399  319 540  174 412  267 595  163 239  153 346  261 301  301 546  264 649  244 573  293 515  332 661  372 458  305 710  285 594  256 520  253 423  102 306  298 562  255 566  139 202  461 507  324 450  215 386  400 838  276 619  276 675  274 472
0 219 130 223 232 229 175 75 85 81 165 206 125 76 173 173 147 71 148 213 125 102 116 117 218 133 102 113 132 143 209 223 121 203 120 132 109 195 150 234 139 181 145 121 186 229 228 154 169 77 75 110 77 63 176 240 127 165 122 172 136 172 187 134 141 211 87 149 67 172 118 158 230 170 232 100 182 226 135 61 237 126 188 166 89 126 72 127 112 102 187 224 155 156 136 102 116 143 127 141 95 174 116 111 170 128 182 180 159 93 234 240 126 223 198 130 192 85 211 208
137 0 205 119 220 215 133 159 159 193 168 159 62 69 129 113 132 117 208 209 124 66 183 80 238 163 92 138 101 144 135 188 104 92 238 161 65 60 194 209 156 124 200 83 229 84 197 104 62 186 124 96 217 205 115 182 221 90 62 160 137 90 127 61 81 167 194 194 146 70 226 227 215 192 132 155 85 121 92 69 114 68 117 172 185 108 223 91 230 97 194 214 153 86 217 80 110 228 178 230 212 76 73 194 210 181 117 178 127 206 129 81 102 159 178 62 108 121 145 126
159 157 0 86 199 225 110 211 150 200 107 138 144 170 124 75 188 177 65 155 240 94 138 229 66 138 180 123 101 180 193 78 186 184 200 206 205 74 210 201 101 86 137 204 148 75 215 190 79 125 133 184 103 172 171 206 61 174 175 204 83 204 201 61 236 65 86 131 208 196 236 90 152 204 218 82 84 192 230 104 74 65 84 179 155 220 231 200 212 192 231 98 79 225 142 187 213 135 78 200 150 195 75 137 186 121 98 111 122 206 139 104 141 90 195 119 60 206 218 217
74 65 172 0 180 142 204 93 164 202 212 97 218 216 176 113 135 61 93 184 107 111 175 144 165 144 175 235 97 163 111 101 196 128 167 151 120 167 124 183 185 60 208 150 186 226 151 67 90 184 196 110 223 156 227 217 171 81 97 154 231 80 82 179 218 158 183 94 226 84 215 215 189 75 178 144 128 161 139 167 237 78 233 146 83 176 101 229 222 132 238 166 217 131 155 120 234 183 217 130 86 131 207 151 229 150 156 85 131 87 85 146 167 110 183 228 195 67 217 103
79 119 206 227 0 105 182 177 117 160 65 225 62 224 89 196 104 173 86 195 67 146 66 146 87 233 135 158 155 119 235 121 102 166 126 96 179 83 152 76 155 153 185 94 213 77 212 103 194 87 178 240 201 191 132 181 76 213 139 212 88 220 91 138 77 77 110 167 160 137 128 77 64 93 110 214 70 95 146 96 200 90 210 121 110 137 176 131 229 163 240 185 233 204 142 163 90 233 84 227 162 119 61 208 220 211 133 166 145 126 171 214 145 73 181 238 73 190 150 196
209 215 108 179 202 0 203 132 215 104 198 123 139 77 206 98 142 78 112 99 213 154 177 236 80 201 122 169 151 159 117 125 129 192 144 83 100 210 87 97 171 158 95 148 223 195 65 186 122 240 136 69 207 113 85 73 135 76 117 84 139 113 77 93 147 239 236 118 221 121 211 227 199 210 70 76 218 99 111 60 193 132 160 194 211 158 71 240 226 112 63 200 151 105 73 199 184 103 170 140 159 164 117 143 170 216 128 173 113 153 195 178 86 120 206 205 206 219 108 74
72 157 224 118 193 200 0 149 216 238 134 167 210 167 201 132 79 147 178 185 183 91 222 144 185 196 133 227 128 62 214 196 110 94 152 217 238 107 208 123 98 68 106 198 128 214 94 142 231 88 104 172 205 85 125 145 85 177 94 215 194 120 218 155 99 66 218 126 161 160 134 62 177 183 87 220 134 234 153 212 142 134 160 149 112 206 60 209 154 64 134 158 86 139 224 197 124 235 88 156 217 159 90 135 60 129 236 224 135 195 165 188 218 121 84 85 199 143 198 68
236 173 136 204 119 141 127 0 180 92 105 194 202 193 184 157 111 194 100 160 138 159 87 102 128 196 96 147 132 144 206 77 70 184 69 100 177 224 173 221 226 216 171 227 185 92 209 233 124 223 238 143 106 201 76 163 228 62 77 102 223 114 212 217 232 183 75 107 222 221 98 208 86 212 115 92 161 196 128 181 180 81 155 223 188 79 211 87 140 82 222 149 186 67 230 236 202 129 157 119 97 113 121 215 185 237 116 100 132 140 210 198 239 73 169 107 157 167 164 73
209 136 213 125 227 217 202 196 0 104 151 194 100 181 230 150 130 131 73 202 227 140 175 130 149 120 87 62 114 171 160 127 98 127 162 206 96 167 142 95 109 82 190 189 148 125 178 110 128 232 169 93 160 209 200 103 190 66 193 230 81 235 67 159 70 236 232 132 135 124 185 64 113 226 226 70 69 151 235 238 104 60 232 219 215 197 68 167 216 89 112 95 140 150 207 179 200 106 188 139 240 189 108 184 221 162 77 89 97 93 152 72 94 76 131 115 168 61 82 124
147 97 233 140 126 219 115 229 138 0 231 180 160 120 194 218 209 108 77 203 207 191 63 100 94 211 94 204 219 188 179 138 122 226 70 222 115 97 121 191 153 91 152 91 219 158 131 206 62 186 135 233 115 138 63 151 103 223 150 101 125 90 196 142 239 127 200 178 218 220 90 196 126 190 206 162 203 195 70 151 72 62 173 97 74 143 169 139 222 161 78 215 92 63 128 209 152 225 166 84 140 75 147 217 194 103 123 171 117 62 64 151 187 188 167 93 69 119 69 218
114 171 76 239 62 139 185 69 192 153 0 143 193 81 186 222 125 143 168 195 186 218 73 104 198 109 75 135 112 95 122 234 167 220 110 173 227 84 63 217 88 101 187 115 147 140 67 140 98 140 226 73 162 81 77 239 136 209 173 64 150 119 98 144 113 100 182 201 126 143 191 190 122 163 230 145 81 168 94 66 64 148 151 211 155 227 231 216 205 189 70 61 105 63 123 211 186 123 207 104 111 182 167 67 133 100 106 207 86 133 186 151 198 69 164 164 185 140 238 188
223 199 236 110 142 161 132 146 113 123 103 0 180 106 217 172 64 224 124 107 160 97 81 231 204 126 81 135 141 126 67 112 141 207 88 147 141 111 153 73 155 194 132 189 139 200 67 234 235 113 125 194 164 200 142 234 192 209 110 80 171 73 213 119 169 77 115 110 206 122 88 232 193 118 127 162 190 137 167 158 89 155 143 201 210 67 232 77 207 109 128 103 116 82 143 197 105 180 134 175 67 130 124 157 190 78 113 97 112 239 217 177 209 186 240 91 231 90 111 179
170 224 154 237 78 86 104 173 235 217 173 85 0 192 176 234 76 174 92 107 132 220 218 229 75 161 128 141 88 136 85 127 195 236 185 145 72 100 150 73 80 154 88 197 113 202 220 143 165 60 130 76 193 97 223 195 73 165 236 72 117 211 193 142 61 192 142 146 235 73 86 232 85 131 93 197 75 128 179 175 203 187 63 137 163 136 187 235 219 210 230 191 138 144 116 146 67 137 158 60 187 227 174 142 127 195 129 107 164 154 116 230 219 85 84 65 225 98 205 210
185 148 150 118 135 117 217 69 141 180 176 140 110 0 96 237 226 101 229 195 159 135 187 227 120 216 148 187 117 60 126 137 66 72 179 115 214 76 160 162 94 159 137 180 82 67 95 159 93 105 157 88 114 86 213 65 150 155 215 182 81 194 92 228 112 234 68 239 83 60 171 179 118 150 66 203 160 69 230 100 146 204 71 163 122 86 157 210 158 98 192 191 65 164 78 218 145 141 65 208 173 219 111 132 116 186 237 125 102 71 104 237 139 84 226 157 150 213 196 159
69 178 192 143 235 80 238 78 106 194 105 125 218 200 0 164 65 119 141 92 89 89 74 146 130 161 217 91 130 106 206 176 217 95 200 88 223 139 193 77 64 161 229 162 235 163 71 183 148 206 235 232 116 82 75 85 200 112 177 85 204 190 169 83 195 229 172 223 237 82 232 228 215 188 80 91 186 78 172 192 184 105 212 162 67 174 83 84 220 177 69 121 165 140 200 64 100 97 137 105 130 136 239 83 224 206 235 169 206 190 200 161 216 154 156 163 123 143 213 93
178 202 155 215 76 138 178 160 236 233 134 233 177 101 95 0 102 222 165 194 229 115 148 180 193 77 222 90 94 107 186 139 69 204 105 218 240 194 189 81 217 188 60 87 151 82 158 135 127 93 120 123 166 61 186 88 223 177 117 149 117 60 178 112 207 106 227 181 145 77 111 80 107 126 134 138 220 119 102 114 181 132 146 202 62 215 220 174 135 166 204 171 82 116 113 210 207 87 232 106 214 130 217 169 185 131 151 120 168 137 158 178 126 199 215 161 209 234 157 204
145 201 64 115 82 172 227 152 231 166 146 109 231 234 155 122 0 203 229 105 133 146 86 223 95 171 211 165 239 165 205 116 190 129 235 211 216 132 98 214 218 93 167 61 127 98 72 155 85 160 130 171 143 223 159 179 82 84 79 192 70 114 66 64 171 152 78 63 150 193 207 97 166 134 121 235 237 110 139 138 141 113 66 203 239 126 222 196 119 203 93 63 154 108 224 204 67 156 218 210 215 85 123 235 66 230 122 128 178 79 90 171 193 121 186 85 157 134 210 168
104 220 138 231 174 99 171 136 204 118 78 99 105 115 195 155 63 0 221 145 179 217 153 153 79 132 101 208 61 183 124 238 115 112 179 142 101 162 179 198 135 198 230 228 102 60 64 166 203 73 231 99 131 163 156 172 96 161 123 137 94 141 219 120 60 202 103 201 82 184 64 94 112 124 125 229 180 148 68 64 197 227 219 174 144 87 214 164 239 200 148 205 194 146 137 79 216 170 154 163 200 223 68 214 178 223 87 86 183 104 109 122 91 236 153 194 193 198 90 129
158 145 188 114 207 102 213 181 90 165 84 91 132 199 134 67 98 62 0 205 175 100 92 165 62 228 220 201 86 239 161 152 88 109 196 173 99 235 106 117 122 76 92 80 102 142 125 239 93 75 89 96 184 127 133 70 115 74 217 209 69 175 195 130 141 71 114 157 85 65 239 168 163 235 152 173 211 145 74 123 113 239 232 111 114 155 149 124 141 98 69 164 99 220 213 143 165 169 223 174 217 182 240 221 125 122 93 177 131 179 142 199 98 92 237 182 180 169 136 230
203 92 125 60 67 183 94 149 159 127 61 178 107 80 104 126 96 91 160 0 161 177 226 139 116 139 135 82 171 174 190 229 156 119 120 65 181 233 138 189 79 187 128 82 85 76 123 218 155 64 203 62 146 230 136 216 196 86 148 195 188 139 177 89 187 61 100 91 151 209 196 195 75 86 111 63 163 130 83 73 187 215 70 229 67 94 156 212 82 96 71 83 175 170 177 68 112 120 151 99 103 60 119 209 99 163 102 150 198 186 108 206 138 210 165 69 129 183 114 236
156 158 67 110 94 98 208 195 169 191 209 180 118 192 117 183 184 98 103 159 0 89 132 134 132 98 140 214 128 138 228 169 76 149 202 220 201 149 178 127 75 137 178 162 67 131 228 182 67 139 60 159 116 137 205 114 144 183 177 160 206 142 127 166 225 82 62 214 238 225 121 82 183 181 108 114 200 114 229 219 179 124 133 61 159 93 109 137 113 194 77 62 159 178 102 137 127 194 198 94 73 200 177 83 129 73 189 89 226 172 167 131 169 157 90 103 224 63 155 207
69 190 226 63 108 120 138 80 119 106 86 239 230 211 99 210 100 227 210 127 239 0 170 64 118 129 129 135 119 177 171 178 102 100 61 239 128 80 79 233 126 152 70 90 180 186 102 123 128 228 210 99 196 195 164 163 75 105 68 78 121 198 202 211 68 63 117 224 112 101 195 132 149 62 152 114 222 127 211 165 151 92 201 147 194 70 233 172 87 77 60 185 80 229 212 177 104 164 165 107 199 93 210 199 153 201 154 138 135 150 188 159 160 65 157 102 163 88 219 134
205 85 70 110 115 237 229 114 66 197 121 186 202 82 78 92 105 162 209 236 63 210 0 187 61 85 73 112 146 138 77 78 191 85 230 114 124 105 80 221 200 141 130 108 169 173 221 94 137 170 93 152 122 190 178 220 63 208 218 181 87 126 226 102 79 66 185 239 82 85 65 61 85 167 118 193 194 116 217 136 221 195 69 189 160 185 107 226 86 132 195 112 83 100 138 107 178 142 191 132 105 176 183 144 147 190 60 220 127 113 126 205 157 177 135 98 136 227 236 71
106 82 78 108 168 135 130 66 190 152 70 238 180 125 214 187 230 216 99 91 156 152 153 0 164 138 101 142 68 151 161 219 127 89 118 98 118 173 135 149 62 133 171 215 64 73 150 109 166 78 223 229 199 134 107 165 127 223 120 82 65 145 60 178 141 87 186 69 132 174 94 218 172 88 232 179 180 212 82 81 198 132 201 192 120 168 209 76 173 223 134 210 168 223 160 210 66 69 205 232 176 199 203 211 184 150 190 153 187 108 107 110 161 73 77 157 122 91 235 171
156 133 158 69 237 165 167 234 218 171 128 105 224 124 97 146 192 74 142 218 164 236 131 86 0 194 71 181 78 100 81 182 117 177 112 178 191 75 178 223 96 140 147 117 168 89 220 161 186 113 110 184 200 212 167 183 67 235 68 96 76 96 191 227 62 126 118 182 142 143 173 174 142 74 82 63 175 223 165 174 214 154 134 123 166 224 90 79 133 187 65 84 153 154 182 213 63 231 146 145 169 143 183 68 178 207 111 187 141 71 146 168 172 202 195 68 87 147 167 123
65 60 181 79 112 129 69 84 101 179 165 189 177 152 152 136 95 84 226 198 172 161 69 94 110 0 240 60 86 237 129 211 75 197 210 220 231 77 155 209 217 236 98 218 95 64 210 135 176 102 166 76 180 163 70 105 137 207 208 193 167 152 229 155 92 169 81 221 179 215 119 216 228 203 94 100 200 212 233 182 209 192 61 235 113 157 144 125 160 65 66 160 133 119 206 162 217 94 167 103 104 222 159 78 78 156 158 164 127 189 64 200 119 181 100 101 167 172 77 207
196 177 81 131 92 98 216 89 121 134 178 168 189 144 158 64 134 113 181 66 79 232 83 72 122 120 0 216 137 165 87 238 132 210 109 129 171 184 190 171 224 136 78 221 189 143 84 152 82 195 136 223 209 70 178 166 135 225 204 160 183 67 99 142 134 110 162 113 79 78 72 133 183 107 177 109 187 164 187 202 116 213 233 120 64 162 157 120 129 132 191 226 100 139 207 177 208 74 234 64 113 225 119 238 228 186 134 72 174 195 141 231 240 99 184 202 229 205 108 128
87 223 133 98 238 194 90 201 121 238 166 240 204 118 104 118 238 205 182 238 153 115 165 157 157 153 211 0 147 175 129 197 77 60 128 177 194 195 133 152 206 207 123 239 183 214 156 203 179 108 69 217 100 179 96 123 199 221 144 193 178 138 192 231 76 217 94 62 146 64 167 67 213 113 163 195 88 138 139 136 217 168 178 197 150 83 202 162 209 67 217 138 106 223 101 129 88 146 198 189 105 88 161 171 98 154 122 109 164 87 202 67 123 184 145 93 151 139 194 145
185 86 169 196 122 153 160 144 138 184 91 215 74 133 203 205 69 67 143 227 172 199 114 138 185 194 95 66 0 85 119 124 179 149 160 174 110 112 203 110 163 194 115 67 240 195 174 67 101 115 63 128 73 101 141 196 163 161 121 201 126 209 134 230 161 159 126 166 178 231 68 170 100 79 203 208 178 161 163 212 215 218 218 224 231 85 124 232 78 67 106 85 79 139 168 113 230 80 124 154 190 127 146 238 103 86 118 226 229 66 151 119 132 112 72 130 80 227 215 100
72 64 111 223 166 184 158 98 149 155 148 130 169 112 72 75 206 131 101 120 179 79 110 107 165 118 178 78 197 0 120 211 113 164 124 210 187 202 144 110 185 129 108 170 94 218 167 126 60 104 181 240 203 153 131 68 211 90 191 240 213 153 134 66 108 186 185 164 174 113 94 114 118 86 190 84 118 106 174 149 190 136 123 171 101 92 202 193 97 99 148 154 89 62 195 207 200 201 186 180 156 114 231 123 225 193 113 219 128 123 237 74 179 158 126 103 147 72 203 170
132 116 75 63 75 141 153 107 100 238 199 175 191 233 240 86 231 210 77 99 92 235 89 120 65 225 94 190 74 201 0 234 115 220 105 73 103 220 132 239 231 123 147 196 223 92 109 208 166 129 88 140 122 128 124 65 207 76 110 103 78 90 129 110 111 154 201 123 99 230 154 130 183 176 153 76 182 213 169 121 163 240 209 200 137 159 155 143 240 159 233 152 197 132 86 76 238 70 110 102 218 104 199 161 99 63 104 160 136 83 213 236 216 230 183 140 95 211 139 232
168 79 136 207 104 116 230 168 127 169 143 96 234 82 137 93 81 145 221 67 209 104 136 135 183 130 96 206 145 103 110 0 175 78 147 161 152 170 103 177 176 74 87 147 140 181 137 76 105 103 235 135 88 102 139 134 78 178 108 224 235 139 135 76 205 202 157 174 240 136 84 186 166 154 167 210 227 160 100 240 207 187 233 166 206 227 69 85 170 150 180 213 184 228 220 159 87 216 91 227 143 181 234 85 170 196 91 193 79 91 134 108 76 181 140 191 106 107 147 142
150 105 79 81 222 131 160 219 92 174 75 78 146 153 182 150 160 86 91 152 113 87 132 164 104 116 157 100 149 152 87 185 0 155 174 106 117 141 171 188 160 240 130 208 105 217 240 183 226 190 71 232 169 159 210 131 220 149 224 179 164 200 212 161 140 103 182 60 178 179 157 197 150 98 61 76 90 155 121 117 193 135 94 188 136 202 66 105 145 234 98 152 118 75 94 226 77 67 162 206 164 152 186 199 124 137 189 222 178 100 190 84 94 200 95 111 98 190 63 138
84 224 100 125 133 185 190 196 91 189 151 175 170 209 149 147 237 178 202 85 210 179 100 213 218 126 120 153 208 97 104 73 137 0 208 161 141 111 111 214 71 92 233 136 99 199 183 88 60 91 146 142 95 62 71 157 208 237 173 66 135 63 236 179 240 152 188 223 223 80 133 234 87 191 229 141 92 169 173 224 120 82 78 122 168 91 163 103 104 172 231 210 217 213 63 67 74 172 88 162 202 88 236 221 88 141 199 179 206 149 224 172 199 213 97 82 139 104 230 163
112 187 99 66 117 104 135 101 159 203 226 195 78 154 197 156 236 121 183 162 94 151 167 187 168 163 200 68 149 220 154 77 160 167 0 148 237 118 60 119 92 221 224 122 165 110 106 214 234 89 174 68 94 115 157 99 131 182 183 107 146 199 200 95 140 71 208 124 113 162 164 69 190 134 115 97 125 167 215 75 96 196 191 114 95 204 103 151 76 201 108 70 225 115 156 161 234 113 161 212 134 238 164 105 197 78 144 125 154 197 178 132 123 228 147 211 131 97 61 226
207 238 181 164 166 197 169 158 147 191 176 195 197 190 89 203 180 171 148 229 203 117 233 176 95 144 224 232 228 91 98 64 185 151 122 0 154 152 134 72 228 121 196 176 114 102 175 191 84 207 151 85 159 137 95 98 174 235 199 211 88 191 216 235 164 103 137 129 141 62 98 205 105 141 156 104 109 210 149 173 77 87 195 100 145 122 157 65 200 229 222 218 108 92 153 94 210 166 129 149 105 93 234 131 201 169 144 66 100 179 234 174 169 82 117 82 117 166 143 224
154 90 96 76 221 159 174 175 220 184 146 124 148 136 236 171 72 194 105 221 218 238 117 224 148 201 129 160 76 201 136 139 80 169 162 188 0 139 78 160 208 199 155 126 87 210 134 180 231 208 226 148 126 147 168 141 151 214 172 171 90 221 240 125 219 175 176 153 126 191 163 107 131 85 150 110 191 238 127 228 198 103 183 148 158 173 93 236 99 124 80 237 97 208 200 121 224 121 182 78 172 137 87 75 185 239 119 205 77 205 153 172 228 193 135 162 171 77 84 142
93 90 190 72 211 190 193 183 108 235 193 221 159 235 119 82 127 115 198 225 140 83 96 102 151 197 63 151 132 98 239 132 99 102 157 161 80 0 123 185 99 205 222 142 80 193 162 108 208 98 181 199 205 201 64 80 97 68 236 117 139 83 233 187 109 225 86 199 90 147 173 162 213 136 237 101 189 208 128 212 126 200 111 73 195 193 237 88 223 133 118 229 153 195 202 61 222 170 160 218 181 173 151 148 119 96 180 80 198 129 170 109 170 198 87 71 75 130 66 146
175 206 132 118 187 177 233 130 121 182 89 73 186 75 185 109 106 108 123 200 113 177 136 133 211 129 101 210 212 199 60 127 99 71 144 76 225 178 0 71 181 88 121 220 176 67 139 76 122 183 119 167 175 151 63 78 162 175 133 182 211 173 219 153 100 111 102 117 237 213 178 206 136 127 195 102 231 127 77 211 130 221 92 63 135 127 86 112 207 155 149 140 165 131 83 82 109 180 176 142 128 229 180 89 173 121 81 213 182 214 66 196 162 63 147 88 136 81 230 72
94 161 198 117 94 102 214 101 78 182 97 74 144 126 186 139 90 112 194 179 86 201 201 65 72 205 136 100 210 85 77 95 120 117 147 121 79 216 128 0 101 193 193 112 149 105 218 88 213 209 175 218 239 74 94 151 235 113 192 234 204 208 94 212 171 90 119 159 235 140 169 80 84 123 74 232 124 118 214 72 121 173 187 64 183 187 168 153 106 99 222 201 205 150 202 103 235 118 78 159 79 132 212 233 178 62 199 70 151 159 233 150 174 186 187 230 219 184 178 138
218 238 217 80 125 202 105 65 146 201 124 164 105 205 193 67 226 115 233 125 152 218 137 93 80 72 129 116 178 135 72 222 132 129 90 60 136 102 199 190 0 170 106 240 170 153 230 154 197 193 221 112 156 220 217 146 237 68 170 84 184 131 154 88 230 79 101 99 176 71 147 112 105 203 211 195 113 163 89 228 77 108 183 187 98 64 156 70 187 187 91 128 124 234 115 96 158 142 64 184 68 218 126 202 106 180 86 215 77 218 129 196 168 97 91 233 179 113 83 98
147 75 161 73 206 227 179 187 213 163 169 222 115 200 85 205 188 201 73 211 181 75 74 109 109 228 131 221 221 235 203 107 238 204 169 154 99 101 205 71 201 0 69 194 108 187 74 154 100 200 167 140 103 221 177 78 230 184 214 106 140 80 84 193 172 146 229 113 198 225 149 194 81 88 204 127 177 99 75 111 204 210 85 118 77 117 174 240 105 220 175 150 192 154 120 66 150 200 212 199 126 191 199 230 104 225 101 167 217 193 226 155 118 65 183 233 235 116 120 80
202 71 232 127 174 152 129 93 156 80 177 101 170 232 204 129 211 204 219 130 113 94 70 160 176 89 103 148 173 131 184 156 111 193 64 152 119 93 222 137 164 207 0 199 204 88 221 70 174 173 205 237 60 141 74 114 205 177 74 236 142 153 235 64 227 168 158 99 154 128 116 216 155 212 206 174 206 185 214 147 171 117 176 188 105 164 177 187 95 112 122 196 205 155 125 137 67 135 239 134 206 195 60 96 239 79 183 204 134 148 134 166 175 107 206 114 182 65 146 111
211 97 120 217 169 114 136 194 165 225 215 219 106 193 131 175 123 178 79 166 235 175 180 84 215 116 209 90 64 201 211 80 169 235 205 192 170 181 106 235 106 208 216 0 210 63 62 135 218 132 124 115 77 159 186 122 97 240 92 127 142 184 184 227 236 179 179 160 152 123 68 119 168 238 67 194 69 77 165 103 153 81 70 236 218 228 75 160 179 149 171 137 122 205 167 239 190 71 102 64 81 217 203 175 202 208 113 85 183 207 129 214 200 163 210 165 186 231 135 197
101 108 97 112 196 203 233 94 72 205 198 93 98 133 125 60 109 117 110 170 71 206 208 228 229 66 134 208 234 89 85 62 218 92 234 168 95 107 109 92 188 211 147 112 0 148 217 218 225 171 75 132 126 152 73 129 177 186 123 121 103 182 207 93 107 172 155 202 227 206 99 93 229 108 174 68 103 113 185 229 184 116 65 110 155 231 64 102 163 75 115 143 239 184 236 147 149 73 201 146 143 73 118 99 224 216 222 229 169 77 199 215 212 157 172 103 74 88 111 142
205 171 170 179 152 155 85 115 103 154 133 221 206 62 188 117 73 174 158 178 116 195 141 93 238 185 160 115 94 232 162 140 213 111 92 203 220 204 79 151 122 112 161 175 228 0 239 72 222 190 131 212 192 225 87 128 236 184 167 188 228 66 233 81 174 196 203 201 147 198 71 134 120 157 93 82 125 128 116 198 168 162 224 165 146 70 210 158 159 203 206 145 176 156 227 217 232 174 184 122 119 199 69 191 115 121 187 92 202 175 166 119 163 188 206 206 102 117 78 164
195 178 121 106 84 194 222 128 117 149 221 200 230 129 199 179 167 175 122 186 181 191 114 131 65 97 224 109 159 150 124 218 78 223 233 162 93 119 172 126 140 104 86 132 75 63 0 136 178 111 175 230 131 77 188 106 112 99 224 131 200 164 87 143 67 202 159 119 127 103 101 98 126 87 143 115 154 182 225 178 64 118 189 116 153 178 112 211 115 143 82 238 173 169 187 210 73 87 206 72 75 70 207 96 63 189 186 219 95 192 234 221 130 90 153 171 161 95 142 162
157 85 150 132 176 120 113 76 184 80 69 87 228 101 188 126 138 236 116 236 216 170 102 95 165 85 138 160 168 63 126 188 134 82 202 191 64 223 93 180 211 169 97 98 109 170 155 0 130 123 195 123 147 206 78 180 88 69 204 63 227 195 91 63 96 198 194 181 183 98 98 71 213 80 139 73 182 153 119 180 88 64 213 163 87 155 102 215 194 86 156 143 178 82 121 95 221 144 200 237 220 191 108 127 192 105 133 74 148 170 98 122 102 91 62 169 91 67 150 110
70 141 211 153 80 194 163 102 97 103 180 81 135 173 236 106 236 173 239 133 62 226 133 233 64 95 198 174 146 141 188 176 87 88 196 194 148 163 90 111 62 216 200 237 61 80 167 158 0 126 157 167 76 181 216 211 185 128 183 103 97 97 97 100 204 136 201 202 91 173 141 101 137 160 149 89 91 214 199 218 145 233 134 191 167 194 143 240 124 78 211 175 158 101 185 195 179 138 71 171 144 113 88 106 224 69 145 217 236 114 177 150 70 201 111 127 135 119 116 106
227 87 200 214 231 66 98 237 178 118 165 139 67 210 77 180 217 208 62 78 91 97 122 76 214 176 181 64 215 232 152 217 70 153 176 215 227 72 206 106 181 83 236 94 66 144 199 97 228 0 224 123 98 200 207 67 177 111 61 221 71 113 162 110 129 119 151 154 144 175 62 235 85 204 141 195 200 149 121 203 73 239 168 129 140 164 226 224 218 139 107 157 220 147 217 104 225 91 209 160 63 174 132 233 125 88 213 212 191 232 186 176 148 166 131 150 209 221 125 60
120 204 150 123 214 79 75 129 158 167 192 158 86 231 188 139 153 138 213 85 174 203 160 172 148 185 92 147 73 101 142 86 128 222 111 135 193 109 237 169 105 229 148 77 240 145 69 99 88 211 0 106 119 108 97 183 168 235 203 187 212 130 123 203 228 153 103 235 107 79 74 157 195 75 137 71 108 146 226 86 144 221 215 67 103 202 115 80 117 80 186 171 235 90 113 184 90 106 117 89 144 95 232 222 68 218 90 67 204 190 162 98 223 151 236 229 153 184 159 219
238 144 140 213 234 70 234 206 165 122 154 87 100 151 221 127 205 176 74 184 152 74 171 191 89 178 158 225 219 156 185 79 79 87 95 171 112 130 172 168 68 83 217 161 71 131 90 215 122 196 117 0 234 137 235 134 171 165 74 84 108 184 215 203 180 129 132 101 187 90 147 83 166 239 76 218 213 155 91 204 156 85 176 188 111 219 183 62 132 148 239 189 189 86 178 207 239 165 216 181 166 109 91 73 177 180 144 124 155 143 152 237 174 203 94 141 192 87 139 209
99 67 224 227 166 83 74 225 126 107 79 68 127 164 236 138 93 70 152 65 94 169 143 65 193 215 162 63 127 160 234 231 92 123 219 168 234 103 77 149 138 123 226 239 161 92 133 179 192 124 129 209 0 200 230 190 195 76 97 202 185 215 134 218 235 209 191 191 128 110 135 171 138 91 119 62 183 168 65 199 79 143 153 83 188 222 65 78 63 185 114 185 232 217 235 162 194 68 93 112 190 88 221 61 102 154 229 127 157 228 199 111 109 213 201 108 108 144 125 233
159 147 122 147 97 237 129 123 164 209 161 219 145 75 193 97 162 118 237 234 111 122 146 76 204 65 131 211 176 116 203 118 112 140 163 193 146 93 84 83 200 142 78 142 151 63 142 85 149 225 140 121 120 0 222 72 215 127 100 79 158 167 117 98 237 164 106 129 204 223 147 134 122 113 143 110 145 81 126 75 150 94 73 139 238 185 234 69 71 142 104 199 117 231 70 159 225 196 206 185 75 229 224 70 202 227 183 83 107 227 70 77 124 159 208 61 216 212 74 123
234 185 106 83 150 172 173 106 221 229 99 85 190 145 198 141 141 93 188 89 76 231 66 163 127 165 104 166 167 185 183 123 195 191 149 234 119 60 206 151 171 233 95 176 110 136 222 91 133 116 181 209 169 85 0 66 195 79 110 239 214 138 211 223 80 211 225 66 138 90 104 74 150 111 166 112 176 237 83 157 127 121 174 122 101 74 228 161 160 139 66 201 83 224 99 128 81 116 214 71 126 89 180 110 185 146 85 239 111 61 136 139 134 98 125 178 219 176 72 111
104 72 200 158 152 108 223 204 239 202 138 170 181 156 183 208 228 98 105 102 113 102 142 212 151 186 92 155 225 209 95 185 166 112 91 77 231 221 227 211 180 100 142 147 89 152 184 190 161 143 203 143 156 219 192 0 118 175 96 128 237 171 179 156 214 159 211 172 111 188 147 179 172 86 218 89 118 97 185 152 94 97 240 237 155 116 240 180 119 154 79 191 101 123 177 145 121 132 196 147 183 161 73 228 85 187 190 98 106 78 187 202 70 159 175 231 121 199 112 182
211 238 136 226 237 131 157 118 67 187 128 101 190 174 118 198 89 105 114 118 158 240 106 63 60 127 153 203 118 142 196 187 120 196 70 86 133 79 184 83 224 91 146 151 187 108 108 74 180 237 183 186 176 92 95 163 0 197 73 114 61 154 221 80 141 189 128 182 177 93 184 92 127 173 222 137 76 203 95 94 153 141 181 142 170 157 78 232 192 74 144 105 102 212 210 160 235 107 184 163 111 100 212 87 62 171 136 226 187 224 84 179 108 174 165 228 158 192 120 185
142 218 163 182 81 230 131 218 207 126 117 122 210 214 222 126 74 99 188 103 240 211 233 171 65 116 136 176 212 189 131 118 240 137 80 63 219 93 116 174 70 140 90 154 218 72 217 227 109 233 237 224 120 112 92 214 187 0 222 82 182 211 194 112 75 175 102 75 130 148 207 130 191 169 74 103 191 138 152 201 127 163 170 215 195 104 213 114 152 168 155 158 216 205 132 231 75 78 81 197 226 148 223 154 154 96 135 116 214 101 133 240 231 66 192 173 66 84 184 83
232 78 83 127 107 228 134 144 178 111 223 108 166 115 187 163 71 105 139 72 173 165 189 187 133 152 217 192 193 60 137 110 85 179 129 156 116 187 71 96 167 210 123 212 76 218 178 159 213 116 206 88 116 88 105 68 238 144 0 119 67 75 124 227 171 177 165 132 60 149 183 126 235 190 178 76 229 179 232 159 103 108 181 183 192 220 70 197 229 134 223 216 217 164 136 88 93 93 74 119 157 97 81 95 175 168 228 179 90 80 78 72 207 238 209 181 137 120 228 191
79 218 157 133 226 109 172 176 118 195 109 229 167 195 206 111 187 102 126 188 227 213 115 87 65 72 189 101 116 75 182 135 130 233 132 222 105 112 170 189 69 139 212 160 86 227 172 208 183 110 220 62 135 100 239 60 121 85 79 0 99 73 113 114 74 161 224 186 113 186 226 144 201 194 207 158 214 209 228 179 213 189 118 73 150 101 138 90 227 116 167 137 119 124 92 127 201 132 215 143 137 87 178 177 202 173 219 111 208 98 223 84 238 197 182 202 97 69 105 81
191 66 88 93 155 210 217 213 204 141 102 100 126 210 239 152 74 110 109 221 166 80 185 65 146 74 189 70 222 89 67 152 218 151 94 201 191 222 133 110 65 107 211 204 116 200 116 141 101 60 98 138 122 95 103 198 109 109 226 210 0 92 102 169 168 182 213 80 170 167 224 91 66 233 193 65 179 172 167 212 201 239 80 196 161 118 124 231 113 147 135 105 97 125 157 98 150 101 216 118 84 99 67 179 142 238 201 151 104 181 198 72 79 190 123 147 222 137 126 146
235 172 217 237 163 167 143 122 223 89 134 111 152 173 137 119 214 188 77 76 101 97 145 161 221 77 109 175 147 134 79 137 221 238 192 149 179 124 170 176 195 194 70 139 97 67 121 164 231 199 155 95 74 214 215 156 60 198 176 141 194 0 152 151 213 153 164 240 103 144 170 212 116 132 73 184 168 67 237 136 135 135 158 168 141 107 102 156 123 98 97 215 60 208 208 167 181 75 77 166 151 151 234 73 114 162 150 101 111 194 219 238 209 91 84 115 94 130 237 171
137 195 166 94 211 205 215 200 196 147 76 207 89 114 98 107 160 159 240 60 221 76 180 197 195 173 150 91 178 102 197 163 165 93 213 153 68 153 159 149 60 79 125 94 174 133 200 162 149 173 149 229 220 192 197 210 66 164 187 113 204 84 0 132 142 157 73 121 207 173 66 204 177 191 213 71 121 214 79 207 240 98 145 194 112 200 218 64 227 174 141 142 174 100 147 137 104 150 134 180 188 184 126 165 93 135 113 167 130 73 71 213 141 132 168 208 227 118 231 75
232 236 166 233 203 209 169 173 190 127 96 106 189 158 172 175 60 173 143 147 88 139 149 88 91 239 120 197 152 158 75 157 111 176 217 101 139 164 214 164 168 117 199 171 215 112 70 133 166 88 117 80 65 140 113 128 127 160 176 225 189 97 102 0 65 174 228 206 88 127 98 166 119 159 203 166 140 66 203 145 95 209 226 103 81 102 208 97 206 158 61 130 154 205 218 76 81 198 154 200 82 84 164 170 116 119 151 106 158 218 181 63 114 213 181 122 139 89 92 225
70 191 102 117 105 146 118 166 138 65 68 154 145 205 190 96 86 147 104 184 224 203 65 223 77 93 156 178 65 195 158 187 110 74 222 172 103 92 151 219 94 100 184 131 184 160 72 125 209 178 61 219 212 124 199 212 88 130 144 86 230 122 191 150 0 134 217 235 157 116 174 119 102 61 185 235 106 235 98 91 87 219 171 136 91 92 134 116 178 108 147 92 76 137 184 108 206 91 113 63 94 188 67 166 158 189 183 224 182 132 79 75 105 227 143 61 92 90 159 123
60 180 139 82 123 180 96 145 102 95 157 220 128 93 70 175 161 87 107 208 77 204 162 78 168 122 220 183 75 197 208 121 177 165 214 153 138 224 120 207 224 82 124 95 176 208 68 221 135 189 94 181 92 202 124 123 96 167 227 73 98 191 198 93 192 0 68 164 196 178 99 234 66 196 88 202 87 225 87 175 136 86 132 159 134 122 142 203 171 72 168 140 67 91 154 115 217 120 125 187 76 190 117 62 143 171 185 198 195 127 105 84 97 60 92 188 150 180 237 132
219 113 87 201 108 225 123 160 232 83 77 235 227 105 210 153 185 139 183 232 89 89 214 191 206 98 223 71 128 88 161 156 191 108 85 226 140 119 97 155 240 139 134 96 149 101 177 131 95 70 182 82 146 162 70 148 81 191 226 234 236 131 103 73 102 155 0 98 171 142 216 177 169 185 158 89 62 238 214 64 160 183 236 109 202 89 117 150 110 62 196 116 237 125 156 195 181 123 148 214 167 181 181 117 97 235 78 167 199 219 200 104 199 175 161 172 160 136 185 164
182 141 215 233 172 82 213 184 201 101 224 83 81 157 118 238 231 129 127 145 66 64 68 229 119 74 220 111 163 194 162 177 215 148 228 178 150 127 225 154 82 79 85 163 84 164 143 101 120 123 222 101 142 185 203 183 177 78 126 85 65 196 199 118 167 72 235 0 154 86 217 212 90 192 113 131 221 91 207 185 136 200 181 72 99 173 80 165 214 235 209 168 169 62 76 232 79 84 144 166 163 186 177 188 185 181 93 149 99 165 230 159 156 189 170 191 111 100 155 84
103 105 201 111 109 124 164 150 134 158 139 180 93 68 71 187 84 231 69 92 67 177 203 104 194 223 95 135 143 213 188 149 187 70 98 167 193 63 69 174 154 92 124 73 66 140 236 128 122 120 102 143 193 210 215 160 106 190 199 138 153 221 99 224 217 129 66 214 0 144 66 142 170 163 208 215 232 100 146 238 127 232 75 182 91 220 232 133 93 135 114 234 117 60 238 134 195 174 72 163 219 97 226 205 168 165 219 175 71 115 213 173 70 133 133 234 69 221 89 156
123 154 94 210 154 68 139 221 144 89 216 177 169 114 219 161 122 200 165 193 116 60 104 62 79 214 184 156 186 221 186 181 92 70 92 72 150 168 114 125 180 89 228 196 135 87 224 157 172 104 154 201 130 191 193 240 239 103 136 67 229 240 115 189 83 170 219 128 108 0 81 210 177 215 161 233 140 94 180 180 98 195 197 186 89 156 126 121 134 86 150 175 93 239 170 143 174 123 150 182 225 74 136 134 212 173 106 145 124 198 205 60 201 200 124 78 92 223 240 223
134 98 211 96 232 191 104 187 64 152 238 125 200 98 183 239 205 206 76 206 158 172 240 173 108 158 167 226 152 93 93 108 102 164 101 168 187 224 92 138 231 91 225 157 76 168 111 188 160 98 116 183 81 121 169 61 97 133 177 231 66 153 153 181 121 99 237 99 227 77 0 239 82 191 175 186 69 151 183 70 118 168 223 157 222 90 223 235 125 89 159 168 164 205 89 145 139 64 90 133 114 93 142 136 197 162 109 75 214 111 229 181 102 183 129 190 73 74 167 72
230 116 82 160 202 172 154 88 238 215 159 228 75 184 150 220 200 232 181 81 131 144 79 150 218 83 221 131 196 221 124 95 68 162 167 134 111 211 118 82 186 176 234 152 94 211 208 221 73 107 84 95 211 105 215 79 199 151 146 220 130 158 159 139 164 219 238 75 203 153 102 0 129 147 139 195 101 219 125 94 140 145 188 80 99 229 157 174 238 219 232 77 76 187 102 210 143 226 134 63 217 95 221 183 133 78 190 92 183 156 187 237 95 113 139 67 203 89 222 197
221 232 135 83 182 215 89 193 132 185 63 183 84 168 95 211 221 182 99 198 139 161 96 228 107 225 92 163 107 76 67 177 198 219 228 177 78 179 61 76 70 64 139 214 109 70 189 151 61 84 195 92 225 234 195 60 106 111 171 149 166 184 164 96 121 89 162 108 194 86 95 174 0 108 184 187 141 172 101 179 91 190 158 94 178 95 100 135 180 98 69 60 106 185 96 140 129 70 116 221 205 191 197 205 177 233 174 218 181 161 69 166 63 96 155 139 171 154 131 83
72 223 75 99 217 172 182 207 217 114 227 178 142 237 166 197 175 240 163 134 192 174 120 111 240 96 124 172 226 221 135 227 239 193 71 122 213 126 196 151 181 109 237 62 235 149 83 206 105 119 174 138 161 181 79 234 63 125 112 115 102 108 141 180 127 223 210 210 118 212 165 165 189 0 164 81 226 120 236 175 114 211 63 155 238 157 202 237 181 78 211 64 204 220 186 173 233 239 81 166 197 104 76 204 224 74 205 147 80 216 199 133 115 237 144 184 72 76 114 66
69 204 190 143 177 180 65 213 87 127 117 82 178 120 90 125 223 200 135 213 82 68 64 124 216 159 240 95 227 226 118 114 151 192 230 221 186 181 201 195 153 203 185 136 135 126 162 229 229 138 152 128 122 169 149 205 163 80 105 147 139 170 209 120 231 132 147 86 183 195 204 184 148 198 0 223 123 89 119 238 75 64 176 70 149 185 164 125 74 238 178 224 91 82 112 70 124 109 180 218 79 166 194 101 233 158 211 142 124 90 81 70 118 166 187 180 203 101 231 152
107 200 167 189 179 200 87 179 95 212 228 135 197 96 146 92 237 181 78 131 238 197 177 216 157 108 214 217 214 112 234 110 160 85 203 215 101 111 209 162 222 186 109 230 69 166 72 109 187 230 110 62 123 90 131 200 180 199 216 87 218 171 141 212 169 87 111 73 226 108 199 134 135 176 213 0 219 187 181 117 132 158 200 226 172 155 97 209 130 154 66 120 61 65 180 186 169 89 132 206 151 71 223 81 172 142 148 60 135 68 99 217 159 120 203 120 153 230 141 104
187 159 145 138 231 111 139 190 202 103 84 117 129 93 235 232 149 166 109 162 65 149 127 131 209 66 200 62 152 110 78 200 136 108 186 97 237 148 165 200 90 236 134 60 88 210 170 208 166 119 173 159 86 67 166 103 213 237 205 89 207 183 77 128 231 194 79 101 223 198 121 120 82 223 121 134 0 95 200 60 199 172 165 216 177 188 116 139 128 156 163 165 111 77 129 87 151 151 66 111 200 157 103 77 152 153 66 112 132 177 94 195 83 189 158 66 156 87 200 197
190 81 208 91 124 98 150 225 189 182 91 80 230 184 108 161 183 111 144 202 233 93 186 112 62 139 129 163 142 96 101 120 162 127 112 72 65 203 63 167 207 185 192 189 134 227 195 170 220 66 209 75 177 77 178 64 181 144 118 166 151 107 151 189 107 217 136 68 224 128 209 61 181 62 67 151 157 0 155 77 83 80 143 225 205 240 177 63 85 207 128 194 150 202 191 94 176 70 150 193 239 138 125 205 60 86 126 117 131 232 68 86 229 177 62 72 89 95 166 149
142 218 159 84 232 120 184 179 130 136 94 171 69 152 235 148 231 166 159 233 146 74 184 67 215 203 216 88 215 218 128 232 76 139 202 119 86 231 221 144 84 210 181 172 104 139 210 205 98 208 232 200 187 147 180 227 233 152 192 161 68 169 162 161 88 167 160 160 153 185 164 173 172 83 61 223 158 123 0 152 94 218 163 139 163 115 168 91 178 162 63 105 77 217 136 156 139 122 96 212 193 138 88 116 101 103 187 190 108 165 152 118 206 151 212 66 175 154 94 72
206 128 71 123 206 145 174 155 179 209 170 157 123 74 232 237 80 197 121 81 220 108 154 85 183 237 240 71 128 237 72 70 132 153 166 67 145 123 172 190 163 232 231 96 221 143 237 229 137 95 88 186 160 88 83 72 214 221 146 193 109 139 75 171 127 152 223 100 125 112 173 67 193 114 212 178 177 145 74 0 177 111 160 66 222 79 92 209 134 83 166 91 158 131 149 225 120 172 186 60 215 94 209 177 113 197 210 218 142 106 239 195 81 131 137 95 86 190 233 97
68 229 138 103 78 101 93 144 156 230 181 122 64 142 89 147 215 231 92 75 163 203 178 239 82 109 145 223 222 118 140 204 144 163 147 64 180 173 146 236 190 161 96 72 183 84 84 126 232 107 97 230 226 130 197 160 220 177 175 150 145 137 235 62 60 220 117 95 235 81 192 233 81 217 87 90 103 183 65 158 0 94 173 72 156 188 178 239 213 86 80 75 94 79 208 71 66 224 80 143 151 121 226 111 185 149 110 180 159 122 93 199 240 130 220 172 139 98 128 157
155 207 178 220 142 165 122 174 117 140 219 145 79 140 127 139 60 100 232 172 91 227 187 197 200 110 120 234 192 215 214 163 191 133 126 143 95 100 236 129 178 105 128 75 81 122 236 87 75 181 72 116 79 76 128 176 187 205 213 125 185 119 124 212 198 223 159 170 200 100 141 90 119 172 170 95 182 191 201 154 200 0 191 205 65 126 186 219 194 181 219 112 90 204 214 106 204 148 198 82 219 200 213 119 199 81 192 212 68 135 80 217 100 231 155 197 170 80 169 134
240 87 151 118 192 88 193 196 151 213 96 217 138 170 105 72 155 144 149 62 140 224 195 141 237 76 96 216 104 133 122 75 211 103 190 119 199 77 98 149 217 142 149 105 69 178 147 194 125 136 158 239 138 151 69 136 121 75 72 81 240 214 162 211 174 149 145 120 232 167 88 110 231 221 177 160 228 178 155 212 98 69 0 202 84 184 234 168 142 163 225 221 238 194 191 135 179 124 106 233 201 118 190 197 109 70 89 199 210 213 91 138 185 219 140 208 219 216 100 221
158 221 103 229 225 113 117 139 156 199 181 170 192 152 211 149 132 182 80 66 133 152 185 190 97 217 203 224 84 193 107 64 188 65 198 167 125 205 197 125 208 110 189 123 193 135 100 115 146 144 105 129 183 177 177 192 143 169 203 120 198 235 62 170 235 162 138 234 78 202 137 235 85 126 215 214 231 155 210 209 213 168 159 0 93 80 115 75 82 225 113 220 136 188 77 161 139 85 165 223 212 116 208 129 190 170 117 182 86 66 234 118 127 85 148 156 211 195 155 185
211 226 115 231 207 220 122 89 240 88 197 76 134 181 209 224 206 129 163 128 197 97 191 109 112 121 75 211 180 161 82 79 201 226 196 188 142 120 141 77 181 152 65 228 107 167 62 212 183 208 158 211 223 156 174 110 200 225 210 149 211 74 112 169 88 96 70 192 114 93 200 78 186 239 74 136 201 154 84 160 94 168 103 199 0 62 232 161 218 186 64 127 68 113 70 73 78 113 93 142 213 88 104 215 129 78 215 230 158 142 125 117 63 193 159 117 185 130 147 236
143 128 103 163 66 231 225 219 133 101 60 62 87 113 103 110 125 88 227 182 232 204 165 73 131 170 200 114 99 187 191 123 217 182 114 107 97 107 123 93 83 204 205 161 162 65 147 142 187 65 91 237 141 117 218 116 198 132 99 180 227 232 177 86 210 133 73 191 72 200 117 141 165 111 93 99 186 109 133 60 216 115 195 237 70 0 78 229 129 230 163 226 68 199 83 155 83 106 146 169 238 209 121 212 237 190 110 61 154 218 186 114 158 81 117 114 81 64 175 207
134 135 235 89 158 237 71 189 198 196 150 211 138 77 162 169 172 208 95 132 177 165 192 230 233 197 184 228 95 162 150 229 102 181 129 159 160 169 154 95 75 104 124 103 135 90 124 233 124 91 126 106 99 68 237 66 239 67 214 222 97 233 130 201 224 225 209 186 148 80 218 117 207 170 207 78 109 126 115 223 168 230 121 128 190 71 0 184 179 179 177 201 215 93 155 81 83 123 66 187 73 67 143 170 194 68 159 120 101 165 179 76 143 186 213 237 100 164 205 195
169 104 66 221 179 65 102 107 230 186 170 174 77 218 231 60 225 172 163 141 154 204 166 203 100 71 196 114 109 154 214 196 64 100 160 211 122 214 122 236 188 131 61 228 85 70 94 176 147 223 156 141 110 224 79 209 218 157 130 98 190 88 167 61 61 139 198 105 239 70 239 70 96 172 104 204 114 201 143 141 171 138 86 147 103 179 225 0 154 151 206 218 240 222 143 221 155 180 79 218 166 232 232 88 119 92 166 66 225 158 147 132 184 218 190 192 240 78 88 84
151 161 86 155 103 183 231 220 176 90 74 76 110 120 86 105 201 99 66 123 218 132 70 143 188 111 110 96 205 113 135 167 114 174 181 87 170 207 133 142 164 185 237 139 89 119 171 84 211 233 160 80 173 175 76 204 164 140 85 78 101 225 197 174 161 112 75 213 185 205 208 95 236 75 118 107 91 111 175 68 89 106 143 95 87 213 226 147 0 192 66 152 211 60 87 132 236 144 123 149 175 117 177 203 91 154 196 147 179 224 217 225 102 174 204 82 201 108 99 197
147 120 84 197 101 162 174 67 82 115 137 169 189 138 169 225 172 62 60 70 141 209 223 155 120 63 220 158 98 179 232 151 74 159 231 139 101 130 217 203 159 98 86 78 152 86 67 114 209 168 173 201 122 76 240 125 198 175 185 130 85 90 190 81 174 150 93 111 188 200 140 216 111 166 63 195 227 228 212 101 235 80 72 205 153 238 186 209 130 0 176 190 202 145 65 173 226 181 61 133 70 127 148 86 182 110 141 172 235 185 61 180 165 136 118 199 193 174 220 128
114 176 225 74 72 118 133 94 144 232 136 97 231 228 60 132 203 168 219 204 90 165 105 112 116 172 147 236 157 151 115 68 182 144 121 88 195 160 144 152 118 230 107 165 196 215 229 185 228 63 231 152 105 114 170 210 185 210 125 91 175 122 60 122 209 228 147 113 122 174 110 175 122 134 231 188 203 235 169 94 158 178 87 80 111 185 170 216 172 221 0 210 219 146 138 240 64 237 82 149 120 144 221 136 78 143 81 132 89 141 230 82 141 89 158 167 64 158 99 128
129 169 165 129 229 206 76 212 188 65 75 103 143 221 109 209 228 132 152 233 205 96 156 155 73 144 157 67 159 68 192 220 141 96 235 89 80 109 67 146 236 96 184 162 165 165 195 106 208 239 184 150 111 195 205 130 114 129 191 231 186 208 212 140 224 117 62 105 233 180 64 131 177 63 139 98 143 133 90 117 102 213 216 240 142 219 122 215 76 240 129 0 205 154 109 193 202 140 186 73 239 142 69 196 140 210 213 82 157 174 163 156 88 116 64 200 218 167 204 197
220 198 112 99 211 131 61 139 196 213 215 102 90 92 180 117 70 157 128 183 84 93 198 237 162 229 129 184 118 110 157 219 84 87 115 65 62 74 176 217 204 229 81 93 87 127 219 171 75 173 167 62 128 214 138 148 176 107 66 114 101 198 190 188 102 107 130 118 225 193 97 120 82 93 195 145 186 125 121 111 199 179 91 192 207 191 133 78 78 189 209 176 0 113 159 212 141 96 159 208 62 138 173 224 184 230 109 171 127 124 121 110 231 86 155 98 95 66 69 227
219 136 74 90 226 95 177 129 104 201 215 83 153 103 128 188 113 65 154 107 82 234 69 110 238 188 90 215 158 119 72 224 170 134 156 239 188 196 201 126 184 175 141 130 123 77 216 193 152 219 126 84 89 237 211 210 139 143 124 205 164 163 120 66 236 226 100 222 142 96 198 185 205 176 186 195 86 174 145 88 171 237 214 146 121 108 194 229 102 217 153 141 92 0 202 143 164 205 126 222 238 183 62 237 125 167 193 227 117 96 155 194 96 127 121 150 94 183 137 209
75 120 88 191 150 171 212 149 105 69 124 136 102 217 165 146 131 133 207 180 76 136 231 61 212 175 98 101 99 86 65 209 110 73 223 120 233 218 232 163 138 174 77 194 88 196 130 189 155 89 65 178 83 91 172 163 108 197 64 129 157 125 120 120 172 104 103 133 180 188 239 112 231 166 147 221 177 111 161 166 228 220 87 199 144 81 120 172 122 107 118 236 180 139 0 194 216 129 215 115 155 100 92 114 62 67 122 194 117 178 71 119 190 156 212 229 202 220 221 102
195 93 127 106 198 133 186 118 108 152 133 163 219 89 218 66 122 151 63 174 94 163 132 220 141 239 134 221 131 138 153 144 216 212 240 221 134 179 89 125 198 108 206 177 226 233 131 165 186 210 180 124 153 217 149 78 109 80 176 229 219 204 192 225 159 127 61 219 103 226 133 168 112 216 93 170 84 206 61 206 65 120 133 148 104 167 170 211 91 129 114 229 73 165 125 0 196 119 102 221 136 132 60 194 60 161 122 92 179 181 158 89 150 199 190 213 143 158 195 112
202 127 138 84 137 148 194 130 206 88 166 227 186 101 202 169 77 219 225 166 182 162 198 142 67 104 143 170 207 199 148 177 179 105 223 195 218 67 218 75 163 208 95 193 215 118 127 80 91 86 81 178 136 216 107 166 112 163 140 158 191 88 174 74 149 90 100 134 183 201 234 100 71 177 236 132 201 187 137 94 71 66 101 144 129 66 173 232 222 65 134 104 130 143 101 74 0 86 125 138 140 86 126 200 65 141 109 157 113 82 87 78 172 182 98 113 61 63 134 217
140 102 201 115 209 189 125 157 227 240 157 73 95 183 124 76 127 73 201 118 83 89 225 146 181 234 197 160 216 231 118 219 180 117 86 93 88 69 111 223 183 201 160 97 152 137 121 211 79 99 134 141 80 176 76 101 226 217 92 113 123 228 208 185 200 141 84 88 79 184 160 110 179 124 138 229 217 151 233 209 166 190 206 179 147 164 161 212 110 126 164 121 99 132 108 225 103 0 88 239 233 165 233 144 81 183 113 163 120 125 81 227 149 199 114 85 173 79 210 165
221 159 150 198 172 153 67 105 223 190 129 176 73 187 62 195 152 73 197 93 232 229 88 188 139 84 228 72 179 234 186 160 198 69 169 98 138 109 183 92 198 78 209 73 168 95 61 228 67 240 84 218 185 81 188 201 181 101 183 212 120 191 236 203 151 100 172 239 65 173 77 229 239 192 88 121 173 237 163 76 150 177 125 150 239 195 238 77 88 214 217 152 184 117 121 93 229 232 0 104 170 218 119 136 149 137 189 154 145 219 213 93 131 182 180 228 143 107 181 154
231 137 65 237 109 157 175 224 231 169 207 105 219 206 70 124 158 169 220 181 108 79 163 222 77 78 182 107 160 166 201 137 120 224 106 143 171 62 191 187 72 102 239 205 98 172 98 61 161 144 229 89 227 159 115 68 168 210 131 221 154 215 75 86 214 194 90 190 208 195 186 195 71 94 110 96 219 235 144 150 125 99 189 82 196 161 178 181 205 124 128 136 122 91 155 77 212 138 192 0 171 224 232 82 98 229 115 83 194 85 236 157 210 80 165 223 178 73 224 158
137 63 181 212 161 98 109 123 150 207 192 86 234 238 199 118 141 161 237 130 140 179 120 222 228 212 202 182 142 133 189 228 61 158 150 188 187 193 204 169 93 165 156 152 199 204 152 239 137 97 185 187 175 144 197 89 208 134 143 155 210 189 166 84 110 153 160 93 205 141 214 173 96 174 187 175 197 221 203 114 167 183 83 156 222 197 158 124 179 123 209 224 145 105 159 129 207 163 220 209 0 148 73 123 204 162 190 126 192 128 223 221 151 211 80 171 107 63 161 193
227 228 60 111 142 126 90 188 160 63 134 107 152 176 151 64 218 193 95 139 162 104 113 236 117 213 68 235 96 71 210 93 205 166 209 130 122 95 214 195 213 167 111 168 120 184 66 155 79 115 230 65 189 109 129 95 169 213 184 206 60 132 176 89 130 195 161 186 70 151 236 205 155 217 161 161 194 124 145 203 235 88 171 111 153 144 93 210 184 120 93 164 112 130 181 230 212 126 115 205 138 0 125 133 215 137 187 150 190 93 128 93 175 111 151 140 63 164 133 197
99 207 60 219 204 128 225 210 83 101 73 74 67 93 73 104 196 230 122 166 104 108 209 147 76 67 176 188 210 200 228 163 111 225 159 90 232 82 206 112 169 93 135 170 208 190 75 136 79 227 155 148 170 171 209 230 236 180 172 99 65 206 105 145 139 114 107 183 179 218 199 85 178 232 192 213 188 107 211 154 72 97 73 191 149 203 231 127 84 117 77 228 118 202 164 144 92 64 92 192 230 106 0 193 90 85 198 90 111 180 152 112 236 70 199 64 230 232 154 87
142 128 149 188 139 230 74 214 170 121 199 163 175 213 220 201 226 211 86 125 195 229 127 98 181 101 65 127 110 61 204 212 233 95 174 169 87 90 159 205 84 119 149 113 239 112 232 69 114 228 116 85 161 227 65 65 109 129 76 90 72 226 118 211 215 93 161 65 81 151 164 139 61 104 80 190 180 78 115 92 145 123 98 138 205 170 133 147 66 137 67 197 135 206 163 68 138 78 116 201 217 195 128 0 90 114 175 160 93 128 151 137 78 167 66 237 64 103 135 178
85 104 112 158 156 86 236 213 196 101 175 153 76 169 146 168 134 65 195 220 78 177 152 151 92 85 155 217 204 240 180 182 120 94 201 202 240 120 112 72 225 182 238 176 95 152 215 118 114 219 163 148 145 68 211 183 122 173 97 105 88 188 157 216 92 123 65 178 117 128 215 183 164 112 234 138 126 194 189 68 122 238 102 214 152 121 187 74 210 82 227 216 90 79 170 62 116 204 206 136 172 180 200 195 0 108 69 100 229 171 163 98 80 135 141 213 219 84 133 198
158 108 224 112 118 151 105 66 160 183 181 133 130 132 145 142 171 219 205 141 152 175 200 213 170 130 217 63 110 193 183 124 155 118 79 130 179 204 97 124 153 192 167 67 106 171 196 176 156 85 161 173 90 145 182 115 89 173 64 216 200 207 138 218 209 69 166 91 149 87 207 155 154 117 127 141 120 178 105 93 236 199 223 123 153 123 84 220 100 91 238 222 92 79 160 216 94 92 125 108 240 102 96 141 205 0 106 108 186 159 185 121 116 161 95 72 74 169 228 178
76 87 214 238 147 76 62 210 191 83 127 82 119 124 137 133 144 150 131 115 73 234 145 207 86 95 215 89 189 155 74 181 147 80 129 142 99 204 84 133 163 74 79 97 240 141 195 205 121 201 112 100 208 236 90 142 172 149 92 155 199 92 182 102 90 189 96 134 145 82 82 144 75 207 102 208 165 214 79 167 61 61 149 105 78 116 138 104 221 183 82 167 96 95 196 70 98 133 239 139 203 237 222 240 219 92 0 157 202 168 172 76 93 183 127 239 221 101 67 195
107 113 229 149 169 152 79 93 219 220 126 151 103 199 137 71 166 213 231 179 171 175 220 93 130 135 95 80 192 123 82 77 86 237 167 148 64 158 188 106 236 167 126 66 134 158 81 84 189 126 139 95 93 72 202 72 173 140 122 184 193 107 148 212 163 136 148 206 110 105 240 205 145 212 178 203 220 86 202 218 232 168 92 148 204 125 222 202 221 146 125 202 85 171 154 125 226 99 168 131 121 229 157 74 119 197 129 0 98 78 63 113 223 102 237 123 84 236 213 111
171 118 95 143 222 82 203 60 146 72 86 102 107 189 238 156 198 212 184 223 150 189 76 153 233 138 60 181 169 198 208 202 110 132 155 169 64 229 82 113 118 146 90 191 103 202 224 171 152 63 203 137 218 84 180 209 87 206 146 220 227 108 231 220 222 169 110 80 188 120 86 230 84 207 204 203 128 149 86 198 207 172 92 141 199 204 164 181 208 203 156 217 118 134 148 239 85 124 115 71 157 171 170 237 119 89 217 194 0 232 119 71 194 127 144 60 161 67 237 213
70 201 198 164 143 101 160 184 164 196 206 75 204 195 153 99 133 62 174 154 240 67 60 221 150 189 113 75 170 174 110 180 113 106 122 98 196 177 207 174 105 126 163 104 223 174 196 143 129 197 151 183 187 108 218 170 219 184 94 184 181 179 220 231 70 180 109 231 133 99 198 100 112 141 101 233 105 235 130 213 75 168 190 106 153 93 141 154 225 180 191 82 88 192 214 78 72 168 135 213 162 159 61 129 233 172 205 213 144 0 239 81 76 119 239 97 118 137 65 99
140 148 227 159 201 171 110 238 112 202 154 136 193 220 139 201 150 124 195 110 174 194 164 233 82 168 236 159 189 235 237 145 63 118 73 196 67 213 60 240 135 218 137 170 161 120 192 99 231 60 185 177 177 204 168 70 75 154 144 229 115 165 186 195 185 75 88 172 182 105 140 227 203 212 86 192 112 116 133 119 231 82 233 146 151 236 111 182 125 99 216 118 166 213 206 178 228 232 235 164 145 69 155 65 215 197 217 157 79 212 0 181 75 158 178 163 157 153 165 97
73 113 213 109 215 214 65 80 61 225 79 208 138 133 93 181 223 177 121 188 239 111 94 156 61 148 73 97 161 131 148 196 78 147 110 214 101 70 136 205 233 71 208 235 234 207 128 104 156 75 97 126 207 184 182 151 76 224 151 216 112 227 165 209 123 169 188 135 80 64 96 211 169 67 223 167 64 182 213 172 147 199 129 104 171 80 144 206 226 175 154 74 99 200 122 214 203 150 60 80 112 113 112 102 162 126 189 176 124 187 174 0 95 230 228 126 108 205 157 175
191 165 199 223 137 235 105 230 160 60 232 61 117 136 133 60 165 79 121 222 92 85 127 229 220 111 116 179 225 158 77 209 171 152 112 189 221 137 126 118 60 195 227 233 129 117 154 164 100 193 124 226 172 67 211 204 75 109 230 174 92 77 235 152 73 98 78 60 94 158 231 232 141 215 205 90 200 152 160 131 134 109 187 224 90 203 195 115 177 160 197 192 66 199 116 96 218 119 139 144 122 83 216 140 162 185 112 87 182 121 226 163 0 227 177 79 185 118 91 122
61 115 173 234 97 143 122 227 171 168 88 131 63 168 87 195 214 196 162 138 114 63 118 93 235 99 209 237 191 215 110 147 88 77 129 63 103 129 212 175 102 167 156 117 76 215 198 148 185 178 147 132 123 65 155 223 236 141 135 180 115 126 138 188 236 65 166 92 165 189 77 233 140 227 192 170 128 158 137 89 85 122 143 215 184 150 192 160 202 109 170 147 169 90 134 146 127 221 112 168 186 214 171 152 239 231 205 196 163 80 160 185 119 0 221 114 183 135 228 235
186 112 76 205 75 135 88 200 81 71 69 75 103 152 196 95 87 121 214 207 146 185 156 76 163 91 120 194 135 231 124 122 116 229 223 77 162 227 64 171 170 66 100 76 196 93 237 170 162 97 90 209 196 81 90 159 144 208 100 193 182 155 212 194 114 63 78 126 110 78 168 186 226 225 178 184 214 224 91 221 73 211 119 178 237 199 237 179 102 136 224 199 131 146 73 69 98 61 197 234 119 115 204 145 99 118 79 224 109 138 239 72 135 209 0 190 70 62 170 97
111 103 144 105 178 198 68 91 158 152 74 121 118 61 79 159 140 163 228 76 141 61 105 87 148 64 156 81 225 239 220 188 104 234 226 147 134 170 190 139 68 224 191 95 126 142 204 78 217 234 114 102 152 102 227 236 105 212 185 216 90 69 97 78 141 195 83 174 194 78 125 126 132 232 222 141 148 151 152 167 240 221 63 86 90 212 240 87 112 76 198 137 72 130 133 216 188 62 235 165 100 100 231 134 138 234 121 81 125 193 125 229 167 140 183 0 219 159 228 210
164 170 90 186 176 95 148 77 137 117 186 188 199 87 63 207 184 87 112 63 235 211 212 163 226 89 98 62 112 147 75 199 92 102 193 189 159 201 197 196 79 139 218 160 164 129 195 134 95 183 127 224 165 197 118 189 163 154 105 192 177 115 188 127 166 186 73 173 191 181 187 101 93 218 92 71 214 82 136 211 137 222 102 70 208 102 234 91 153 227 219 141 73 112 79 211 166 83 104 180 213 184 207 221 198 69 211 202 235 232 161 111 218 189 125 155 0 176 226 157
168 72 240 159 61 155 112 119 88 127 130 118 201 188 178 210 208 74 141 91 192 69 156 238 198 87 211 86 100 159 237 164 140 199 81 79 184 135 227 114 144 75 221 139 79 132 71 162 145 85 71 233 215 222 113 208 127 139 209 240 173 176 186 134 161 178 159 212 201 227 88 135 224 214 223 73 110 79 230 227 119 79 97 62 155 74 218 77 105 137 100 187 85 159 118 208 124 149 150 149 119 73 131 108 110 210 133 77 240 237 116 137 186 73 105 138 222 0 70 94
205 101 182 61 218 136 126 118 183 79 162 189 148 83 162 121 94 70 103 97 133 72 145 145 166 199 95 197 153 225 108 160 162 144 203 219 207 155 237 113 188 218 223 103 227 151 167 214 200 126 90 190 102 157 74 146 203 88 213 211 126 180 93 103 228 88 179 186 76 105 117 185 101 182 180 173 79 112 89 128 150 221 118 230 62 196 224 77 99 213 227 233 214 164 143 237 136 167 218 209 181 82 172 187 201 67 156 136 225 155 108 220 60 191 120 169 190 227 0 123
123 111 96 150 81 212 68 85 143 155 234 171 146 193 233 155 211 200 232 60 231 167 189 106 182 135 212 188 142 176 227 83 216 99 207 81 234 84 104 105 152 170 90 186 164 218 193 183 105 168 108 129 193 122 74 150 104 159 155 81 235 211 65 118 132 238 139 203 123 238 111 127 142 84 230 207 123 132 223 217 134 135 109 162 192 78 71 173 201 104 132 150 232 180 195 88 219 61 155 128 174 198 171 217 181 119 94 160 98 229 124 177 138 185 118 106 173 173 98 0
