120
0 19 10 12 10 13 17 20 16 18 16 12 13 15 16 20 8 17 11 13 10 20 8 15 9 18 12 15 16 14 7 8 18 19 12 9 7 14 18 15 18 9 9 17 8 12 5 10 19 17 13 17 9 5 11 18 6 20 17 8 7 18 6 16 14 8 14 6 18 12 17 6 12 19 18 20 9 12 17 5 17 20 7 8 20 5 7 7 13 8 17 13 8 8 17 18 8 5 5 5 7 18 9 15 7 8 20 20 6 10 12 16 12 8 12 14 8 19 12 11
0 999  421 677  241 348  109 281  270 654  451 860  260 606  332 653  342 383  194 447  333 585  405 609  304 578  250 639  298 398  341 509  189 543  353 599  454 708  220 454  287 555  263 340  228 337  276 698  307 434  293 427  118 238  217 533  416 827  426 861  269 310  283 626  284 562  245 376  141 181  331 417  133 282  306 669  258 676  372 811  445 848  377 495  370 632  431 825  415 663  357 756  249 389  103 142  245 665  245 662  282 586  171 414  347 728  325 584  262 549  345 736  291 671  174 416  211 634  241 309  255 345  425 578  339 640  185 358  70 207  289 374  70 112  415 501  168 602  251 591  144 489  163 364  139 532  347 588  329 423  234 369  203 270  184 527  303 495  103 349  462 566  293 627  467 514  319 473  260 409  214 602  200 238  410 695  453 716  113 460  211 329  273 624  378 720  254 567  136 217  242 590  254 585  222 649  148 185  380 525  439 600  390 494  224 469  185 550  283 625  226 277  333 671  347 449  287 436  252 668  179 397  432 550  185 369  406 541  199 341  245 341  410 579  217 503  168 502  343 423
0 236 222 84 158 230 210 101 168 90 212 182 223 130 206 170 120 147 214 91 105 93 155 192 99 163 102 99 196 225 136 167 76 83 124 175 83 78 91 134 217 215 228 219 179 199 216 92 195 216 219 127 143 191 240 166 140 60 113 135 211 204 106 66 61 127 65 185 140 128 97 144 122 170 182 74 125 177 109 91 233 143 234 162 88 180 102 176 213 69 190 179 207 130 125 110 60 206 67 209 220 187 115 134 176 62 144 170 150 113 125 206 80 187 162 150 189 190 90 125
224 0 238 223 169 165 168 125 192 128 104 74 226 75 74 134 92 99 72 230 93 226 110 89 107 118 65 189 75 87 214 183 152 77 114 162 215 226 169 120 149 93 141 62 132 201 95 234 186 97 85 114 205 236 67 110 128 139 177 82 98 199 164 190 116 178 80 108 199 107 126 184 115 228 185 219 147 108 165 77 132 89 141 124 135 66 131 213 235 138 108 209 207 118 158 83 179 180 212 164 146 231 222 182 75 148 86 64 142 233 182 189 84 200 165 123 160 127 154 152
233 142 0 218 82 227 134 220 87 131 131 187 232 167 221 125 140 197 237 61 108 195 141 226 166 122 132 193 173 160 202 191 171 64 222 80 238 60 212 99 170 140 235 176 162 88 201 122 228 194 133 145 164 67 78 67 188 108 156 62 182 148 104 156 238 192 114 211 152 192 167 238 80 86 169 93 162 67 184 182 220 220 107 92 77 108 122 190 74 228 200 218 145 176 175 223 144 138 87 216 206 92 147 199 120 169 195 135 219 166 120 80 225 240 96 119 90 154 112 184
158 193 204 0 86 163 224 137 174 145 113 119 149 181 197 81 116 84 182 129 63 115 138 239 226 73 216 147 96 199 110 225 207 190 61 208 221 60 237 61 106 116 214 138 166 98 160 201 227 213 90 153 229 116 134 113 60 231 129 140 81 233 149 126 65 60 107 92 108 221 78 217 100 128 190 227 227 175 172 237 156 117 61 140 128 95 138 232 74 232 238 159 90 125 154 158 65 205 185 100 201 192 230 185 188 124 76 230 121 231 220 108 78 73 90 224 171 157 157 122
215 154 198 232 0 156 94 195 174 130 73 185 220 141 187 159 61 229 216 146 176 70 118 179 144 123 209 97 186 73 130 98 75 125 187 138 110 172 156 125 231 103 124 69 140 221 126 166 105 135 156 167 174 136 156 211 82 141 238 75 224 106 192 146 72 208 109 235 123 122 114 64 167 89 134 86 235 131 66 92 136 200 164 83 191 71 208 201 234 127 123 201 102 110 101 62 138 159 65 67 189 71 160 92 65 147 149 156 76 228 151 181 102 223 177 124 236 62 177 235
96 160 63 113 205 0 88 98 68 182 184 126 169 128 96 81 89 117 168 177 224 232 61 146 184 240 171 120 128 189 185 211 107 133 132 194 70 226 198 95 197 178 136 232 142 104 194 135 237 132 196 85 231 127 176 76 127 62 181 108 157 228 152 81 196 230 195 77 157 133 233 142 188 66 76 212 73 70 156 148 221 179 74 207 111 97 199 209 210 199 166 85 193 127 209 126 175 62 206 136 149 184 235 155 140 196 169 186 70 203 195 210 151 125 154 96 159 63 113 124
154 91 95 183 105 62 0 204 208 212 176 164 160 212 239 190 78 113 205 139 113 216 220 125 133 105 80 117 213 217 162 235 218 234 178 124 74 132 75 116 160 199 196 150 108 204 78 129 127 117 145 66 122 193 219 111 237 145 206 238 137 105 201 123 193 104 196 205 102 180 152 131 93 193 166 83 211 151 162 91 69 183 108 208 223 86 238 168 95 114 113 175 238 193 223 200 194 63 191 75 155 197 195 88 161 221 152 152 199 100 87 231 69 188 82 185 146 162 182 165
227 235 182 169 75 93 216 0 233 132 215 188 80 121 83 167 73 164 227 137 102 127 72 127 112 200 240 77 109 115 161 82 195 157 233 69 113 223 119 121 80 178 158 145 201 111 84 79 210 157 216 180 163 74 132 223 153 72 162 119 148 224 91 118 163 237 204 129 159 70 205 172 103 154 235 224 100 111 148 134 91 182 122 188 142 116 76 100 212 75 61 77 216 178 196 159 205 223 216 235 155 173 236 96 147 126 232 186 106 108 68 211 130 231 69 91 180 119 167 198
138 159 160 233 197 212 128 164 0 126 102 63 106 159 127 112 124 147 136 63 198 112 77 165 173 100 128 209 172 174 206 95 119 68 78 240 198 221 169 239 64 217 135 213 219 231 181 226 146 194 75 193 76 76 103 190 67 138 65 91 211 194 204 119 161 88 198 130 195 94 101 126 135 119 168 147 143 212 140 105 129 220 77 117 230 159 100 212 133 219 231 68 66 213 104 171 148 66 121 177 138 113 74 70 65 222 158 81 231 194 85 130 180 229 72 110 228 186 151 171
153 169 76 65 235 91 209 113 113 0 172 200 179 85 237 179 190 86 237 130 166 211 238 159 104 140 198 114 239 212 187 171 139 187 182 218 93 236 105 240 93 201 93 239 192 168 63 93 159 204 148 146 226 191 129 208 192 70 152 117 179 107 166 193 105 143 114 208 82 114 212 215 152 200 90 69 153 108 134 90 208 222 73 146 176 69 160 180 104 194 183 117 170 88 172 110 61 66 73 155 137 214 217 212 79 212 61 136 95 171 75 226 184 101 72 145 239 80 67 155
184 159 71 114 200 121 101 168 151 70 0 104 76 186 176 173 104 204 130 196 127 112 200 173 64 117 115 204 200 96 152 224 227 118 62 147 107 237 93 156 101 219 84 91 205 77 161 67 197 161 154 69 199 159 225 235 203 172 213 68 221 131 165 238 67 87 90 172 84 63 103 233 149 168 193 185 179 165 146 198 201 82 80 230 152 197 131 63 214 159 169 173 180 155 105 142 216 168 132 88 94 189 164 153 74 66 185 164 165 100 231 177 153 177 211 213 109 144 83 81
221 85 149 209 194 65 225 216 160 128 159 0 115 189 196 149 178 204 177 220 92 136 76 204 116 63 67 147 159 228 176 167 176 229 218 145 72 229 121 152 234 66 209 60 178 235 90 128 151 205 129 124 88 190 86 129 233 76 212 109 208 175 172 206 212 125 156 106 126 194 150 112 237 166 61 236 85 118 143 178 101 78 212 164 174 167 216 163 140 88 99 200 129 167 139 60 62 166 226 203 220 208 164 119 155 170 209 145 189 103 138 77 234 144 105 228 225 239 230 181
117 106 83 204 79 104 226 87 102 129 223 88 0 238 233 61 238 235 158 163 230 184 194 82 173 164 144 114 90 149 150 108 235 143 142 230 92 84 67 205 226 155 64 221 214 153 103 194 167 113 161 139 199 66 148 158 151 231 229 104 81 201 229 201 216 72 120 129 234 146 189 171 109 185 146 145 202 123 78 158 238 86 187 190 109 138 227 155 120 136 95 86 132 156 94 117 139 224 124 212 105 114 69 129 164 144 170 107 168 82 86 131 167 192 190 135 126 147 76 239
76 230 154 205 137 166 229 195 96 127 201 237 231 0 77 160 176 222 65 195 167 222 174 128 165 237 155 228 141 80 73 204 125 204 140 61 104 132 123 236 199 113 218 169 128 179 190 179 191 209 71 221 136 98 127 190 232 89 102 210 61 84 106 231 129 106 159 172 146 149 216 200 167 84 155 151 95 140 202 105 126 231 202 143 78 99 77 106 213 118 112 111 235 180 83 102 92 209 106 86 235 219 132 149 88 114 90 115 238 183 144 165 229 208 60 219 237 82 238 212
195 191 106 110 69 130 201 150 169 203 204 229 76 117 0 162 178 107 92 84 140 83 222 157 156 97 92 212 119 123 148 135 62 175 154 109 122 218 85 123 231 197 128 228 219 130 121 100 86 95 197 197 95 150 222 102 236 147 123 102 226 132 175 78 152 75 183 70 171 151 133 150 138 112 215 194 202 140 79 168 175 217 181 204 72 235 212 130 164 172 60 226 231 212 184 175 65 215 107 116 211 122 155 124 165 74 63 233 239 123 80 171 105 113 193 161 65 93 158 87
68 101 170 138 216 240 93 119 193 138 234 224 88 238 61 0 111 82 85 121 117 195 122 226 118 67 197 111 176 113 220 178 80 76 93 200 193 233 184 106 230 214 198 180 150 211 223 215 129 165 129 85 205 62 179 96 187 125 171 90 66 97 216 219 76 152 132 122 134 85 166 179 60 124 172 79 200 152 102 63 238 77 217 73 99 170 128 200 116 179 80 205 115 99 139 175 195 203 220 200 173 126 198 189 195 204 88 81 128 69 171 69 171 175 116 87 211 80 215 132
189 134 139 160 99 83 157 64 218 171 83 141 164 159 225 77 0 237 80 233 233 176 156 86 68 92 201 81 227 138 189 168 217 149 199 79 102 82 131 206 213 70 100 189 217 148 154 181 197 208 176 117 65 190 74 207 209 217 84 182 71 98 212 164 204 236 228 170 70 102 166 72 186 185 204 77 89 82 213 82 211 145 175 92 237 189 110 188 220 144 110 95 133 155 100 136 134 79 158 80 207 214 82 183 172 137 232 139 132 191 110 130 153 71 90 91 158 216 151 97
160 189 214 93 62 99 151 79 160 176 183 99 64 231 208 183 211 0 186 107 130 239 136 205 82 227 128 172 93 159 125 89 155 164 160 146 220 134 61 80 151 61 240 205 178 169 183 154 186 162 210 240 170 116 108 130 140 197 92 111 134 173 128 226 160 174 135 237 229 123 91 105 106 195 79 205 127 224 154 169 71 128 86 140 221 210 81 153 175 186 66 220 121 231 209 139 135 213 224 134 72 193 90 150 80 168 201 116 190 101 113 175 94 100 240 193 90 236 202 214
81 147 105 132 70 137 69 77 196 184 66 238 153 200 165 138 128 98 0 87 64 223 181 65 200 206 152 218 90 108 200 204 119 150 183 109 238 86 163 234 103 94 229 160 227 153 209 207 229 105 107 195 167 123 239 116 240 213 112 160 108 234 151 154 73 85 198 74 95 174 87 186 90 67 101 151 237 200 170 147 144 79 101 170 81 219 66 226 169 207 237 170 117 87 129 141 203 181 108 105 119 80 234 235 220 146 124 72 214 62 65 169 227 159 102 133 131 141 197 106
113 136 130 144 188 163 115 112 95 172 177 211 220 75 102 234 138 215 228 0 77 213 160 229 111 116 62 109 208 71 160 81 72 65 81 128 115 163 151 80 223 96 154 139 146 239 88 97 183 231 150 207 132 164 178 149 190 134 130 141 224 183 113 121 124 154 190 158 102 102 122 86 115 207 113 231 149 75 156 100 202 142 147 101 173 156 70 69 121 198 186 106 188 104 240 195 122 78 81 141 158 76 67 192 171 216 160 62 100 136 212 95 115 67 193 74 117 222 60 164
194 237 198 61 77 192 90 91 146 157 221 125 104 240 177 151 106 145 201 197 0 65 216 103 216 67 84 158 88 116 134 118 139 112 61 155 92 108 205 238 210 125 133 233 107 178 177 148 105 112 234 171 235 203 157 180 136 238 229 70 221 176 218 109 200 151 221 80 235 161 79 180 204 233 185 145 61 116 229 223 195 108 69 194 146 147 167 208 67 105 189 199 126 182 77 60 105 174 196 207 188 204 104 126 228 193 128 221 101 174 236 61 123 174 192 91 173 161 231 229
99 155 94 130 137 133 153 138 146 219 219 117 219 155 153 100 238 183 130 212 167 0 158 207 78 161 215 226 122 79 146 125 205 117 225 198 65 212 170 190 189 209 86 125 126 169 125 239 194 189 157 170 219 126 152 179 190 159 169 63 107 149 86 94 93 66 101 120 103 202 73 232 62 98 214 107 203 182 73 240 178 63 196 135 222 134 183 165 224 129 124 237 140 145 60 194 196 239 213 181 237 198 187 100 188 94 120 136 131 140 74 112 146 157 215 89 176 137 176 110
68 98 234 157 225 71 165 228 96 235 117 187 61 149 81 96 178 196 205 130 89 69 0 78 100 68 190 70 205 189 103 99 82 61 172 180 72 210 189 124 165 162 204 113 135 63 103 93 180 61 90 72 171 143 161 188 82 157 128 151 130 112 170 69 153 139 202 170 73 163 102 179 110 158 100 193 149 229 76 193 153 164 127 79 134 235 218 65 222 237 62 192 75 174 160 173 90 195 178 176 176 227 204 103 104 188 100 113 108 167 164 114 116 211 177 63 64 113 67 98
234 187 166 158 236 137 155 210 193 210 175 121 125 141 192 209 232 92 171 70 70 112 197 0 151 154 99 92 95 128 132 180 225 65 90 146 129 207 150 113 175 78 72 163 117 75 138 131 170 92 171 76 64 61 154 159 219 111 65 74 225 123 223 146 102 146 113 79 119 81 156 180 202 178 233 127 131 76 95 171 201 97 151 223 217 140 146 216 137 167 113 204 149 62 219 194 146 102 152 185 91 182 102 111 153 144 195 101 61 89 85 178 183 155 218 116 111 116 117 165
155 147 218 187 121 106 237 172 196 220 129 71 185 152 116 98 90 134 228 151 131 135 109 81 0 135 113 195 130 96 190 197 215 197 94 170 74 114 187 209 99 107 123 225 88 180 162 166 195 240 62 226 129 101 233 166 125 186 229 64 231 144 233 156 196 170 60 62 174 103 128 143 101 150 85 100 143 158 186 68 203 166 229 137 228 171 234 107 189 227 119 126 72 85 208 63 206 119 184 73 70 98 227 212 73 70 100 108 159 217 78 146 118 239 166 185 175 83 61 191
236 214 233 167 138 177 229 98 104 180 190 136 80 129 72 217 233 130 162 200 160 153 61 138 146 0 205 88 201 157 194 103 221 145 85 197 208 102 172 211 127 196 86 141 236 139 193 90 173 227 134 215 216 63 221 215 154 135 68 90 139 143 91 97 201 61 170 193 99 172 62 218 154 137 200 194 69 225 146 218 156 76 122 137 217 143 230 93 80 165 85 75 227 175 179 187 95 193 92 202 167 219 218 124 68 230 85 184 77 190 66 79 135 238 132 70 165 140 186 160
174 187 95 84 216 143 70 148 84 213 216 232 196 96 230 238 62 65 69 177 110 115 226 62 238 214 0 103 84 174 162 85 86 65 114 75 152 234 112 188 197 169 153 179 152 215 126 162 156 184 164 72 214 132 104 120 147 102 83 193 236 69 90 119 201 81 121 98 92 164 223 176 200 230 90 217 131 217 109 169 141 134 209 179 147 127 239 62 83 72 171 105 72 158 168 195 233 65 172 234 178 102 130 124 123 165 136 144 199 169 82 125 156 114 67 117 140 136 99 215
66 136 107 182 111 207 199 230 195 197 119 118 106 229 92 127 91 183 229 75 110 206 118 193 193 194 160 0 95 96 152 100 195 228 183 203 215 80 131 157 175 91 191 163 198 198 236 228 106 197 187 187 164 77 188 143 109 147 109 164 86 142 109 105 106 190 112 183 211 106 82 178 82 99 124 65 226 188 141 144 178 117 77 87 134 215 90 229 102 240 222 226 117 172 124 163 100 134 97 192 193 199 127 212 102 99 239 154 135 233 140 238 239 148 161 236 91 165 106 60
129 173 124 74 119 200 76 83 94 238 105 198 135 206 73 160 191 133 104 78 158 170 60 170 109 217 180 125 0 136 137 108 136 157 126 178 111 85 120 71 165 95 101 149 221 225 68 156 87 119 166 111 236 73 219 181 216 73 122 200 97 212 116 208 176 192 70 199 125 67 202 130 83 102 131 128 153 140 116 230 135 209 213 152 110 116 230 68 192 130 225 196 220 229 233 211 76 115 86 178 82 219 67 192 103 120 113 207 128 182 200 233 176 192 221 117 180 178 66 129
80 198 112 146 159 187 147 117 194 62 135 127 212 196 182 61 223 133 230 187 218 151 138 61 196 72 214 135 65 0 99 87 60 147 83 84 137 70 223 132 79 103 193 214 200 204 124 122 218 217 128 149 147 173 203 73 78 210 92 181 82 176 118 187 182 140 208 129 89 114 78 121 196 157 163 76 170 186 70 173 148 158 122 116 70 157 187 82 223 89 97 109 60 231 198 84 184 143 141 178 116 238 183 65 222 227 108 154 208 136 172 89 69 65 171 209 237 228 174 164
176 210 60 95 134 183 129 213 108 158 165 96 228 228 206 190 236 193 201 221 174 117 229 121 170 179 113 119 169 68 0 177 185 173 98 128 148 115 72 110 189 199 200 70 75 182 133 175 174 231 118 64 173 144 181 153 169 175 183 119 77 78 87 228 238 168 96 120 172 75 100 236 194 190 80 130 94 204 124 158 174 153 98 226 123 120 108 155 66 91 131 90 229 63 204 198 210 151 210 77 167 197 213 153 117 82 89 137 184 197 135 101 117 111 191 236 156 84 169 218
84 114 126 166 132 168 118 205 151 224 240 140 100 174 142 147 110 128 223 168 105 138 85 168 228 232 79 221 181 199 137 0 158 99 129 225 67 83 153 164 177 199 175 176 144 107 216 137 157 72 238 63 188 109 77 235 196 132 83 158 90 175 213 70 84 127 61 163 235 64 135 215 160 239 87 141 70 184 122 133 221 235 82 116 237 204 67 147 211 88 230 146 233 125 211 65 190 99 143 201 230 140 169 134 204 177 111 108 113 89 130 94 115 140 141 98 166 228 89 232
240 62 76 118 88 109 128 94 157 124 129 134 167 108 134 81 219 211 69 121 187 79 168 66 196 161 163 147 114 79 139 183 0 96 203 94 135 66 229 223 192 157 151 135 100 209 188 145 87 139 85 151 179 64 238 168 227 81 119 131 78 160 223 175 124 210 85 175 159 67 69 228 139 200 71 121 202 156 89 176 157 96 169 206 68 125 215 126 143 138 60 113 158 103 76 184 136 65 156 146 70 100 160 98 230 84 139 208 148 116 138 119 162 146 204 132 220 80 64 185
139 224 199 104 130 238 210 125 109 107 162 237 239 231 207 182 142 210 191 206 217 143 102 216 199 140 193 160 156 85 107 163 202 0 231 161 170 214 146 126 203 125 121 96 191 156 184 183 207 100 187 155 140 119 139 213 219 169 107 111 210 122 150 140 66 206 237 76 239 67 135 128 128 61 115 78 75 180 174 229 206 239 62 125 238 87 73 211 84 149 69 61 224 71 65 236 227 199 149 82 94 227 220 64 135 101 193 218 162 140 173 205 237 181 63 166 231 154 215 136
126 123 202 224 226 193 146 73 66 122 136 96 169 213 238 144 88 207 160 98 128 104 187 218 122 213 209 184 183 240 134 67 208 70 0 196 97 158 191 183 217 233 227 130 204 125 142 62 79 186 96 134 152 126 183 202 171 182 198 107 126 166 110 127 200 237 184 153 144 107 194 99 235 220 71 206 101 199 205 102 221 86 147 90 209 186 212 79 213 104 155 113 161 140 216 170 126 111 229 102 140 240 176 206 112 62 167 161 88 80 62 145 169 86 224 98 71 187 203 65
159 210 212 111 175 208 98 93 207 169 178 146 91 123 74 132 200 163 175 205 125 234 191 137 219 221 229 74 218 131 230 188 83 152 132 0 166 210 83 116 104 75 76 194 159 105 191 172 220 113 216 130 213 238 155 229 109 182 193 201 111 166 74 180 180 163 164 90 76 92 184 135 186 119 122 224 139 166 239 66 89 239 111 114 71 227 118 190 239 138 207 202 228 81 159 210 99 215 103 187 98 141 215 204 163 62 106 73 135 135 166 64 216 110 159 163 123 62 182 111
136 197 116 61 100 185 105 202 219 157 68 202 109 66 231 179 100 224 221 219 132 159 239 91 180 232 232 237 217 140 67 71 130 71 200 86 0 74 123 118 69 200 208 71 187 205 188 194 167 128 103 236 162 149 233 167 224 125 155 68 89 213 96 137 185 160 209 205 158 97 173 138 98 89 162 184 230 152 158 171 168 217 219 113 195 226 207 214 109 209 96 193 149 142 206 227 191 230 112 116 75 229 166 171 123 93 70 233 206 162 75 111 197 167 90 119 108 173 187 147
155 214 188 105 124 125 204 203 99 227 185 168 64 196 228 202 116 129 239 164 173 184 202 69 219 175 130 74 91 194 174 60 193 137 177 139 104 0 122 93 228 136 119 67 85 197 176 64 236 136 132 144 173 208 83 214 163 67 121 159 238 121 172 74 132 186 77 147 233 190 134 146 197 160 174 164 223 211 188 147 87 233 203 120 226 144 217 80 191 102 183 124 67 191 172 118 208 151 121 82 240 172 108 151 139 86 223 188 213 141 148 100 153 200 111 178 136 168 197 72
116 179 118 156 222 135 206 70 184 137 133 106 146 85 124 71 78 116 231 66 121 233 118 63 122 210 112 231 77 198 219 92 76 75 170 192 190 150 0 212 233 150 183 92 115 112 210 101 129 87 105 93 237 100 219 198 99 232 112 87 76 194 179 73 67 85 104 108 183 136 104 181 112 204 182 228 240 239 166 205 204 219 61 215 63 178 123 204 216 137 110 230 158 88 99 71 179 61 65 178 103 205 146 163 166 63 66 127 116 135 133 81 211 231 238 231 60 69 134 115
175 164 62 160 166 137 123 192 177 63 63 110 160 129 174 155 66 141 155 144 208 110 173 239 73 123 137 81 152 150 113 237 106 164 142 232 153 224 186 0 122 80 86 170 212 181 178 180 172 173 210 195 158 171 219 87 219 124 235 60 181 160 216 82 78 65 119 114 209 229 203 235 214 157 110 157 205 145 219 172 235 129 108 91 98 213 110 217 181 112 208 210 233 179 97 221 186 84 146 88 96 146 122 63 205 110 104 171 195 205 197 233 94 226 126 61 145 203 137 227
192 178 164 238 131 180 240 170 163 129 225 197 200 110 184 149 228 172 157 140 161 139 171 157 198 64 174 170 192 196 107 194 169 167 214 139 176 211 109 91 0 93 89 99 173 186 119 219 91 182 199 154 156 65 228 150 101 143 140 205 106 73 66 150 111 196 202 109 104 179 136 170 194 213 227 103 177 161 64 182 231 218 223 130 77 190 95 172 130 201 199 111 234 184 83 70 168 163 87 70 121 234 111 200 91 238 95 85 85 94 159 199 153 69 153 165 112 147 131 189
196 96 123 118 239 221 209 168 68 68 79 221 146 92 206 135 91 114 62 136 107 121 135 94 120 64 71 174 71 225 119 217 176 212 67 202 74 95 65 238 105 0 141 204 178 127 121 66 180 215 208 223 175 67 71 127 78 119 204 227 240 202 99 123 185 142 230 71 156 236 164 194 137 228 138 162 133 155 106 219 217 128 204 116 138 125 104 148 191 64 120 234 216 68 110 181 114 157 93 176 80 233 77 188 199 151 240 79 79 73 199 103 186 88 222 140 62 235 176 96
133 177 203 204 178 100 115 152 79 113 189 178 151 203 188 199 102 189 196 150 130 234 114 174 125 107 238 74 225 169 184 91 194 236 162 230 135 182 169 141 136 174 0 121 108 96 157 144 68 174 97 144 240 176 138 121 163 187 92 65 155 182 239 160 228 95 188 210 68 196 119 215 175 93 228 150 173 85 98 164 65 169 72 215 203 114 109 147 238 170 87 199 204 174 222 102 86 125 231 133 215 111 187 94 164 131 110 137 66 170 103 96 180 190 224 162 117 80 88 107
132 134 206 223 149 130 130 132 157 143 205 233 178 72 170 147 152 97 109 127 88 200 79 98 111 150 202 221 150 166 156 132 204 165 74 77 63 128 161 84 152 146 178 0 132 67 102 187 219 217 193 148 230 116 166 222 75 109 87 77 107 72 98 157 194 118 97 164 164 207 78 116 92 108 125 192 185 221 165 130 125 96 207 189 142 106 101 83 69 151 114 135 84 191 112 207 104 96 239 172 173 80 87 78 225 177 100 161 157 166 122 159 211 124 173 179 211 174 129 194
95 180 114 99 163 136 176 102 213 235 90 210 106 199 90 149 176 159 82 199 102 107 160 197 90 155 157 86 131 90 223 104 94 160 186 208 144 240 240 226 222 80 211 110 0 85 218 165 214 143 106 89 213 197 219 95 212 199 93 62 132 94 135 196 141 81 187 220 103 114 92 105 172 101 64 164 71 191 181 60 139 61 143 214 164 174 218 189 144 104 159 140 95 201 166 132 64 199 148 131 81 223 82 139 220 75 220 84 91 152 153 177 133 230 92 225 121 193 76 212
132 97 139 203 140 146 60 198 227 182 219 177 148 85 231 74 197 60 228 91 83 88 138 203 103 145 209 216 233 98 202 69 102 239 110 149 111 195 240 188 99 192 73 238 168 0 186 229 219 72 128 228 140 168 80 148 166 231 151 221 69 92 66 111 112 95 69 158 175 149 205 113 62 84 101 90 158 176 180 224 142 102 202 220 169 115 89 198 172 233 191 176 71 234 78 228 61 134 236 139 86 117 166 172 222 128 181 135 79 134 227 162 103 189 129 129 203 119 144 61
228 211 92 186 147 147 167 109 160 142 227 113 203 218 95 60 233 84 156 206 68 149 233 161 210 147 72 152 102 76 214 107 104 199 162 87 181 203 201 143 144 152 176 101 132 159 0 195 239 209 111 229 99 218 234 218 188 85 159 66 132 92 156 161 182 196 191 175 170 228 191 125 228 228 77 148 190 145 77 167 75 223 125 218 152 193 99 224 98 216 229 66 177 149 194 174 90 99 93 143 173 138 109 167 89 238 165 235 85 201 197 158 91 181 124 187 139 184 192 216
240 108 181 120 203 207 202 123 229 214 141 220 73 143 124 124 205 86 113 236 78 159 133 221 118 201 210 116 72 188 203 105 105 70 230 125 60 87 79 133 195 232 152 222 239 158 165 0 158 104 162 192 180 235 159 219 98 107 126 120 186 69 127 232 109 149 188 130 218 204 73 217 126 139 187 145 156 124 101 163 100 122 237 229 98 204 214 98 62 107 204 116 206 136 118 122 157 168 162 179 152 163 76 126 98 157 192 129 117 70 149 66 142 138 157 135 119 82 181 136
71 82 91 225 135 104 155 78 187 222 109 131 218 96 188 219 220 232 162 235 217 130 70 219 168 239 60 212 120 231 94 212 158 193 66 171 139 67 231 60 162 199 235 219 236 232 77 133 0 184 125 68 205 159 101 203 123 125 144 137 185 117 117 90 167 143 117 235 115 150 90 125 121 108 74 151 100 87 123 180 117 74 210 87 92 164 204 138 111 166 183 175 100 210 231 68 71 98 155 222 205 145 229 137 96 87 120 62 70 94 179 196 225 105 188 217 232 233 89 104
145 227 233 96 98 111 155 111 103 169 113 145 224 165 62 187 178 238 238 148 91 102 220 121 158 210 187 97 121 210 121 173 212 92 177 174 147 222 204 236 236 171 152 66 97 212 67 237 116 0 101 114 233 201 71 203 229 187 102 213 90 122 229 178 184 117 182 188 189 139 177 228 127 177 188 235 88 193 114 190 131 148 170 128 87 93 112 235 138 75 208 107 188 110 157 190 63 120 237 195 80 67 134 187 198 158 81 127 145 90 89 206 196 189 174 103 132 187 127 199
222 175 119 181 105 128 98 135 190 70 195 89 207 201 219 137 132 160 82 95 154 146 224 210 224 153 134 153 165 217 71 172 234 172 60 119 117 177 110 114 179 85 214 62 147 119 66 224 211 212 0 151 75 154 194 60 81 228 170 175 127 189 157 86 119 237 211 133 162 97 105 98 208 167 198 199 182 115 225 182 100 203 180 196 181 178 161 147 189 135 137 144 199 237 110 196 216 205 134 119 180 218 203 166 147 159 135 154 181 181 153 238 173 138 134 184 172 128 156 69
124 137 92 157 102 104 142 73 214 163 188 67 126 126 188 118 208 144 121 227 229 133 89 187 129 202 220 220 89 131 146 70 67 101 166 148 229 160 181 191 139 82 218 238 172 150 153 151 126 89 107 0 233 201 130 75 102 63 164 191 87 214 165 118 204 196 160 140 222 151 107 140 235 63 165 68 144 172 169 234 102 134 114 77 148 107 237 142 75 124 129 222 145 107 184 232 75 164 189 156 84 86 106 222 189 140 121 178 224 224 236 158 223 133 226 100 111 191 220 228
142 229 79 86 79 231 177 192 78 97 217 119 62 224 129 228 132 139 108 122 121 159 111 190 182 201 190 80 110 135 117 117 233 234 161 203 120 83 121 96 85 118 237 189 73 232 74 74 207 87 112 160 0 86 170 185 122 188 146 196 108 221 143 135 173 177 104 224 111 109 160 132 98 176 79 173 72 236 76 88 154 67 195 89 200 140 218 129 85 148 139 146 228 129 103 229 79 239 103 85 64 237 158 142 233 180 174 83 129 165 206 82 222 113 186 114 230 115 109 233
235 229 203 200 147 125 127 140 129 62 120 197 180 226 100 131 80 199 229 160 106 90 110 235 68 228 174 224 91 74 224 221 235 81 228 140 68 170 95 80 223 208 80 117 212 190 187 91 212 128 106 215 75 0 62 122 103 148 181 116 236 217 116 217 160 161 202 69 195 211 108 68 66 174 123 129 204 128 155 221 97 142 75 141 228 240 164 212 175 146 163 86 93 226 218 91 121 220 154 67 109 76 77 74 220 237 197 95 82 196 120 160 220 211 82 235 146 240 196 155
202 223 187 189 187 169 144 200 141 60 224 174 223 115 166 219 184 102 109 130 153 138 141 123 65 183 101 154 139 229 138 100 143 234 224 208 109 145 149 119 140 154 240 134 202 176 221 123 221 146 102 188 192 228 0 199 68 97 183 82 216 222 173 83 101 68 152 212 129 224 111 140 185 202 138 88 220 121 114 128 148 211 97 152 208 204 65 82 75 168 190 134 155 182 230 123 99 205 94 229 157 109 239 218 178 189 186 177 117 134 174 142 206 126 169 223 124 151 197 212
139 159 87 76 84 115 145 148 213 224 84 237 123 106 166 105 93 228 117 163 184 173 198 132 123 158 170 163 156 88 199 126 120 129 81 127 224 82 103 210 160 153 101 233 152 223 148 136 219 224 98 173 116 179 115 0 155 119 141 191 81 99 84 137 240 138 214 112 161 224 104 187 175 135 125 116 226 214 96 108 189 231 194 167 161 137 76 232 107 223 125 122 135 152 199 133 85 92 132 61 120 196 148 112 93 68 114 201 73 181 218 183 123 80 199 240 203 209 177 68
204 171 167 116 231 81 186 173 196 177 207 143 115 129 61 104 78 178 220 157 72 124 218 122 229 160 69 78 115 89 211 217 66 230 239 186 193 111 124 111 97 113 84 168 217 200 124 155 147 164 133 156 234 231 61 116 0 187 168 207 100 215 186 217 224 140 190 127 118 130 114 207 81 210 69 81 240 201 92 201 234 82 203 147 201 162 81 186 114 214 83 212 184 125 102 77 230 122 74 97 74 193 240 154 154 114 80 167 102 210 136 63 126 105 195 65 152 95 108 177
211 85 68 107 71 150 218 129 83 179 194 112 165 224 221 206 216 202 100 240 129 161 133 235 98 70 91 95 198 213 231 90 118 237 114 143 226 218 132 102 198 91 68 188 192 108 137 121 172 175 201 60 80 65 212 170 156 0 171 144 175 188 141 190 237 194 172 225 224 135 180 144 189 151 148 85 67 170 219 238 123 180 217 80 71 152 220 125 207 160 61 76 154 76 78 155 182 183 65 174 217 133 225 158 130 127 156 199 93 224 139 178 220 176 115 92 233 147 171 128
79 155 199 164 119 236 148 147 113 70 166 156 234 146 203 229 174 158 127 98 117 174 114 92 110 219 77 184 82 110 117 197 147 240 70 130 206 145 108 61 130 115 83 215 120 131 239 195 231 64 219 160 144 184 187 72 199 108 0 199 216 68 210 72 104 126 60 183 146 76 128 115 137 128 83 62 190 134 98 180 235 162 114 165 184 200 229 64 134 215 90 122 83 199 72 94 217 66 168 212 183 142 108 223 182 91 123 218 146 202 147 89 93 127 227 130 198 173 191 113
232 139 209 210 214 75 108 120 236 228 86 128 179 151 137 199 141 68 62 89 100 153 118 155 150 240 166 155 148 217 70 121 131 124 136 220 189 168 107 178 102 110 233 155 137 232 85 81 193 210 161 141 121 191 205 185 75 83 238 0 219 96 130 82 114 167 76 227 75 116 183 164 240 163 107 165 75 102 145 63 98 172 156 177 66 206 128 157 229 91 217 75 148 173 198 201 79 235 84 210 224 79 111 183 222 66 210 88 195 212 149 173 103 93 174 106 74 231 104 128
139 193 238 175 161 68 159 115 182 200 208 79 237 122 83 236 207 85 163 211 125 83 139 237 88 229 129 210 179 151 133 206 209 68 81 109 215 182 220 87 236 90 180 181 123 76 72 66 132 150 194 162 228 138 134 176 67 239 137 215 0 113 102 82 79 147 208 156 157 128 203 179 109 109 213 185 176 126 189 116 78 86 207 170 83 239 231 123 104 126 95 138 123 72 232 106 206 82 107 216 216 128 102 226 191 174 143 160 164 223 78 70 219 79 223 136 166 157 210 73
66 228 77 125 166 198 222 164 102 238 164 238 110 209 72 92 99 205 192 97 136 137 198 159 99 69 90 202 164 208 130 233 116 213 66 106 104 93 199 183 128 174 207 236 136 193 219 101 195 182 102 123 197 97 161 238 240 227 118 63 124 0 146 213 101 75 60 171 225 106 224 78 192 222 123 221 126 223 135 172 80 125 150 112 184 170 168 88 217 109 147 85 95 77 228 120 115 77 153 76 149 97 228 104 137 171 235 61 231 118 133 208 158 112 62 223 211 194 204 228
107 194 63 120 95 210 218 202 217 186 212 234 155 203 92 67 199 187 64 63 163 136 87 140 204 78 103 174 136 230 108 73 209 217 237 190 67 144 200 167 224 140 231 182 121 193 195 113 116 139 237 66 74 176 161 225 77 115 122 106 114 173 0 155 234 83 94 240 109 198 133 238 106 234 126 165 107 234 73 173 126 196 88 193 139 141 196 208 188 67 134 155 72 116 211 112 122 133 74 93 201 65 205 232 152 134 109 234 97 165 128 109 167 155 157 161 208 136 113 129
173 62 99 117 136 213 238 130 229 183 204 174 233 105 213 238 80 73 61 234 203 139 111 122 78 132 217 123 85 223 180 192 204 125 230 91 132 239 206 118 138 65 99 135 183 115 207 131 102 159 190 191 67 64 213 124 182 66 239 104 124 150 200 0 78 107 109 171 198 66 75 116 174 99 157 90 235 207 106 105 174 105 144 206 178 174 106 92 133 232 162 179 107 121 91 68 133 205 192 199 118 106 145 166 223 206 115 165 114 209 64 117 113 228 63 99 156 210 235 89
160 100 79 77 132 197 239 108 135 165 215 69 150 197 193 222 133 181 103 164 108 158 97 61 101 106 134 196 139 123 113 124 196 82 100 203 106 167 232 160 78 167 213 71 65 120 152 212 192 205 175 86 195 137 164 239 150 179 74 226 180 217 141 221 0 234 211 232 62 110 178 61 124 215 63 173 188 203 158 203 170 214 69 225 160 130 197 151 62 214 92 106 174 228 143 125 93 96 192 163 235 68 223 198 149 78 211 76 113 94 190 212 186 133 112 123 185 176 65 177
120 108 72 110 204 198 158 66 85 91 208 201 98 112 141 232 80 225 160 133 146 220 183 63 194 228 69 221 141 63 215 87 75 164 209 130 64 194 79 237 76 126 240 128 91 153 145 65 128 158 78 210 153 106 179 105 158 105 234 96 192 161 154 120 205 0 120 238 131 196 198 101 172 137 230 212 168 142 96 72 160 69 101 166 76 163 164 77 168 81 229 218 157 237 87 176 176 106 144 135 92 118 121 98 209 167 201 90 175 218 182 216 172 214 69 200 100 168 131 240
114 142 177 120 235 209 88 143 73 152 111 75 120 216 193 99 70 165 94 191 110 237 91 104 108 200 210 63 225 66 178 123 187 176 151 240 85 176 135 198 218 175 146 154 152 124 62 123 111 184 87 166 169 83 223 195 129 158 178 170 164 95 215 129 70 197 0 73 165 206 210 145 117 233 170 172 203 220 120 73 199 113 115 158 139 230 210 186 191 136 114 155 205 147 165 204 176 185 113 202 156 140 179 165 144 192 104 145 162 208 94 80 84 99 120 74 94 142 228 230
191 78 123 76 90 123 73 146 191 162 139 184 224 67 211 123 191 226 191 172 202 138 217 64 86 214 209 99 218 145 92 225 121 125 100 203 81 190 176 91 137 189 143 171 202 119 163 80 122 127 127 182 138 215 184 153 105 187 225 97 152 148 236 237 158 235 113 0 108 156 132 110 137 204 116 101 212 152 220 235 155 169 91 172 207 159 225 131 132 181 140 192 198 107 100 146 111 90 104 128 191 181 76 217 178 64 166 78 227 67 168 182 128 146 65 219 195 118 108 130
69 97 105 143 169 60 175 169 192 157 104 126 201 124 187 177 109 238 190 107 177 86 116 98 176 221 139 125 120 201 180 175 125 193 197 72 62 121 77 201 125 234 155 63 235 238 82 168 119 235 122 62 100 117 92 151 173 124 114 129 118 185 97 93 192 156 165 183 0 225 180 220 203 169 135 218 172 69 91 191 77 79 204 209 93 66 221 138 200 179 178 155 129 134 240 215 144 132 186 136 166 77 126 114 229 188 113 216 176 165 153 72 222 127 81 74 191 207 197 138
86 221 60 81 82 227 188 94 143 201 111 84 145 154 214 154 126 204 192 146 147 96 213 214 91 126 119 78 65 163 102 132 227 129 134 240 174 161 153 224 220 85 128 221 121 180 144 196 220 70 186 148 93 207 77 120 202 183 151 230 230 98 231 222 63 123 158 228 115 0 222 128 236 223 198 75 177 65 135 143 202 83 80 214 96 74 148 180 207 74 142 93 189 240 123 170 201 155 206 140 76 84 128 133 238 102 133 105 65 239 65 206 187 134 215 153 189 99 96 74
98 92 103 183 175 91 113 209 128 107 173 88 159 172 201 98 82 211 221 119 168 67 135 185 92 65 111 185 226 158 118 64 148 218 85 108 87 139 114 205 176 226 157 118 231 195 139 181 95 72 136 75 231 231 148 138 220 139 175 81 220 69 198 121 164 183 228 109 154 184 0 140 153 219 124 176 61 122 119 106 206 149 135 194 209 104 118 119 74 224 159 128 139 112 219 182 104 157 95 172 231 181 204 119 234 228 237 204 69 63 122 143 91 63 80 87 115 113 185 93
178 203 100 68 161 223 73 104 203 95 110 168 138 192 145 181 149 198 207 144 218 152 88 107 132 184 65 125 204 183 99 136 212 202 85 66 103 165 78 158 126 123 109 91 144 116 236 76 155 130 134 151 131 173 130 79 158 216 218 168 89 84 229 73 100 163 113 109 215 206 172 0 216 240 120 120 235 192 190 130 144 75 135 148 132 119 175 226 86 157 213 177 200 175 107 81 135 203 166 78 190 239 198 225 85 84 236 112 170 192 81 145 69 142 161 150 156 154 191 162
128 81 222 120 234 185 179 152 69 117 154 135 148 203 127 96 131 180 144 88 195 120 96 212 86 76 62 227 178 118 62 118 231 170 224 218 177 235 112 224 116 137 179 84 238 148 194 71 105 228 218 68 122 169 105 170 154 152 122 235 207 78 174 202 114 70 166 174 118 199 130 105 0 88 209 107 213 71 236 192 204 107 156 76 62 80 103 98 111 72 208 175 60 110 92 233 90 153 148 152 117 230 128 202 100 217 180 195 230 95 111 145 144 240 219 201 208 194 155 193
135 198 192 133 98 132 177 180 71 158 61 206 80 134 234 202 190 171 225 66 181 235 205 84 145 133 173 141 77 164 85 71 125 184 75 117 209 147 158 217 121 231 108 123 226 178 125 182 162 174 137 144 125 101 101 149 168 218 92 76 92 217 225 99 206 171 132 199 186 61 148 166 120 0 227 109 135 92 159 131 87 225 134 135 107 126 114 146 77 126 170 147 188 75 139 196 151 159 105 237 185 198 78 98 108 71 124 99 223 71 157 111 203 232 125 75 107 112 233 202
129 64 69 183 148 95 63 67 226 132 229 139 65 108 180 179 144 96 104 120 199 207 204 113 198 175 143 164 213 71 64 206 94 129 103 129 130 211 224 61 133 66 220 201 135 169 226 70 126 188 188 216 196 121 212 188 235 174 80 86 229 231 193 170 179 227 199 202 167 138 135 236 206 138 0 154 104 197 200 221 115 165 211 221 229 117 62 157 168 142 160 111 237 119 133 68 71 224 224 88 143 226 109 91 166 62 129 133 113 184 165 212 93 185 143 76 77 150 102 236
109 212 235 122 183 63 111 164 218 143 144 144 208 194 202 208 151 178 84 67 144 78 108 142 165 233 174 238 229 217 97 109 171 153 227 99 162 202 71 191 94 173 110 170 171 191 200 91 151 220 104 236 143 231 211 239 73 88 155 176 204 71 235 169 126 239 71 133 229 176 107 111 212 130 103 0 215 207 158 115 110 151 68 211 79 221 234 206 228 158 201 99 232 79 150 189 70 195 110 166 229 218 176 91 240 106 161 152 127 186 89 85 233 150 176 166 82 234 216 138
226 68 197 131 184 230 174 195 69 86 135 229 228 216 135 115 65 151 159 99 200 210 119 117 185 192 186 75 226 140 176 196 197 221 115 240 160 213 116 217 113 193 210 102 113 166 184 74 141 164 239 172 146 194 190 228 200 62 212 66 67 198 214 90 142 67 62 141 232 175 110 89 161 60 147 176 0 92 134 116 183 134 133 238 128 190 78 129 144 196 167 99 214 223 146 69 143 122 212 208 213 227 141 131 201 188 150 191 206 186 143 102 231 153 183 114 167 159 197 237
212 203 229 181 196 208 149 238 83 200 134 70 235 232 163 238 183 177 85 172 157 174 200 240 119 154 190 123 180 231 237 102 182 78 131 118 177 218 73 95 128 91 188 140 204 201 233 131 182 91 181 187 226 95 150 117 122 197 87 127 102 127 152 96 134 64 135 118 79 239 129 183 113 204 186 79 197 0 96 190 72 90 136 181 142 78 134 136 116 208 194 139 230 219 199 119 105 205 117 213 186 69 91 65 181 111 93 68 147 112 122 160 147 192 80 190 219 74 134 125
209 238 73 185 147 93 218 179 231 120 175 216 70 166 174 183 173 91 184 194 73 86 64 149 174 115 116 120 87 190 155 170 99 85 198 120 140 110 182 171 162 176 69 89 112 224 133 175 99 235 173 211 146 180 199 82 212 209 197 202 217 160 213 147 121 172 66 86 188 199 216 235 90 87 143 170 162 162 0 118 158 112 192 65 100 225 210 121 134 185 126 155 134 67 182 113 100 94 123 124 126 211 177 167 233 198 70 164 88 121 95 162 239 222 84 225 210 66 97 180
238 223 230 105 177 138 122 138 227 166 85 191 181 149 218 215 117 96 104 152 222 128 119 62 208 65 207 165 231 107 204 130 90 207 61 170 222 216 196 230 178 103 124 68 82 87 147 139 167 95 117 120 69 132 161 215 146 98 173 72 189 126 75 228 180 195 72 217 175 167 113 187 213 220 176 235 203 66 126 0 210 122 78 238 94 185 101 111 188 140 157 135 235 102 177 184 163 131 87 65 158 223 123 231 203 105 72 175 182 178 236 179 223 121 200 191 84 130 213 62
225 104 169 127 193 189 70 60 82 68 234 135 118 192 87 92 117 225 227 226 162 213 213 238 157 198 204 190 239 83 215 61 224 139 239 234 117 234 191 232 60 148 129 204 206 149 164 165 232 153 209 153 229 202 181 199 75 151 83 75 75 205 216 128 140 90 66 231 151 78 152 221 206 209 182 122 128 130 157 170 0 166 80 215 194 82 223 142 189 112 199 220 159 109 82 238 150 203 175 158 166 182 216 134 157 117 220 161 175 143 213 125 212 64 199 111 107 231 134 218
100 204 159 209 216 85 129 160 101 104 166 82 143 111 84 170 180 233 120 162 196 226 175 109 128 215 115 94 75 145 152 156 114 172 181 217 66 202 192 215 119 100 60 159 109 211 128 75 209 110 89 112 161 190 124 80 114 235 221 224 221 64 198 214 170 154 202 104 230 128 141 150 228 147 108 127 188 190 173 80 124 0 142 81 193 92 71 74 192 140 112 123 62 155 91 134 81 222 205 89 107 165 150 144 214 96 171 203 69 102 191 113 91 169 234 96 233 139 123 105
168 144 226 190 207 184 135 141 227 67 208 99 229 156 78 157 196 128 127 129 160 185 95 152 92 199 124 74 182 63 135 120 183 214 224 153 220 147 102 155 151 112 107 142 239 235 186 67 184 82 81 206 228 165 234 195 97 166 166 103 148 76 110 207 71 89 233 209 154 204 170 121 214 175 143 65 155 207 118 234 210 134 0 159 222 80 236 191 181 186 102 107 134 197 183 192 155 171 163 125 98 181 85 84 72 90 199 85 130 78 184 193 188 120 143 208 119 96 172 126
145 176 226 87 193 123 64 70 62 235 98 68 226 237 192 214 128 187 141 118 137 132 181 111 194 117 132 166 62 221 159 162 220 132 163 79 189 199 103 179 146 133 63 214 103 123 158 77 77 211 134 156 123 214 130 182 183 182 137 78 112 176 227 99 128 143 231 147 103 185 143 151 179 222 190 185 110 70 68 156 88 135 124 0 199 149 148 132 237 214 128 214 134 138 133 83 188 165 111 220 184 69 65 106 184 182 129 126 77 143 147 107 216 88 76 177 100 150 98 72
190 232 160 131 165 134 65 67 129 112 152 148 219 199 70 183 153 91 179 236 229 117 161 99 82 116 204 121 221 205 129 132 191 160 79 171 126 121 170 141 78 165 141 199 82 144 181 87 227 125 85 212 153 160 136 124 186 115 188 236 159 124 83 112 234 107 121 168 177 212 79 79 116 191 198 147 223 95 205 176 162 115 66 70 0 63 192 83 86 239 138 240 212 199 131 170 91 226 181 71 186 208 126 212 193 163 174 161 158 94 203 202 204 173 86 60 157 227 120 83
157 118 217 185 94 80 148 178 152 123 87 68 194 106 128 219 68 204 159 121 165 211 203 236 105 233 234 173 81 112 203 148 204 110 100 133 71 236 203 129 121 211 81 147 85 70 168 108 188 224 200 85 167 177 124 103 70 89 156 88 142 107 125 96 119 206 192 153 80 101 136 206 208 150 107 115 131 165 168 209 165 129 140 207 77 0 69 193 85 132 238 157 239 92 236 154 225 203 110 200 173 190 218 234 226 238 142 75 173 73 236 166 130 112 217 78 66 151 66 142
212 173 193 201 179 215 202 82 158 157 213 155 228 211 150 136 82 214 205 159 178 234 231 174 97 158 223 125 138 106 167 200 116 94 187 123 66 61 210 166 165 183 98 117 83 196 206 76 193 179 94 69 70 131 180 171 179 108 106 183 115 81 69 216 176 170 128 87 170 62 71 95 100 85 178 62 195 75 111 106 192 109 85 103 180 105 0 232 179 82 185 167 96 83 202 76 92 157 132 232 67 167 105 107 174 131 87 222 94 220 205 105 147 235 190 218 223 132 202 173
122 72 132 205 158 204 180 149 88 114 95 239 144 105 227 60 240 143 177 103 90 82 122 162 183 191 103 102 177 86 89 218 88 90 61 140 64 220 117 122 230 175 209 71 152 119 167 123 187 99 220 82 116 193 88 89 107 73 120 221 146 187 225 110 170 109 215 188 231 205 133 213 60 169 158 194 100 185 61 190 76 141 133 206 211 212 128 0 165 96 167 122 139 65 105 130 103 129 94 173 188 112 72 77 170 196 105 77 234 217 162 154 116 192 116 217 169 148 209 158
68 238 234 167 114 133 84 101 225 218 99 231 136 237 66 130 143 111 153 113 202 187 194 223 171 205 116 116 226 154 154 178 105 137 183 98 213 212 214 192 126 165 135 125 156 221 124 165 62 60 70 113 93 231 199 117 152 217 233 212 119 82 186 232 60 102 218 229 107 132 176 227 217 219 199 173 125 130 63 97 115 65 198 75 74 180 219 78 0 106 150 188 192 239 174 239 234 75 158 159 125 183 80 64 208 115 140 236 101 183 217 121 217 184 196 153 174 140 210 195
127 224 221 239 129 179 228 157 162 86 123 144 142 212 74 153 93 91 92 223 125 209 161 75 64 158 211 76 192 93 121 171 125 112 211 104 66 70 159 92 201 202 197 97 156 64 186 168 210 187 175 112 70 223 151 110 60 94 192 131 237 218 136 94 63 227 226 147 219 108 84 206 94 101 196 239 226 180 239 130 191 179 145 233 182 183 210 146 216 0 226 149 149 192 182 127 80 150 168 230 240 153 111 115 137 205 134 142 154 114 91 163 109 82 208 182 188 167 213 62
230 122 81 180 193 169 138 225 90 130 235 186 171 173 121 108 159 133 76 230 156 90 231 60 171 230 122 148 187 185 124 238 168 133 224 80 178 136 70 180 115 200 156 207 150 212 218 174 211 185 95 172 130 123 66 189 165 66 186 181 118 129 195 90 223 187 114 221 209 65 195 101 116 224 71 227 92 192 221 114 231 120 233 182 196 210 169 186 124 197 0 223 131 197 141 197 98 96 180 118 184 141 184 113 178 97 186 96 170 211 74 72 169 196 170 84 88 74 232 221
184 100 119 112 103 184 211 174 170 91 208 136 100 60 153 199 162 130 132 110 199 146 115 207 134 180 107 146 235 121 86 225 89 197 178 189 152 200 167 138 122 203 124 63 167 131 195 157 201 158 229 108 208 147 197 82 151 166 79 167 237 233 226 165 60 200 234 195 128 231 208 144 195 230 138 67 197 111 110 151 72 112 132 221 89 235 187 127 238 94 173 0 172 141 182 94 133 117 199 98 110 143 77 120 216 140 226 161 119 75 140 224 165 144 218 162 210 137 60 141
223 105 233 161 126 226 169 199 180 79 205 226 95 186 62 230 68 235 123 115 226 237 167 232 178 135 214 66 110 165 111 127 151 168 234 97 64 65 198 92 144 114 105 101 145 125 199 80 97 110 155 130 240 142 87 191 159 93 160 173 131 106 160 74 109 122 127 187 71 107 215 70 99 201 209 203 60 68 232 71 187 214 210 145 99 92 141 218 200 129 177 238 0 191 134 103 122 172 129 143 73 68 166 188 208 178 233 201 154 238 223 182 137 72 118 67 129 123 114 110
127 209 75 153 111 100 157 99 103 167 154 105 169 148 133 131 125 79 157 207 225 184 62 135 75 169 194 237 214 114 64 76 226 106 69 165 223 196 107 132 115 100 227 114 176 109 170 120 206 90 103 134 125 229 102 214 181 185 209 174 72 194 175 119 212 62 196 97 113 235 102 79 107 131 208 131 120 208 223 136 98 239 202 199 181 191 187 181 224 204 240 155 208 0 115 173 113 204 208 230 229 174 192 163 186 94 70 226 231 64 184 171 196 133 141 176 119 219 150 189
114 193 203 139 192 123 239 161 153 78 197 239 150 139 213 158 165 222 134 186 61 64 188 138 139 191 63 232 117 193 197 193 95 198 168 143 104 193 92 120 160 202 165 239 171 226 196 88 229 96 158 101 227 90 222 168 144 178 175 68 74 171 159 94 67 132 180 178 237 106 179 175 155 217 102 210 230 174 232 138 123 93 78 179 71 164 70 64 146 112 86 232 236 238 0 164 142 189 120 97 199 106 81 94 110 190 130 103 207 153 188 79 191 101 191 164 233 148 128 96
183 139 61 197 98 223 135 216 206 237 68 222 95 119 130 66 201 198 164 136 144 153 235 120 189 181 221 124 129 217 95 126 210 116 152 236 68 212 133 122 194 149 157 235 75 75 133 184 154 185 218 173 156 117 117 132 69 115 78 70 120 95 187 67 232 204 117 124 117 115 160 82 69 92 82 137 166 191 210 158 188 154 232 207 106 70 239 168 114 85 178 225 181 61 96 0 171 132 235 68 220 229 61 116 135 158 126 212 60 114 105 105 201 193 65 180 90 207 175 79
152 146 160 107 131 237 130 69 133 65 197 156 115 194 135 240 139 113 80 238 169 99 150 234 164 138 232 178 200 184 86 118 210 154 92 226 168 98 216 69 163 159 77 196 112 163 176 170 163 165 87 90 156 223 118 118 139 220 128 105 168 172 180 161 231 103 153 70 64 111 114 83 221 95 155 171 69 209 118 221 154 182 229 193 76 180 162 150 236 190 158 162 69 67 80 81 0 221 117 67 118 216 199 113 213 150 87 216 98 239 200 190 191 118 85 122 214 96 82 160
210 189 97 186 72 171 223 187 200 198 197 138 227 151 221 107 126 84 238 173 76 85 151 198 164 154 135 69 170 86 165 145 227 72 89 186 143 154 98 156 133 226 213 120 98 150 97 162 156 143 83 179 205 124 194 161 102 98 140 97 222 72 96 133 75 85 71 91 138 125 135 220 177 63 214 66 111 77 119 108 130 233 93 80 240 109 116 188 123 234 116 233 203 155 154 91 213 0 85 216 175 192 136 109 239 129 204 144 144 135 123 82 173 113 212 233 187 204 184 104
231 146 149 165 140 63 184 172 201 112 200 136 196 61 138 226 130 176 95 125 179 163 156 63 219 107 170 172 105 189 96 171 62 85 189 75 99 77 215 210 168 195 92 157 173 149 205 182 150 166 202 217 235 197 239 83 141 69 219 162 191 193 149 195 167 84 172 215 169 137 150 191 107 91 200 100 183 217 131 162 192 114 215 118 76 88 72 131 121 223 65 195 142 203 61 205 232 126 0 195 167 184 170 162 135 199 156 177 61 87 204 190 67 122 145 131 100 198 233 84
170 116 148 205 236 202 190 64 228 110 112 201 94 185 146 173 173 113 170 195 67 221 91 155 240 112 198 222 165 160 61 193 150 129 156 143 140 123 96 216 145 155 201 76 198 101 84 117 129 83 71 84 102 68 62 121 63 86 235 154 98 217 131 155 115 204 182 160 123 150 196 232 99 71 144 167 90 90 152 81 61 216 121 232 187 68 230 187 227 193 160 175 222 229 148 223 67 172 237 0 154 192 65 200 153 214 171 161 208 98 147 156 126 212 164 183 65 92 74 199
224 119 170 210 164 74 200 77 62 121 75 226 236 62 88 166 229 219 209 108 179 150 96 210 99 117 182 220 125 78 132 177 233 61 189 67 155 85 230 160 138 127 153 137 111 126 127 104 106 114 91 134 107 208 214 162 181 127 157 104 215 234 204 96 222 137 139 214 171 153 231 76 218 64 98 209 200 192 173 237 191 80 112 63 70 190 127 193 112 97 168 150 217 216 209 227 185 64 75 103 0 68 60 60 204 153 70 70 69 222 76 178 219 221 106 222 240 216 204 204
110 69 96 239 150 219 176 222 175 225 119 226 122 77 226 183 102 179 70 208 229 205 175 146 97 162 228 197 193 70 127 212 239 202 136 234 185 150 113 165 196 195 83 169 140 107 165 176 61 71 201 82 138 63 119 209 136 113 162 125 127 218 149 82 114 173 79 159 179 202 68 109 153 190 240 62 123 128 210 164 208 194 184 105 156 189 128 232 214 116 177 141 206 99 237 87 158 85 129 146 199 0 222 151 131 228 88 213 170 65 141 110 115 68 73 220 163 96 137 121
118 215 175 235 145 84 105 187 194 60 168 128 233 139 74 132 60 91 198 217 195 94 190 64 225 127 173 184 82 239 226 175 96 178 77 182 147 71 125 160 223 223 175 215 64 98 166 181 91 111 150 225 198 221 190 85 184 73 108 240 121 61 91 220 143 229 121 238 168 205 188 141 122 163 198 75 238 110 134 68 105 203 121 122 130 91 113 162 219 204 218 210 180 92 233 214 61 144 99 130 194 153 0 185 237 60 94 112 173 176 69 194 61 215 114 107 145 63 112 182
149 170 185 78 191 210 202 78 135 71 222 197 133 207 204 78 106 200 134 123 155 193 93 117 114 69 83 117 213 218 92 89 155 191 80 231 100 63 77 179 205 105 199 174 131 106 233 212 121 146 224 133 82 112 120 65 120 160 96 199 236 223 173 240 131 196 77 92 207 159 123 185 150 89 214 185 79 237 128 114 237 70 149 97 170 80 160 217 133 103 77 186 80 168 96 94 232 94 204 73 187 88 212 0 81 150 104 90 176 71 219 153 214 92 155 219 160 146 149 137
138 108 113 231 71 228 183 213 150 119 155 206 154 237 210 107 79 102 129 69 101 122 75 200 160 94 152 135 167 140 73 219 229 182 73 66 96 219 106 168 209 214 103 147 101 136 166 229 93 217 71 88 233 182 134 60 122 77 127 142 119 171 150 67 135 240 95 100 190 108 149 212 172 95 106 149 89 145 95 155 112 95 224 73 139 140 95 156 231 138 170 187 138 91 149 88 187 225 134 80 182 167 120 190 0 203 113 191 182 68 126 214 240 156 63 212 180 175 91 207
70 121 230 82 208 60 139 224 159 137 227 207 228 138 92 213 120 97 128 132 151 233 101 175 214 213 95 177 188 153 169 113 206 195 221 132 127 210 100 148 207 124 104 223 189 234 173 63 170 111 231 116 187 187 100 116 188 81 98 214 144 111 165 119 169 150 151 142 206 86 95 145 111 102 232 169 179 193 99 82 203 195 163 146 164 181 176 114 89 90 144 69 231 88 166 89 113 61 205 167 147 184 165 83 217 0 208 183 235 71 79 208 72 164 131 150 237 82 94 111
120 74 125 152 72 203 205 93 190 111 188 131 180 156 103 201 61 152 68 67 107 106 151 181 137 237 188 219 232 205 111 219 188 141 89 168 114 147 162 106 105 219 167 202 62 169 181 140 194 103 205 100 78 154 86 129 90 218 168 141 84 117 84 163 112 74 74 163 142 157 227 92 163 146 204 62 60 224 220 124 211 140 191 94 77 129 194 126 212 137 151 90 225 91 226 152 97 64 150 115 80 208 216 145 80 112 0 144 69 77 130 130 152 143 189 113 114 232 122 229
110 207 134 192 145 223 133 217 62 89 152 98 113 95 196 142 211 131 63 196 230 91 162 135 219 235 123 180 118 178 181 143 76 130 133 62 169 111 149 147 62 231 173 159 191 64 239 124 182 234 150 139 132 139 60 142 69 96 162 203 145 146 170 90 234 177 164 171 181 148 91 232 87 239 142 132 228 116 81 67 226 134 110 154 81 182 72 229 125 202 123 60 110 147 157 194 159 138 194 123 82 99 227 77 91 60 102 0 152 216 190 69 138 210 155 62 103 184 151 228
66 235 120 103 94 201 129 143 157 140 182 62 172 99 181 198 176 135 177 74 115 180 135 198 174 207 170 93 172 194 125 194 212 63 211 213 201 71 176 83 72 158 145 61 112 228 128 225 231 236 115 239 140 127 236 193 64 144 67 111 75 222 231 190 65 80 193 164 158 149 188 226 168 195 219 101 96 104 172 93 69 113 108 189 104 135 132 193 208 149 169 185 60 182 68 158 171 82 86 143 163 94 80 159 188 206 114 99 0 70 184 229 216 176 174 153 229 204 144 157
75 136 215 175 87 197 65 174 118 99 217 126 133 202 87 127 151 151 191 132 220 135 189 210 188 181 114 228 154 203 202 212 158 205 210 160 130 109 117 69 212 221 205 63 214 206 171 222 116 74 185 187 138 105 79 198 121 150 207 221 168 186 64 182 206 85 150 221 86 97 211 116 63 66 230 105 157 231 231 167 145 238 186 188 213 112 99 200 148 122 139 81 229 98 150 66 71 180 206 76 97 112 210 130 180 202 234 182 156 0 197 143 98 64 74 236 194 197 205 70
231 156 100 148 136 201 91 130 226 133 144 139 87 238 207 171 172 130 235 60 106 94 217 134 94 110 64 83 215 130 99 84 83 107 91 84 60 199 191 227 226 110 235 168 219 101 196 206 138 95 62 85 60 175 78 224 224 238 230 98 84 84 229 74 72 198 170 239 132 221 204 75 200 83 231 94 168 197 217 171 134 68 232 75 117 158 166 232 63 167 165 228 146 119 132 196 114 94 177 159 120 89 106 170 90 211 158 95 101 126 0 167 223 174 94 144 199 219 73 223
202 155 186 83 110 175 215 174 146 178 230 81 70 115 232 189 90 148 145 88 116 230 193 144 218 199 129 163 62 80 112 73 154 98 97 102 207 222 158 163 238 144 162 87 108 185 232 102 188 185 147 212 202 65 117 89 212 240 201 65 117 183 111 141 215 78 94 124 202 68 74 76 144 105 195 93 163 107 67 63 155 144 72 180 137 198 103 219 140 106 166 226 74 160 186 133 240 127 68 82 145 234 146 96 73 110 239 152 205 189 202 0 132 191 141 76 134 84 225 118
192 213 80 127 160 160 136 163 92 128 108 90 84 101 206 67 66 185 192 86 158 214 75 146 77 204 233 148 76 78 177 200 182 71 154 179 114 152 139 175 135 170 183 156 80 197 228 89 76 102 132 208 194 74 215 85 141 221 212 82 70 63 69 177 217 128 205 204 181 193 162 198 144 184 83 173 63 74 110 101 156 91 229 105 79 167 205 130 125 211 120 175 192 151 181 91 230 116 139 103 97 152 94 187 135 179 156 64 228 102 240 61 0 66 121 116 236 210 102 198
122 158 221 119 113 129 227 90 208 146 62 163 101 120 167 204 173 165 61 215 234 149 223 208 205 101 196 219 172 216 161 225 195 100 193 206 90 187 226 221 134 92 144 167 204 229 177 187 98 90 127 149 209 206 228 80 222 84 108 124 166 223 225 77 103 214 147 123 237 72 210 117 233 138 126 134 206 105 70 173 220 126 100 173 126 213 190 104 140 139 61 89 77 167 193 72 65 239 62 152 128 225 106 71 96 78 236 101 92 122 124 133 61 0 221 196 203 229 130 85
237 115 195 95 103 234 72 207 147 114 95 76 170 100 219 181 76 202 79 137 189 190 90 191 83 209 178 222 169 214 232 214 148 197 120 100 152 232 149 70 91 136 95 153 220 97 207 136 198 101 71 100 161 92 198 93 89 191 192 122 210 94 174 135 122 240 219 60 175 86 111 171 193 131 77 69 211 230 210 62 146 164 159 112 145 216 185 108 190 133 125 70 82 122 198 128 231 143 163 167 231 230 227 154 118 236 116 237 91 118 125 86 68 188 0 136 108 215 132 230
192 72 70 115 78 89 239 240 120 127 179 62 185 191 135 222 148 148 176 110 125 212 67 189 151 130 233 188 184 149 223 213 178 141 66 106 147 188 83 95 204 85 235 108 94 172 229 174 187 112 209 180 113 214 178 169 65 211 129 154 121 171 162 187 105 197 87 108 155 208 123 169 128 65 64 202 168 143 136 221 210 217 91 193 90 157 212 85 74 195 146 210 94 76 187 83 209 88 145 173 194 121 213 165 124 135 189 189 68 109 193 89 199 95 234 0 81 238 173 164
232 183 229 201 221 101 171 174 137 122 64 131 196 109 161 71 234 201 147 148 216 66 183 198 221 115 188 211 142 219 205 110 60 214 121 63 202 158 131 86 182 95 168 224 71 210 201 76 174 210 228 200 81 143 110 158 117 74 141 228 64 127 223 105 147 138 223 199 135 128 222 95 141 87 61 163 94 176 87 104 156 111 103 119 213 156 137 206 90 62 156 63 128 157 106 144 178 155 171 223 94 195 109 228 92 129 215 120 100 134 119 170 87 74 146 134 0 94 143 212
213 62 158 106 150 160 69 66 159 92 101 108 167 232 130 177 191 170 132 178 229 195 61 194 166 170 122 171 179 201 86 181 175 110 226 206 142 231 124 127 105 186 154 234 240 81 137 106 209 212 130 168 149 101 91 159 103 69 105 79 118 131 198 135 101 119 65 196 156 156 206 179 196 105 144 157 130 154 139 85 170 165 186 159 235 133 197 112 129 197 134 102 160 174 68 175 103 191 167 66 179 175 144 118 101 130 63 158 196 231 78 231 63 90 125 129 141 0 110 103
233 222 120 186 184 176 201 163 83 182 148 77 140 132 115 167 122 60 214 76 223 215 233 117 208 198 213 63 185 105 215 99 143 200 236 200 97 163 111 61 91 113 177 75 116 162 162 172 72 177 184 162 170 220 145 162 86 212 118 67 204 176 203 143 104 152 190 161 162 207 85 76 154 186 123 118 95 239 202 153 231 230 181 190 142 223 214 181 107 150 76 76 183 162 114 61 124 84 70 148 85 189 182 189 218 205 64 108 128 70 132 229 221 120 234 146 160 109 0 72
98 115 233 228 144 62 74 207 96 185 95 218 136 111 122 126 102 199 86 83 228 187 67 71 208 113 79 129 126 88 155 195 126 229 192 165 154 239 88 109 194 159 116 72 210 105 115 208 225 208 116 69 158 121 172 148 240 157 184 199 102 240 225 71 227 201 200 107 90 163 221 121 135 209 105 115 223 179 190 219 139 169 111 104 155 149 129 147 174 117 189 135 227 197 155 163 200 86 197 227 194 172 190 139 194 230 106 183 203 132 163 63 223 143 73 149 182 95 160 0
