120
0 18 9 9 9 5 10 5 13 8 5 8 7 7 10 12 15 6 15 18 13 10 7 14 20 12 15 5 13 5 14 19 18 7 6 16 11 9 12 19 14 12 20 6 17 12 12 10 11 14 11 16 20 6 7 6 12 9 15 5 6 11 7 10 10 5 5 6 10 14 8 17 8 15 7 8 19 18 13 7 10 15 15 16 14 10 6 18 10 16 16 11 5 8 15 14 19 19 5 16 5 16 17 19 8 17 11 8 19 19 17 10 19 17 6 16 6 15 17 18
0 999  171 241  192 306  229 580  313 625  359 411  76 178  322 588  161 260  203 331  148 255  241 383  259 518  165 438  240 418  254 621  188 589  363 692  381 569  396 493  259 686  145 254  237 551  329 740  385 725  167 428  445 742  419 773  249 586  390 804  219 506  322 598  334 409  270 360  141 399  343 463  185 304  330 564  325 583  337 462  209 353  232 288  118 314  306 438  229 531  212 484  283 559  120 166  370 520  412 648  314 430  228 391  295 524  288 581  231 416  295 333  316 459  239 428  205 298  363 583  271 362  277 333  96 301  315 743  287 451  428 484  162 230  211 304  296 575  238 309  362 471  235 553  168 452  240 647  325 730  389 457  368 552  314 518  130 521  245 658  114 250  236 331  197 588  315 684  351 781  135 205  330 644  350 618  181 290  278 662  290 450  282 486  273 345  369 464  326 704  215 335  350 593  371 440  239 527  247 296  203 632  285 459  207 252  337 466  298 694  225 298  347 419  181 440  392 762  266 644  318 611  402 460  286 532  145 267  156 536  234 337  255 332  401 595  172 440  243 547
0 165 159 167 192 203 71 191 129 175 94 171 87 142 157 210 178 178 146 239 166 139 138 178 179 135 207 193 141 233 175 193 201 187 135 193 92 193 240 113 155 128 106 147 170 138 193 63 140 179 203 126 214 240 81 124 219 186 122 147 174 119 66 215 220 227 154 200 72 145 219 86 80 108 91 232 216 177 123 235 82 173 88 198 184 86 157 185 138 103 116 121 90 199 211 194 156 176 200 151 120 144 150 134 201 192 129 108 196 169 134 186 214 67 109 106 127 240 154 194
240 0 185 207 161 84 67 129 137 169 78 151 133 95 98 109 216 152 194 68 144 194 77 170 237 68 127 154 159 237 151 66 217 137 150 210 117 188 78 107 126 84 208 96 110 88 107 68 85 174 174 100 90 112 217 124 88 177 203 69 84 120 176 112 65 144 225 151 119 87 149 62 231 170 139 96 225 114 83 239 181 222 128 156 184 69 224 116 94 216 175 93 72 61 92 68 143 169 115 85 119 214 235 84 219 235 125 195 185 224 188 134 134 113 144 230 137 102 190 103
129 159 0 129 98 99 71 232 127 76 198 151 63 212 191 218 234 129 192 120 232 76 171 171 97 195 207 236 68 221 84 81 148 160 162 229 168 158 129 96 199 221 116 211 174 63 133 224 208 95 189 232 133 178 200 114 132 199 63 80 128 183 140 198 196 202 83 174 159 162 130 139 195 110 204 214 168 236 83 191 227 178 122 151 137 130 66 196 181 63 153 238 176 203 66 187 137 229 92 181 160 173 61 102 144 114 168 232 171 93 129 72 164 88 187 234 125 134 109 85
210 120 161 0 177 200 88 216 127 133 158 153 182 83 77 132 107 87 150 139 75 159 180 124 150 88 231 118 137 146 169 175 175 190 151 173 184 170 239 96 86 224 227 80 152 107 143 79 145 149 84 135 228 86 80 215 146 115 195 66 187 130 90 192 122 94 161 107 64 150 173 76 70 114 239 196 229 233 227 138 214 175 73 202 179 74 230 116 75 225 61 93 228 114 118 160 189 103 84 82 102 181 207 118 140 218 184 145 66 211 159 113 115 174 190 127 75 189 178 213
196 182 217 74 0 212 145 180 118 176 174 89 156 188 84 224 164 168 99 120 135 119 104 196 119 239 106 182 104 189 203 240 121 230 203 85 75 134 153 127 117 214 188 119 114 64 159 110 119 192 158 122 99 123 123 61 129 96 207 196 76 188 155 176 96 166 133 99 208 238 227 200 116 68 107 229 70 231 238 150 136 104 230 169 144 195 227 71 223 174 138 205 174 133 163 104 237 148 188 125 70 98 111 152 217 147 118 205 171 179 124 150 102 221 215 121 169 104 152 129
218 105 118 88 206 0 210 62 140 238 133 188 134 80 204 95 128 203 198 185 191 226 119 177 114 171 169 223 201 204 106 183 100 172 219 224 192 170 154 85 71 204 120 100 72 113 198 89 144 123 184 179 181 218 160 205 233 118 181 69 113 175 211 166 79 220 135 231 109 75 231 101 211 168 93 122 78 218 222 74 119 196 185 182 203 136 236 180 206 111 177 79 162 196 137 200 126 219 91 154 211 232 123 134 208 144 123 107 218 81 80 119 207 169 214 189 104 208 74 162
163 216 85 61 106 86 0 235 211 237 107 162 74 190 86 208 232 96 157 91 136 201 218 192 78 207 147 109 193 74 87 120 149 223 82 169 119 102 234 81 143 64 220 231 90 237 193 218 80 135 103 222 230 171 216 182 70 145 239 141 131 235 71 211 109 149 102 95 224 190 199 212 70 143 118 163 175 202 172 224 154 165 132 214 187 198 173 135 166 104 77 235 86 234 118 187 139 195 195 112 221 226 217 99 132 81 176 107 139 82 231 213 157 71 210 204 183 114 182 74
136 217 115 214 74 170 120 0 190 159 189 229 85 76 225 102 230 184 61 147 231 148 101 99 125 232 204 109 108 105 107 89 124 193 67 184 184 106 176 152 62 170 133 206 129 226 98 153 96 69 167 143 151 95 163 162 224 228 152 106 160 173 65 97 89 222 232 112 239 141 75 101 221 72 126 106 169 90 136 208 211 181 149 141 102 223 149 117 89 92 82 143 126 107 111 183 148 218 71 155 173 148 62 121 78 101 68 228 91 191 224 169 195 87 183 227 139 100 190 225
71 82 80 114 230 208 222 214 0 231 108 136 157 141 152 70 66 210 150 61 173 187 123 182 219 136 73 147 172 230 188 74 141 193 185 229 104 125 211 130 73 123 150 198 183 105 146 90 118 227 198 122 135 201 189 88 98 72 220 61 123 128 206 174 67 111 123 127 165 174 80 107 93 178 129 209 235 77 193 125 214 97 185 96 125 129 116 150 171 144 199 71 126 113 75 147 221 144 93 133 85 138 238 231 159 69 192 234 179 115 186 186 131 159 170 87 160 105 162 74
167 141 105 210 204 133 184 120 151 0 78 132 107 154 186 97 121 190 95 158 133 136 170 171 145 187 84 77 101 165 222 218 122 115 216 163 144 94 140 168 197 186 142 203 179 229 104 232 86 238 160 147 180 190 220 74 161 117 133 162 169 215 141 132 238 113 148 196 115 159 91 201 76 134 224 235 124 174 146 212 106 213 92 102 99 209 116 211 221 210 187 60 199 124 100 207 217 140 223 79 100 233 202 224 68 184 192 232 156 122 111 100 91 88 180 234 113 87 228 76
94 105 184 80 116 74 115 119 144 176 0 88 135 175 127 86 187 123 206 102 91 155 196 157 232 73 160 238 117 130 168 202 112 221 100 194 196 179 72 144 82 218 172 184 138 157 109 149 109 143 160 149 192 161 184 159 171 218 200 100 236 145 219 134 185 169 215 222 191 129 204 192 76 212 225 147 77 172 157 72 153 97 132 207 126 205 97 228 71 185 164 83 192 164 91 144 126 103 117 232 112 148 120 105 142 166 233 199 139 210 87 68 141 227 192 218 177 224 153 119
105 103 152 233 123 107 134 209 102 75 213 0 174 201 163 89 199 74 79 202 213 142 149 143 188 140 184 66 157 101 94 96 186 213 65 231 95 168 107 208 234 204 143 173 233 132 139 195 147 135 115 195 85 234 182 190 76 93 139 195 221 222 175 83 162 73 106 86 122 61 103 125 68 167 136 183 90 184 192 227 103 142 189 107 139 112 119 107 184 109 152 111 122 88 196 87 153 239 122 68 204 100 153 176 171 115 135 86 220 154 120 133 151 145 232 90 201 118 97 232
95 151 223 177 190 199 93 194 201 85 155 224 0 94 235 209 143 184 151 108 176 95 95 150 60 62 184 154 173 81 226 176 171 238 173 180 117 212 226 161 202 167 239 67 147 212 193 208 181 107 147 67 178 89 162 76 155 136 117 199 128 234 62 128 191 160 217 236 157 96 163 90 115 162 206 160 69 232 71 164 216 196 93 189 143 108 99 109 143 106 80 139 67 178 61 205 71 75 134 187 66 178 158 158 154 132 177 150 81 215 229 189 204 91 181 104 222 208 94 222
121 118 63 151 112 80 200 101 62 134 232 135 100 0 158 91 116 134 236 61 136 143 141 176 227 117 136 220 217 173 105 71 144 116 227 151 70 132 79 219 180 130 89 129 124 89 223 125 210 225 89 221 80 74 119 91 182 155 130 233 79 99 211 68 116 229 99 208 99 88 130 197 171 75 88 183 194 138 205 61 72 75 88 130 197 186 237 119 162 83 153 85 240 180 221 133 84 124 186 66 157 146 215 102 111 111 72 188 148 232 150 128 175 69 61 113 228 91 212 180
235 113 160 172 100 187 91 229 174 199 103 67 115 67 0 180 162 102 231 111 105 199 123 74 236 215 160 60 211 235 167 62 234 119 191 97 215 143 177 63 222 179 171 83 195 81 107 209 180 163 126 178 178 162 228 80 161 117 235 147 232 224 92 238 234 166 92 66 208 183 156 104 175 190 68 152 83 190 166 76 140 125 231 106 169 208 151 115 70 78 184 95 178 240 96 175 98 180 129 178 195 224 203 173 83 128 100 132 153 239 224 187 88 158 95 191 149 232 139 163
75 232 186 166 210 86 157 134 186 78 134 153 117 81 99 0 76 117 227 147 182 196 193 202 175 142 123 97 224 111 147 82 232 192 66 181 176 151 176 196 195 119 198 152 119 90 228 233 101 187 205 240 71 163 130 64 228 190 229 121 137 232 142 116 232 203 74 60 207 218 226 136 71 87 235 145 173 64 227 158 101 173 73 240 240 183 79 61 144 193 66 237 118 172 85 225 197 167 106 191 94 110 227 126 115 218 159 109 192 160 222 162 129 62 222 145 129 171 160 175
167 209 62 205 225 129 154 122 72 112 150 103 148 96 133 151 0 194 82 129 69 171 201 216 136 195 168 172 68 71 228 62 218 163 235 234 112 92 150 233 194 143 203 190 221 194 149 213 155 153 127 202 107 173 130 178 85 125 228 124 78 200 239 117 217 125 168 142 109 209 99 123 136 115 217 132 217 145 237 112 76 94 176 101 178 79 107 123 89 238 133 219 191 180 71 210 109 202 102 69 77 102 122 186 171 192 239 88 78 104 200 235 102 232 168 154 62 170 217 200
79 144 175 92 182 225 170 193 223 222 61 233 208 210 67 85 229 0 240 63 151 238 221 120 194 195 85 138 110 163 129 198 108 65 116 137 102 219 188 72 198 148 169 228 194 76 199 229 92 186 149 169 209 135 236 158 84 105 173 181 200 199 82 108 166 183 178 150 209 103 214 218 144 191 210 167 142 120 87 206 159 153 131 203 193 208 66 179 220 201 132 159 94 114 199 180 102 238 76 84 125 90 77 135 214 195 216 81 223 147 160 93 193 149 62 240 116 170 146 225
182 63 63 137 190 189 62 91 116 234 129 147 68 214 62 175 197 90 0 201 215 230 178 175 230 199 136 87 88 211 92 189 127 98 224 192 194 206 200 120 204 101 119 151 80 77 65 223 183 212 105 154 171 103 114 213 105 154 170 228 83 66 230 90 127 108 106 213 240 165 97 129 198 63 205 87 137 207 204 187 152 192 136 88 160 63 228 201 228 150 98 189 190 92 174 219 160 141 86 223 88 182 104 102 201 168 62 98 94 137 80 194 227 76 240 78 143 81 133 190
113 200 228 60 189 75 177 73 60 178 125 67 149 158 106 215 214 60 162 0 174 189 172 77 172 157 159 115 151 217 61 151 115 225 143 129 193 167 72 125 222 145 221 184 162 197 214 227 189 213 183 207 83 144 70 85 65 97 186 64 169 98 138 96 177 86 124 127 164 239 71 66 184 62 177 128 119 67 122 239 154 209 183 173 89 86 234 90 226 191 205 110 191 203 227 147 106 81 144 215 64 90 60 187 139 152 142 113 126 66 119 63 203 164 197 145 148 139 234 83
73 121 126 122 141 126 73 112 138 184 90 106 64 220 86 220 185 87 207 235 0 124 67 208 166 184 155 150 173 155 96 74 78 222 188 100 136 148 180 100 192 90 206 149 208 210 68 205 234 158 121 240 160 114 99 134 78 94 204 71 192 66 90 205 110 195 64 153 112 188 103 115 118 161 69 186 107 230 79 156 136 224 218 166 88 115 178 171 82 140 181 107 208 164 179 127 109 189 186 224 176 202 105 201 226 207 172 79 234 196 220 194 71 237 155 109 240 115 141 110
237 89 180 199 112 90 130 146 235 186 165 90 192 174 187 75 213 232 146 86 145 0 216 195 91 144 96 208 200 178 73 69 234 218 86 123 69 132 62 64 233 66 85 160 93 185 131 215 134 221 101 76 125 182 73 192 145 156 204 130 239 151 67 111 103 196 111 75 237 92 170 182 106 204 225 209 230 168 60 235 157 165 156 172 70 75 226 199 69 156 191 92 138 215 89 106 235 191 86 162 183 82 187 180 130 115 198 70 168 185 178 118 206 77 105 169 143 67 80 87
119 192 199 188 101 155 139 207 164 213 171 88 240 139 226 99 147 237 214 98 150 228 0 162 119 175 188 61 222 186 94 229 225 114 201 119 139 132 230 222 104 106 206 113 83 204 107 213 212 229 233 177 206 190 228 119 239 64 184 71 154 116 149 72 227 215 143 200 139 75 185 109 118 212 213 166 152 127 121 233 112 156 159 109 74 86 167 235 108 96 173 101 207 206 177 103 156 199 102 171 125 189 146 203 215 211 79 200 156 87 218 198 172 199 133 217 68 76 128 72
161 86 128 98 192 177 194 160 169 215 174 63 179 209 207 72 114 76 87 103 227 117 73 0 175 179 98 210 107 223 113 175 105 163 239 68 123 104 200 129 124 89 149 95 222 131 208 149 93 219 65 238 109 194 151 82 212 201 223 168 132 129 78 152 88 236 116 215 66 158 160 174 66 143 195 194 186 235 103 164 129 190 110 175 182 177 86 152 181 175 62 170 109 76 209 202 149 135 149 210 239 101 203 153 189 76 162 193 185 118 179 83 126 122 211 121 73 216 182 195
108 196 158 204 115 226 136 79 135 220 203 218 81 136 155 213 95 119 96 232 94 159 123 133 0 115 80 164 207 141 135 95 227 196 120 119 99 88 191 66 108 166 211 91 171 217 81 143 72 113 80 229 108 138 192 116 227 67 113 84 233 157 107 66 127 192 230 69 146 202 228 180 87 63 212 218 225 228 117 102 215 67 109 101 71 119 95 186 142 88 209 132 88 165 120 187 140 62 113 145 83 144 196 140 164 167 230 120 160 164 100 100 107 135 201 119 151 131 237 158
163 159 194 96 194 126 124 99 208 214 140 85 221 233 87 91 81 85 206 110 159 84 156 87 161 0 181 197 219 184 104 189 193 61 173 120 184 109 190 68 153 226 141 175 190 197 137 240 66 137 214 81 233 87 179 188 74 114 134 64 118 135 108 227 134 235 64 227 180 113 159 214 223 236 240 199 190 220 65 145 105 211 98 89 205 149 65 173 206 64 240 80 98 217 88 79 194 181 212 141 160 90 144 98 129 101 103 165 147 240 97 167 222 147 108 88 161 194 131 180
155 111 88 194 210 188 212 112 151 118 140 92 149 200 151 113 148 98 239 132 130 85 137 211 205 67 0 90 228 209 171 160 138 72 171 117 209 182 73 102 193 219 193 236 81 106 66 190 140 175 208 112 80 98 108 160 156 176 128 121 139 189 177 225 65 128 168 70 186 157 213 157 175 157 97 145 102 129 77 233 75 99 211 221 76 196 163 85 178 138 131 171 111 211 216 136 147 230 139 65 67 216 181 102 75 104 153 220 125 97 216 116 153 212 75 140 238 113 211 121
156 60 136 60 123 235 72 77 156 154 119 73 87 125 141 65 75 164 123 100 143 160 163 181 160 114 228 0 222 115 77 83 83 239 224 121 201 60 128 64 60 97 92 204 127 126 167 168 212 74 210 227 179 188 202 224 195 179 105 110 217 143 234 192 211 209 112 116 194 133 236 113 167 215 112 196 223 185 191 77 83 155 154 222 132 235 127 208 202 152 235 178 196 220 193 146 180 60 208 121 97 107 188 65 236 199 141 119 115 203 66 63 225 228 111 187 203 101 130 128
121 184 215 143 173 194 91 105 150 151 138 189 113 90 199 173 136 81 154 174 151 110 184 157 201 131 238 124 0 117 132 79 231 238 237 216 109 163 128 139 222 230 91 229 100 236 149 151 89 63 102 72 135 131 105 230 165 176 83 147 159 70 225 211 213 213 144 213 108 178 71 132 100 173 121 167 80 197 165 170 217 100 105 208 130 101 111 105 156 113 181 63 139 92 213 218 146 195 106 117 221 211 108 237 208 108 184 195 159 66 68 131 142 238 80 95 66 150 170 199
100 204 132 86 203 207 169 136 197 184 230 202 175 107 77 238 131 60 179 240 145 85 238 194 238 94 109 100 236 0 181 119 228 160 220 142 108 60 134 218 140 148 159 132 156 175 181 177 137 191 226 91 227 180 205 219 89 133 131 202 229 80 215 225 198 64 117 142 70 225 111 173 122 159 167 106 141 107 176 97 96 130 107 111 68 219 115 179 158 231 72 100 224 184 120 154 73 151 111 224 164 115 75 222 87 150 171 168 133 179 140 92 113 79 210 237 128 176 161 224
140 102 63 106 140 217 111 130 213 81 174 60 99 110 126 133 184 212 111 149 134 235 229 125 163 223 122 110 179 102 0 152 223 174 92 113 66 82 210 156 62 70 113 128 198 88 195 145 199 155 93 86 198 196 107 83 164 153 182 119 149 233 180 186 181 161 94 63 203 160 150 181 64 123 223 120 88 119 92 86 230 205 85 80 88 141 69 184 114 115 87 168 143 92 222 88 141 142 239 235 77 107 152 115 70 101 85 191 76 202 87 136 202 71 182 77 92 177 120 124
158 95 84 214 161 225 65 180 77 106 63 194 150 211 218 190 109 180 86 140 204 120 229 73 224 131 92 195 117 232 152 0 128 105 182 129 150 174 193 111 195 129 233 72 66 201 63 200 163 163 145 72 146 164 110 150 106 151 210 81 157 152 94 69 186 60 96 169 202 182 161 110 68 231 106 112 116 66 126 230 198 150 123 131 87 103 85 114 230 92 212 208 150 175 198 189 134 145 162 202 107 218 192 64 224 156 166 121 194 180 134 217 229 210 80 169 217 142 209 164
190 205 126 161 171 221 171 116 106 196 107 78 153 199 237 170 150 212 170 150 60 200 168 84 144 208 194 77 177 80 91 182 0 159 133 142 205 226 239 164 199 205 167 80 169 172 110 239 236 78 122 200 132 183 185 99 148 188 143 137 179 235 232 129 217 179 212 155 170 96 70 101 75 159 230 219 87 88 94 173 138 100 211 160 106 87 105 65 122 218 141 138 224 63 156 147 218 62 138 153 91 90 221 231 222 185 226 213 83 157 190 101 154 224 221 213 117 226 96 73
136 148 139 102 97 196 109 82 170 183 239 110 164 141 215 239 207 68 151 211 231 131 236 156 77 119 82 67 96 75 130 112 133 0 134 219 161 130 164 68 187 67 145 204 88 152 121 177 240 168 175 224 83 170 89 67 200 120 232 214 231 117 225 71 67 237 141 175 183 139 80 191 62 118 68 164 176 158 148 213 114 123 135 82 200 200 173 154 171 65 95 115 101 92 126 95 234 137 140 67 190 212 216 148 104 184 152 189 69 207 228 209 64 197 179 104 123 61 152 151
209 238 86 114 236 154 199 63 150 164 109 72 129 68 89 175 228 200 181 164 219 215 234 138 226 77 175 176 91 101 155 114 118 178 0 78 147 175 212 187 211 128 181 212 203 149 111 139 147 227 175 69 103 95 141 61 178 138 230 152 180 129 151 115 113 184 78 76 174 175 202 176 148 138 226 170 67 73 163 198 192 166 105 218 172 85 88 205 113 214 193 240 66 162 66 210 94 175 81 235 214 112 169 177 117 154 178 211 103 81 127 134 165 149 75 133 181 165 211 126
69 100 88 138 180 66 195 63 193 86 73 164 185 173 117 191 240 217 187 164 211 84 140 153 122 112 202 137 159 164 147 196 204 171 80 0 194 213 147 138 110 204 86 196 195 92 114 68 158 122 135 63 100 77 88 189 143 61 97 89 193 81 87 128 197 124 95 216 158 95 196 190 177 89 230 177 211 232 82 161 69 63 174 222 237 195 148 76 100 70 82 226 105 112 96 142 104 239 111 179 226 234 119 62 91 185 212 229 74 178 160 176 130 127 213 129 223 206 233 146
73 141 197 210 197 122 91 136 157 197 216 208 117 175 81 228 68 134 94 180 74 211 135 209 233 111 226 93 238 222 168 176 76 161 139 143 0 66 105 227 214 90 208 165 143 87 73 92 209 173 131 155 70 222 64 205 60 166 236 83 184 199 107 119 73 64 83 187 123 168 152 127 225 213 141 172 205 68 239 93 206 192 67 222 240 185 184 92 237 232 153 157 207 196 139 91 220 120 84 165 87 208 129 93 200 85 184 109 185 144 197 157 146 196 222 225 109 71 166 119
226 150 71 200 77 236 153 171 150 236 179 114 126 225 82 88 213 69 159 115 214 88 150 106 161 218 132 232 179 141 107 95 66 115 210 233 206 0 116 219 82 240 87 108 169 198 123 166 125 149 106 159 63 239 235 119 155 152 238 210 143 172 159 67 111 175 187 118 89 116 68 179 171 94 102 156 122 215 90 135 230 83 223 225 82 115 110 106 237 85 240 148 104 197 184 103 117 91 222 100 141 175 79 61 227 211 186 217 79 177 61 100 141 82 88 230 200 169 209 114
140 174 192 195 126 88 222 210 152 154 70 154 126 108 84 123 154 214 138 174 211 203 71 201 106 113 67 183 146 69 182 95 215 121 77 139 159 136 0 234 178 148 219 159 84 203 176 222 80 217 78 154 159 194 205 95 239 68 154 89 120 144 140 89 221 166 144 174 218 208 87 234 81 170 218 120 163 221 172 114 117 69 223 135 131 236 173 75 68 93 240 122 86 237 187 240 97 224 111 177 215 110 232 211 67 89 193 167 73 154 115 128 138 118 161 177 139 178 230 73
127 219 208 199 150 86 224 69 178 180 100 121 207 174 81 188 212 70 185 147 142 86 139 208 207 209 123 148 144 86 188 145 160 164 233 173 154 131 97 0 78 129 101 198 213 182 230 73 149 155 234 108 148 206 163 92 101 192 73 82 136 98 204 239 148 119 226 133 211 116 228 97 173 238 208 223 116 197 213 195 71 149 68 120 197 107 103 174 117 223 227 104 92 119 196 196 156 139 133 222 141 160 172 168 194 113 224 213 136 199 61 147 212 120 233 63 156 213 198 234
227 143 114 87 119 122 197 125 129 117 171 89 112 184 207 133 169 143 189 212 106 118 96 179 60 216 140 159 130 158 190 159 210 87 165 156 216 114 181 192 0 218 109 93 180 225 215 82 225 60 212 65 222 99 130 93 111 171 116 237 85 117 195 95 161 76 142 136 122 154 207 187 221 147 114 91 197 116 96 114 162 175 240 86 71 138 124 119 161 130 116 175 166 106 158 73 219 175 175 228 88 101 186 198 92 111 65 115 83 237 84 184 211 157 91 227 200 178 154 185
196 112 169 199 80 112 69 166 150 192 94 149 83 87 210 102 121 198 92 67 121 226 182 140 151 72 216 148 115 128 101 104 106 238 148 145 128 72 189 123 184 0 182 236 172 135 210 220 237 166 167 191 125 107 237 179 156 105 75 210 91 138 164 129 227 169 182 80 183 76 239 148 169 211 216 232 238 79 131 78 173 199 151 131 121 235 205 120 204 66 219 194 166 131 141 199 201 168 182 208 146 227 106 68 92 121 96 137 181 94 177 192 148 95 151 215 147 128 185 113
225 110 205 204 199 218 210 67 127 180 115 208 69 117 103 112 107 240 231 186 184 240 66 72 81 105 168 152 77 78 154 102 216 218 224 127 66 197 67 156 105 143 0 134 163 180 176 121 149 123 120 159 208 111 230 232 192 104 85 230 235 107 88 94 113 112 240 218 123 176 207 203 113 197 169 100 156 129 197 69 184 110 172 90 90 99 234 108 198 61 218 221 209 183 173 68 183 235 165 110 185 141 138 139 153 107 109 78 82 142 147 169 76 224 216 213 211 83 220 114
111 135 140 118 163 238 145 73 199 226 160 217 229 120 223 220 178 92 185 94 222 198 158 221 71 73 151 147 115 173 104 154 102 63 171 88 217 121 233 170 134 60 171 0 169 227 236 201 106 191 217 72 113 104 202 128 202 208 84 137 61 197 60 206 202 114 104 174 187 137 87 86 96 210 235 173 103 80 164 239 168 84 66 78 109 200 72 238 116 215 127 67 132 193 75 151 91 198 190 196 85 220 119 207 72 200 233 72 84 209 206 122 220 75 176 172 165 76 60 185
87 149 206 115 90 109 161 193 96 216 173 88 193 127 103 77 60 167 169 201 228 216 71 219 189 74 73 63 197 143 99 113 74 81 173 112 119 146 77 147 118 227 112 194 0 193 128 220 75 84 62 213 218 239 102 138 106 170 65 85 231 157 163 197 198 144 84 93 119 203 68 170 209 176 199 175 197 161 103 215 223 87 109 239 204 239 192 91 92 230 97 117 194 136 77 147 197 136 185 81 189 66 116 191 152 74 147 216 134 82 205 213 239 143 221 73 117 86 111 166
240 94 121 226 152 235 152 78 190 71 163 192 231 217 71 147 160 112 151 197 116 168 124 181 139 239 99 170 210 227 122 81 66 152 97 78 203 82 189 71 204 107 108 137 145 0 163 93 165 234 68 144 134 236 211 144 195 135 215 137 198 171 172 159 120 124 200 216 178 209 124 108 89 209 133 137 235 129 88 184 152 206 151 88 212 217 145 206 86 172 81 197 155 170 227 225 177 85 80 85 91 83 110 228 155 222 168 191 93 158 237 79 186 89 80 225 117 68 95 93
102 115 187 103 139 199 62 217 73 69 156 106 61 73 112 172 163 171 62 187 84 76 165 208 101 138 137 68 148 235 162 122 202 152 185 120 209 228 112 157 130 228 92 149 102 133 0 198 118 85 168 175 139 167 216 135 179 204 71 179 120 142 147 120 227 110 188 202 226 66 139 194 216 167 223 240 133 114 131 207 157 146 179 186 207 237 155 77 230 182 168 99 148 150 123 127 91 150 68 71 167 191 224 228 160 104 109 173 109 232 211 208 146 235 71 118 100 204 118 145
124 96 128 126 118 214 217 223 238 85 97 145 232 131 190 65 92 239 156 91 139 240 180 125 211 134 111 148 164 178 192 103 102 62 233 111 179 64 234 208 230 189 136 172 70 62 94 0 218 230 109 125 232 67 165 133 215 216 194 199 109 79 95 234 166 159 184 194 220 140 159 232 176 121 134 232 189 217 224 147 211 82 144 194 64 229 164 207 70 193 135 88 151 128 70 124 196 124 97 137 164 76 236 234 191 221 151 190 99 99 232 130 137 91 142 95 165 145 148 132
125 195 224 149 145 146 181 171 206 208 229 114 195 183 197 90 141 216 143 228 72 154 133 206 136 203 77 174 179 143 146 173 183 146 100 81 178 92 70 207 233 179 214 232 115 207 101 216 0 236 64 229 162 144 114 108 84 146 165 206 191 93 62 162 203 128 233 210 123 95 69 84 71 66 84 69 211 94 143 70 109 92 222 127 123 88 149 196 95 178 128 75 135 230 134 62 89 84 158 168 119 82 150 218 186 133 183 70 230 214 68 230 88 185 206 125 215 82 121 193
113 167 127 237 190 112 131 222 129 215 152 217 231 109 222 231 196 186 143 143 212 62 161 192 103 141 151 196 97 88 111 177 129 90 132 167 113 162 60 220 172 137 214 221 161 205 201 237 178 0 196 135 178 154 82 114 137 75 225 63 211 147 206 185 234 154 186 222 79 198 138 226 131 163 165 115 158 63 72 104 117 207 235 71 149 122 187 222 60 233 219 95 201 155 231 123 226 115 91 161 85 176 237 148 235 219 84 112 66 145 158 208 191 150 221 224 125 227 60 236
130 218 190 212 136 196 164 137 84 140 78 112 219 181 195 183 220 235 224 239 65 89 205 221 234 136 220 88 138 109 110 73 120 126 139 69 146 118 127 155 213 66 186 80 96 65 153 205 121 141 0 144 102 156 138 63 225 197 136 107 133 166 107 75 190 85 103 148 60 162 105 191 97 185 222 140 133 194 144 75 148 101 99 98 197 203 73 235 93 232 232 86 166 213 233 125 98 144 143 73 160 205 185 157 123 136 62 200 183 178 66 206 123 168 75 166 149 73 140 81
205 95 97 120 106 106 206 226 127 195 163 109 112 216 98 156 234 192 77 218 192 145 239 99 106 88 170 138 111 131 73 214 66 171 190 196 108 123 193 135 156 224 123 122 173 106 102 161 96 129 141 0 171 148 163 68 210 149 188 145 148 113 188 226 134 177 185 189 181 92 145 216 83 167 183 200 91 122 238 96 94 122 86 97 89 62 185 153 131 101 115 79 181 67 119 212 173 175 203 233 84 83 128 90 239 177 203 194 225 181 150 205 171 102 164 186 194 101 78 77
160 123 188 79 129 199 178 234 70 196 204 157 142 175 64 86 238 199 164 175 123 222 186 103 175 221 114 180 123 109 236 200 76 222 126 104 186 153 72 89 178 235 189 93 76 171 183 234 124 117 124 83 0 74 196 231 156 180 229 203 226 202 188 172 113 161 122 199 121 182 112 208 207 136 68 153 115 83 128 240 69 199 206 81 70 180 162 173 155 192 92 146 98 178 86 148 169 130 199 210 139 137 92 113 100 147 153 105 104 193 153 124 128 154 197 111 115 108 168 99
62 124 196 118 175 227 172 143 183 116 100 239 195 87 209 118 191 104 127 226 165 122 150 162 205 182 121 91 237 183 90 93 80 77 133 107 81 236 207 240 75 120 153 137 167 99 232 70 188 189 62 60 146 0 184 187 141 220 150 63 132 122 156 192 209 207 70 152 214 216 63 101 120 146 145 104 227 112 175 101 93 62 130 236 190 221 82 227 231 144 120 158 117 151 129 114 113 164 142 86 235 174 233 203 63 201 67 69 162 204 115 85 159 229 187 65 199 173 195 101
229 101 118 138 201 236 162 133 221 134 87 206 237 72 231 222 236 191 140 169 101 231 89 85 218 218 176 208 225 138 140 221 69 210 117 61 63 93 117 115 92 80 90 216 93 173 161 151 205 97 88 96 124 78 0 141 92 134 232 232 101 129 106 133 131 234 154 234 195 82 145 93 141 175 166 195 225 143 138 223 168 233 62 192 98 162 196 147 112 95 170 142 84 121 69 142 188 99 180 86 110 98 111 213 103 233 102 75 91 231 237 105 220 194 76 223 155 126 124 106
187 63 197 150 61 221 120 207 73 187 189 77 199 89 106 193 168 146 208 173 198 189 105 178 220 64 211 221 116 203 83 72 239 170 235 207 115 158 234 73 65 222 206 153 122 115 186 155 175 78 119 222 214 133 207 0 130 112 154 219 169 176 227 227 240 198 125 162 77 217 222 173 78 154 117 160 89 120 187 213 71 157 165 91 166 222 197 148 178 190 223 80 128 233 173 134 105 230 231 130 115 125 78 96 195 211 129 214 237 197 89 158 173 153 161 62 187 189 69 190
138 74 207 210 168 216 219 159 86 154 150 221 174 145 179 210 135 229 83 69 178 106 129 190 86 223 169 228 159 113 194 212 115 98 103 78 127 157 213 71 117 165 62 79 220 236 153 225 200 166 122 121 139 168 206 91 0 198 171 125 111 66 130 97 130 169 98 171 179 151 98 155 111 75 82 150 77 209 197 117 236 179 122 100 152 234 85 139 221 139 200 113 76 184 212 148 88 164 64 144 204 162 108 157 163 121 227 224 135 223 130 197 145 105 94 213 130 203 207 89
148 163 148 226 184 169 160 115 173 160 220 230 93 227 163 112 165 194 126 99 204 64 191 233 123 140 187 121 166 170 238 119 103 62 216 187 88 76 231 152 68 176 205 223 112 182 203 191 194 172 119 106 188 178 60 69 63 0 196 115 211 84 66 64 95 83 214 172 185 90 189 150 180 77 185 138 66 97 134 201 178 122 102 146 148 233 188 77 143 147 191 213 211 144 221 102 92 109 145 97 223 161 100 144 62 99 148 201 213 163 213 204 151 129 181 95 193 207 239 60
153 74 142 119 121 66 102 207 118 233 208 64 76 105 215 142 207 79 170 128 84 187 63 79 114 91 151 216 184 205 206 171 153 100 167 99 170 117 199 109 223 136 115 201 228 137 145 106 104 78 75 156 123 178 76 64 187 235 0 70 121 89 141 192 194 226 221 208 230 196 140 105 190 146 215 237 70 206 160 165 157 159 120 100 116 120 132 176 123 129 88 204 219 197 196 117 207 130 154 149 217 237 71 204 234 186 199 201 148 95 72 116 201 215 157 75 62 198 157 230
166 77 162 183 230 191 147 117 117 65 238 78 187 216 91 181 143 155 222 218 95 87 74 226 171 148 169 78 158 142 201 201 102 63 118 111 90 181 157 161 207 197 183 240 79 101 166 207 64 130 221 232 185 158 80 234 143 232 69 0 196 188 149 148 144 110 101 95 91 133 214 69 89 192 175 149 110 89 201 74 126 113 156 65 230 197 127 92 166 137 175 181 186 213 132 118 197 162 103 120 150 62 178 223 137 212 239 218 130 176 150 120 169 134 180 111 185 151 179 213
237 140 177 85 137 234 157 203 116 228 104 139 98 127 167 77 146 67 79 98 129 217 194 141 183 68 106 151 101 106 131 135 211 74 100 202 68 137 61 82 128 237 79 148 174 186 235 86 118 159 177 160 116 150 224 115 149 89 89 159 0 126 193 135 89 128 198 118 213 159 128 157 192 200 86 67 74 88 103 97 83 137 189 108 65 146 179 210 168 152 231 158 186 233 75 164 82 139 222 210 102 127 91 65 200 170 162 152 64 182 122 137 215 237 227 80 182 151 98 178
224 154 185 137 161 222 83 239 195 133 68 177 204 172 141 197 240 146 113 76 69 126 226 197 82 163 163 167 193 166 146 114 110 113 235 92 163 136 189 170 104 87 98 168 194 183 230 214 222 175 146 139 235 82 146 136 143 172 134 162 143 0 137 133 95 186 183 134 175 156 161 194 156 208 145 107 208 188 74 101 115 70 234 165 84 226 96 133 173 143 187 153 145 127 106 192 145 134 88 67 155 64 213 199 145 87 214 137 159 210 103 192 65 138 103 152 125 167 140 212
91 234 143 182 240 172 118 165 201 132 101 120 137 113 201 222 220 212 217 195 87 203 94 92 220 99 174 176 204 220 237 177 189 110 233 163 64 195 144 86 80 72 142 93 111 92 170 127 64 174 103 191 212 202 230 175 236 224 68 144 91 123 0 196 125 163 211 67 67 166 228 227 77 82 74 138 102 219 73 220 193 216 93 211 227 213 165 110 115 76 220 225 124 109 189 150 175 104 229 77 66 163 240 166 109 66 225 71 89 90 94 179 165 72 89 197 68 65 141 95
152 94 232 186 190 204 106 83 63 135 125 167 102 80 175 212 165 61 227 143 207 74 167 89 99 104 168 117 162 146 201 108 117 152 194 226 177 183 168 156 204 198 139 60 167 139 155 141 72 66 88 168 195 169 159 199 75 233 151 203 154 235 184 0 179 164 140 191 94 119 73 195 164 66 226 61 64 63 86 165 131 182 211 196 193 87 66 107 96 117 168 96 226 139 103 215 194 152 219 199 188 227 132 220 222 203 214 172 124 109 107 144 199 181 192 188 195 154 117 83
156 168 221 112 187 170 163 131 105 219 151 102 98 139 231 70 116 216 64 111 62 232 102 159 201 108 65 231 188 60 156 172 72 215 124 184 230 150 167 88 100 122 151 223 119 142 62 63 94 197 102 118 183 158 192 60 165 104 143 119 217 103 228 231 0 158 82 226 129 194 127 160 78 196 105 74 143 78 185 214 205 134 72 148 188 183 189 132 222 198 178 160 69 102 235 77 109 196 237 147 153 215 168 160 70 218 144 199 199 74 151 176 85 214 92 239 191 217 126 217
112 68 108 240 158 70 206 118 163 148 175 187 150 70 166 95 69 68 89 104 137 102 215 80 188 87 203 208 65 110 122 193 181 221 177 150 239 234 112 125 89 70 92 232 234 151 147 126 145 198 155 203 75 201 140 159 68 150 197 219 216 83 130 175 150 0 78 85 147 235 158 162 113 178 163 96 83 237 167 215 87 140 236 73 237 79 133 139 81 138 130 147 65 240 176 108 79 213 126 75 60 132 177 123 127 77 130 111 108 222 68 114 237 88 149 126 105 91 217 102
121 222 131 113 168 108 192 91 81 165 158 107 194 228 114 225 106 179 95 74 219 115 176 162 66 214 117 178 89 125 154 177 125 76 169 199 116 222 206 88 234 134 129 189 66 237 167 139 102 106 218 201 186 69 211 120 144 224 106 167 121 91 176 179 214 221 0 131 75 199 131 145 64 213 165 157 134 156 220 83 71 217 106 127 240 205 63 189 201 183 182 70 133 170 86 88 192 166 177 221 140 155 148 130 80 70 239 72 223 94 195 233 182 110 81 172 186 189 183 233
141 104 177 227 219 118 182 86 141 134 90 169 230 216 104 60 173 79 122 78 65 215 79 133 152 109 217 206 209 107 111 69 93 169 204 186 94 213 101 137 206 222 213 151 155 112 168 180 154 93 111 194 200 229 149 138 195 134 237 100 213 60 68 195 229 127 75 0 82 177 100 164 61 125 219 180 215 125 105 101 237 235 154 191 139 135 209 237 73 210 105 74 205 234 102 116 170 216 188 149 162 118 225 79 137 97 73 189 66 185 81 163 196 130 216 95 215 169 95 185
240 105 140 137 109 175 208 201 179 217 125 156 109 227 200 226 122 235 226 209 112 62 146 168 182 74 62 101 144 171 90 174 151 116 108 226 71 213 87 207 95 79 61 105 195 153 147 72 197 70 95 121 133 189 237 196 157 148 224 226 165 216 177 76 180 212 128 214 0 123 239 229 189 94 212 194 67 211 182 128 120 202 65 82 230 177 70 187 132 207 179 231 236 73 77 60 76 150 85 165 208 136 145 144 221 194 68 220 128 222 81 171 239 142 146 232 83 188 190 171
103 222 173 177 110 197 216 73 218 212 144 110 118 97 84 128 206 236 85 132 217 215 151 158 113 161 227 109 63 158 163 63 156 206 168 223 60 224 151 219 147 102 82 169 211 239 197 158 107 192 210 122 230 170 98 208 186 178 103 157 209 97 234 82 226 69 66 104 176 0 228 90 216 98 233 237 229 171 121 226 219 227 142 108 86 127 216 128 206 84 115 73 135 213 80 61 68 217 175 227 70 114 184 214 209 114 164 67 201 165 99 82 202 186 200 177 80 85 72 149
164 231 135 137 76 194 108 113 158 208 152 222 129 151 199 60 97 155 111 116 199 118 176 224 71 142 200 93 71 184 138 215 74 217 127 196 89 129 222 160 147 69 64 217 96 181 238 198 219 106 204 80 125 89 187 201 170 64 61 96 170 201 107 145 207 189 153 161 117 180 0 145 121 83 77 147 78 82 156 179 168 138 187 237 70 113 197 236 81 137 112 71 137 82 232 149 236 155 157 95 216 111 216 148 92 71 73 136 86 152 141 61 184 167 99 174 137 150 195 119
235 72 172 184 153 151 139 64 102 176 98 83 152 239 122 154 131 126 121 113 191 126 124 109 213 232 124 120 169 208 61 101 140 177 77 156 75 120 183 116 218 66 61 97 108 152 161 187 123 159 91 105 120 149 104 112 185 178 226 67 231 202 175 73 114 175 215 188 206 100 144 0 70 135 230 107 238 97 193 221 118 68 77 118 114 102 202 118 104 184 227 208 160 103 163 215 172 133 188 158 166 240 155 109 113 228 167 196 87 117 162 223 221 200 142 146 72 201 218 80
109 113 77 182 130 116 202 78 215 216 205 75 219 216 196 206 120 153 75 171 166 91 108 215 227 222 168 114 178 128 154 128 227 167 185 136 92 146 61 199 123 194 83 84 96 119 136 207 99 93 172 235 82 200 73 170 64 137 200 167 211 113 158 63 132 229 218 238 78 83 82 234 0 240 141 235 193 124 128 167 208 229 226 157 89 124 231 158 183 217 173 100 222 218 180 208 165 176 91 131 103 208 210 199 154 176 81 110 75 82 86 192 227 131 158 106 75 159 141 117
232 175 106 99 205 145 165 139 173 192 155 76 67 136 110 182 116 218 80 61 161 72 60 170 150 234 110 93 236 233 110 201 79 110 219 80 121 225 206 99 77 227 108 205 142 184 151 67 104 238 233 98 120 217 137 207 113 64 121 204 60 62 239 186 230 96 119 154 126 76 105 189 114 0 185 166 115 91 110 189 184 197 216 193 197 211 235 237 189 202 123 106 237 219 68 104 238 175 220 184 133 98 223 196 159 183 121 92 181 102 161 131 140 76 236 210 74 92 60 154
162 87 115 127 63 233 191 153 212 73 196 135 92 109 127 184 113 127 117 218 158 192 190 60 140 90 66 196 210 92 206 132 162 122 69 61 228 95 73 127 162 227 197 197 100 96 190 229 93 197 189 139 223 103 179 83 174 151 63 105 149 76 79 102 102 74 162 156 153 185 185 159 60 93 0 125 167 192 156 147 214 125 66 118 177 192 113 83 98 140 140 238 121 207 61 109 180 177 178 140 207 74 215 77 72 85 222 211 175 237 114 112 181 220 108 221 208 219 210 232
117 208 189 193 153 187 240 226 177 136 221 80 158 207 239 171 196 146 85 233 172 150 97 227 76 80 93 239 155 76 169 78 237 153 177 72 183 78 240 142 121 124 174 104 84 233 92 213 164 99 157 212 215 71 230 120 89 182 107 218 120 108 112 234 170 73 240 179 188 163 233 97 149 102 61 0 104 127 106 170 103 79 182 186 133 70 73 66 67 82 155 229 179 158 109 113 89 238 91 190 195 131 177 130 117 128 190 65 140 78 66 131 68 75 141 82 123 163 180 133
168 178 117 83 217 155 163 134 68 235 137 76 220 206 81 234 201 192 222 153 113 147 129 120 219 151 122 158 223 88 172 62 172 85 165 198 153 76 224 132 110 190 205 111 90 156 138 81 81 63 143 139 225 101 124 191 208 233 161 198 170 198 139 135 94 97 121 133 176 118 61 145 149 165 196 133 0 196 155 216 239 226 120 162 238 88 196 79 202 197 128 221 146 132 135 183 230 238 158 193 121 183 104 164 186 61 79 181 177 104 181 180 97 107 68 218 139 207 101 124
154 108 198 67 193 194 80 149 88 105 214 86 187 99 229 76 180 142 233 218 135 108 85 204 83 236 94 177 123 157 79 184 140 72 108 193 168 152 105 127 220 135 125 144 182 78 90 63 117 155 202 184 147 177 99 136 119 220 220 179 206 143 70 184 116 169 193 172 120 69 182 112 125 148 238 229 67 0 109 103 194 212 82 172 211 128 222 143 178 160 218 196 148 74 151 172 173 66 173 202 229 113 101 207 190 202 145 169 139 226 95 106 205 90 180 105 184 180 203 208
71 170 179 165 171 189 100 87 150 233 148 71 164 115 116 115 86 118 187 224 169 73 106 206 217 78 176 125 158 87 135 130 173 103 178 111 172 215 178 164 98 194 78 195 128 236 95 76 175 141 65 158 210 166 179 221 69 102 93 113 80 114 140 95 231 194 161 170 70 125 164 69 235 225 97 233 76 124 0 203 145 192 87 228 201 108 111 154 218 96 156 177 123 233 186 113 186 129 133 218 62 181 147 67 165 212 112 73 148 88 120 163 119 184 111 211 177 210 157 210
210 219 138 231 154 148 119 81 147 113 175 177 120 64 132 69 199 166 144 202 198 234 122 239 219 168 170 173 102 141 108 229 129 134 103 139 152 62 217 175 230 197 148 111 163 146 215 137 217 161 141 109 204 114 62 130 76 104 67 130 77 189 100 216 144 187 79 237 142 141 233 165 231 116 151 226 152 77 74 0 235 61 81 158 149 185 141 89 70 129 181 197 147 119 129 217 183 202 237 172 90 164 157 183 120 171 84 183 179 141 174 162 92 201 75 228 101 97 219 172
181 138 193 200 78 208 166 74 141 159 183 111 166 238 121 118 205 113 231 198 200 99 170 63 119 131 80 90 92 120 87 177 157 200 210 113 230 126 194 90 131 107 194 140 233 151 232 112 62 92 123 95 93 84 141 63 69 99 172 236 192 110 204 232 239 80 105 184 85 151 146 228 237 237 63 220 165 159 166 238 0 186 120 163 157 96 98 109 86 202 151 116 226 202 83 167 229 224 196 171 202 239 220 66 214 72 63 147 121 165 159 95 210 165 125 218 70 84 199 141
190 237 73 87 163 112 236 230 227 225 184 219 230 74 233 77 120 197 215 231 92 218 202 149 129 84 106 136 109 123 100 171 229 97 66 102 164 104 106 112 113 225 170 140 181 163 187 79 97 101 126 167 62 156 206 181 173 113 192 73 117 92 173 240 179 217 222 115 240 103 239 196 106 185 207 69 86 62 67 123 102 0 154 102 88 181 134 82 104 165 200 227 106 129 176 127 219 110 231 148 72 236 111 217 86 174 68 229 240 233 181 217 177 148 200 161 220 208 225 136
121 75 131 85 191 103 142 102 153 215 181 203 207 146 227 128 184 205 140 66 232 124 164 216 171 208 63 136 227 66 99 190 182 155 78 194 169 139 140 106 142 158 135 186 60 136 78 125 121 146 75 140 160 153 88 170 66 222 221 153 79 91 97 170 227 198 134 180 134 234 103 91 89 86 95 224 69 234 61 71 118 136 0 173 170 223 149 166 80 63 122 155 221 79 106 212 89 176 130 205 106 147 167 81 155 134 100 83 220 96 104 103 178 62 154 97 127 152 100 176
125 125 177 221 167 71 114 65 182 107 184 107 213 87 145 215 111 219 113 152 240 201 160 63 85 193 204 210 102 160 209 148 225 113 213 128 220 80 98 86 60 91 67 222 174 86 171 203 166 148 147 122 216 66 143 113 195 234 144 174 65 199 100 155 219 86 128 127 196 113 238 117 163 184 149 95 163 165 119 124 110 145 129 0 100 186 160 156 145 106 68 239 131 125 229 79 123 115 126 162 177 104 75 102 200 200 192 131 76 231 177 136 221 226 121 134 79 224 85 149
219 87 239 140 171 101 141 119 87 215 214 237 203 129 235 71 148 115 221 167 182 132 165 116 178 123 225 194 84 162 96 88 140 119 120 156 172 159 180 128 128 182 167 105 217 199 101 97 83 206 73 197 225 82 213 189 129 204 210 74 122 215 121 86 115 89 176 174 215 225 232 70 123 84 95 187 66 143 148 137 174 75 78 106 0 172 133 124 142 203 189 169 183 186 231 190 133 60 161 67 157 124 213 121 96 96 69 101 176 177 218 151 196 125 146 78 125 191 117 93
233 126 181 216 155 214 153 64 164 201 131 83 113 201 70 70 133 136 88 228 167 92 114 72 205 190 185 188 71 152 182 181 66 130 81 169 80 151 174 234 139 79 86 107 148 197 84 192 68 239 82 102 70 163 197 93 194 116 173 136 205 75 221 85 152 160 198 189 233 220 175 123 175 98 217 141 180 88 233 73 175 236 130 156 63 0 189 71 117 93 175 208 240 117 184 65 79 191 114 221 170 110 85 142 220 240 221 180 240 106 210 100 111 204 124 204 158 102 210 184
175 164 144 158 217 103 206 99 131 207 226 198 109 173 160 179 138 136 197 231 156 72 216 61 191 107 183 168 237 154 61 239 68 202 189 212 159 212 191 98 127 71 74 185 226 70 228 67 65 94 225 148 162 172 127 108 113 65 119 230 211 211 183 180 198 106 121 152 186 130 69 237 95 201 98 91 151 61 118 227 203 125 102 198 91 234 0 137 214 85 123 182 92 196 231 204 86 62 206 217 125 207 178 145 84 107 60 82 158 220 202 150 99 87 225 220 86 206 69 214
179 125 82 224 83 65 108 201 156 225 99 144 133 176 149 143 202 158 206 98 125 141 81 86 81 240 164 151 120 134 130 79 202 178 167 179 194 171 99 113 188 167 140 153 154 213 231 182 116 193 67 60 136 211 179 94 166 94 110 132 148 125 183 146 72 132 123 79 178 80 74 62 70 229 212 208 214 135 149 152 200 223 197 186 121 91 227 0 183 132 177 211 202 110 178 233 226 161 89 174 71 210 235 173 211 73 162 85 185 91 119 63 128 124 97 219 65 216 135 120
112 215 101 233 88 78 208 178 96 233 183 88 78 133 79 180 147 100 90 68 187 203 218 213 203 135 99 60 130 138 129 80 110 192 148 184 130 70 69 226 64 216 198 158 220 156 99 230 87 117 70 83 142 189 131 73 219 112 226 238 192 198 97 174 178 185 155 91 121 85 221 72 223 99 237 188 149 133 192 171 141 234 225 220 164 229 97 226 0 115 131 93 80 104 194 109 177 193 195 72 216 158 181 119 171 176 182 112 224 121 215 169 196 97 87 181 84 113 96 228
117 88 240 91 185 79 215 115 215 178 88 135 143 125 153 197 104 204 206 175 144 126 118 169 133 104 111 84 63 214 109 67 123 183 148 65 185 128 202 196 230 112 115 154 176 113 186 67 186 136 218 175 97 177 126 123 231 186 132 114 128 82 61 97 115 121 183 174 210 154 123 84 76 100 201 225 78 194 158 127 143 105 122 151 61 135 155 196 130 0 207 236 91 168 170 137 126 177 90 148 143 126 109 184 167 165 221 127 172 188 167 96 193 124 167 163 75 185 61 123
173 67 95 137 131 154 67 61 219 197 138 133 184 161 170 199 199 65 175 226 213 205 198 62 63 102 211 230 76 177 87 133 219 99 220 240 226 72 175 175 93 114 234 141 217 203 161 68 172 113 227 98 106 168 158 137 133 78 122 238 63 152 229 96 127 75 225 220 189 68 83 132 159 115 152 145 118 150 200 197 69 111 81 216 145 169 96 232 70 166 0 78 149 215 68 101 116 176 68 122 196 147 102 96 74 148 237 60 210 231 94 139 164 238 123 177 132 115 192 126
104 62 90 200 143 92 120 217 202 93 214 171 233 159 151 100 192 92 171 119 222 240 70 95 138 174 124 118 148 133 75 151 108 121 212 91 214 175 89 169 114 197 193 119 127 122 233 175 158 208 208 85 156 141 238 181 154 183 144 67 73 170 189 123 163 68 198 162 133 105 142 86 225 221 89 176 115 205 187 235 202 239 226 240 201 185 163 65 118 94 122 0 204 161 61 129 81 217 78 81 134 146 84 163 122 227 145 166 126 143 113 220 184 104 66 140 77 196 200 164
70 69 212 231 65 233 89 210 197 159 129 95 65 147 177 235 161 92 140 193 186 134 107 151 183 129 174 184 232 190 186 112 155 172 240 211 85 198 167 125 232 94 99 184 193 101 188 198 69 239 148 214 236 186 135 227 93 176 182 132 73 161 171 117 231 185 170 237 173 185 238 136 62 98 196 78 130 73 176 90 138 155 225 60 140 117 108 193 230 97 68 219 0 98 99 185 234 120 138 137 208 183 160 215 124 214 64 163 232 156 163 114 211 104 72 229 63 132 178 80
170 198 98 121 80 63 129 123 67 233 234 87 135 119 234 156 118 240 178 229 235 132 112 134 143 141 226 189 156 234 228 187 102 79 135 130 174 116 219 72 158 64 82 162 138 182 195 176 84 68 111 130 74 179 239 202 236 205 112 213 138 61 228 103 232 139 83 210 206 66 191 148 114 90 112 93 224 161 203 201 172 134 105 82 153 197 92 222 133 103 233 229 66 0 149 210 162 71 238 202 233 166 171 154 203 216 105 197 171 130 179 238 119 122 220 101 209 229 127 165
92 111 206 196 227 71 206 177 232 89 72 64 141 202 61 62 152 240 169 174 101 207 106 233 75 124 171 146 77 111 203 167 167 229 162 111 103 70 144 155 196 93 153 147 113 161 162 160 212 177 225 104 196 239 145 146 152 230 132 71 195 74 68 237 76 105 77 102 140 189 214 108 194 63 115 98 183 117 229 129 63 240 225 80 82 126 179 220 168 161 180 177 163 158 0 161 82 118 94 184 222 201 160 220 240 200 169 61 144 103 97 98 132 133 81 168 121 78 60 115
228 101 102 197 185 196 62 109 112 102 90 131 61 182 74 141 111 118 148 172 178 209 233 116 120 103 191 110 196 110 83 147 204 220 206 200 112 80 202 65 191 224 128 118 237 112 206 214 184 141 210 68 239 129 82 177 194 183 159 227 224 164 187 187 238 66 216 196 151 112 185 188 218 192 98 202 104 82 76 156 218 192 133 140 168 240 187 138 216 223 191 81 216 135 163 0 191 199 85 111 132 161 99 165 106 224 179 64 182 219 120 119 216 131 97 109 236 95 235 130
177 141 193 82 96 91 203 207 181 236 221 226 171 194 76 67 227 238 123 97 217 159 213 192 77 112 76 224 175 65 208 222 173 153 123 226 146 127 108 153 84 107 186 87 98 77 165 155 231 83 186 134 64 158 116 166 213 202 147 112 230 160 81 89 209 133 165 85 135 106 156 147 159 211 207 212 157 91 60 100 72 191 94 75 100 221 223 95 107 237 221 208 80 171 183 224 0 81 189 110 205 108 173 86 114 139 200 169 220 134 213 213 202 221 138 222 164 80 91 228
129 160 120 108 199 203 180 113 167 183 152 128 147 68 186 177 170 226 76 120 206 67 187 206 165 213 174 162 230 172 147 207 65 124 217 181 80 165 230 186 110 139 226 174 176 97 209 142 191 124 68 145 223 115 213 217 232 215 228 231 166 108 196 178 94 203 209 153 187 202 151 223 65 92 149 134 93 214 123 193 155 123 82 111 121 194 184 175 226 234 78 205 179 222 98 212 182 0 227 138 157 178 98 110 150 112 91 111 198 234 145 108 183 92 197 136 232 61 184 188
100 84 158 156 220 126 96 154 192 167 84 105 160 127 191 129 207 77 240 105 93 150 100 219 223 232 99 62 116 103 128 207 74 139 201 114 217 140 148 191 85 209 91 70 158 157 64 177 78 148 203 157 139 159 102 188 100 190 150 118 150 179 119 146 84 115 168 94 229 223 166 213 221 225 227 85 176 203 235 158 104 220 82 186 149 198 170 229 153 76 144 196 151 178 220 166 175 175 0 186 120 99 220 202 202 134 129 106 208 190 129 177 186 127 201 159 113 162 60 105
165 133 214 150 195 64 100 181 212 87 106 139 67 219 89 212 130 170 143 72 225 139 171 169 96 67 230 197 236 236 194 164 83 235 157 236 238 118 184 104 127 160 173 108 196 234 78 108 240 83 193 205 140 186 159 220 99 136 189 214 84 103 149 235 130 165 184 81 233 114 130 209 117 97 144 131 101 176 74 86 67 181 203 190 66 78 145 191 214 206 117 181 106 212 106 65 238 228 173 0 147 234 218 130 216 130 142 215 196 90 125 159 91 72 90 91 220 90 102 107
107 178 142 130 171 62 220 168 198 131 191 144 196 136 85 86 145 159 123 238 231 174 88 213 204 161 133 136 125 66 191 71 205 228 72 235 237 226 65 69 160 187 101 86 112 92 136 231 205 129 218 233 136 230 135 222 185 130 198 118 79 75 151 149 77 239 128 240 78 212 87 126 66 140 144 137 181 97 95 147 139 132 178 227 94 135 156 205 229 101 134 83 205 188 61 107 79 137 119 150 0 212 153 129 157 224 95 230 140 138 162 69 167 91 108 218 171 158 148 102
160 188 179 231 227 171 204 201 91 218 171 142 197 65 209 191 76 179 211 143 132 121 107 217 168 99 117 131 125 69 190 233 228 175 91 63 88 166 92 199 169 174 217 183 110 159 199 197 77 190 153 233 198 169 72 230 141 69 211 229 225 228 64 63 204 205 162 67 235 214 65 151 76 68 98 230 174 178 60 66 159 204 228 134 207 203 161 176 84 116 201 139 210 164 152 101 208 151 75 61 176 0 147 97 209 77 83 138 225 74 152 122 151 82 146 148 128 142 81 159
165 236 209 75 185 233 174 156 144 186 140 75 96 234 171 84 211 208 64 199 62 126 188 92 140 108 200 65 184 203 105 224 177 203 99 158 169 160 188 130 211 230 81 199 132 63 104 168 190 148 164 186 180 117 120 61 229 151 68 149 227 174 140 142 239 161 207 134 112 86 119 90 61 197 233 226 205 159 192 159 226 180 191 141 180 168 231 200 120 169 152 164 183 123 77 147 136 192 223 215 145 153 0 114 99 107 238 95 212 152 138 230 75 213 146 238 138 162 161 230
171 78 158 189 70 78 222 60 100 151 157 190 192 156 202 170 92 62 219 91 132 88 200 98 233 76 84 225 121 154 180 154 206 176 138 90 135 107 135 146 212 196 219 91 228 234 231 116 62 72 82 77 163 216 215 85 172 102 96 177 157 190 225 212 208 96 85 107 180 207 103 108 167 69 117 231 87 125 115 145 142 84 183 61 176 204 166 173 202 180 86 148 166 199 91 85 91 114 87 78 117 240 125 0 158 94 124 184 88 212 116 100 80 86 131 95 206 61 191 97
189 139 88 197 85 122 216 125 158 218 98 106 230 202 113 214 84 69 118 174 214 229 68 171 170 100 237 150 142 187 141 210 235 238 60 78 231 200 82 235 140 166 179 193 164 173 79 230 120 79 174 110 176 158 153 72 146 218 189 189 236 92 234 116 107 143 84 224 193 67 102 164 128 165 84 97 115 184 145 179 201 172 120 215 150 179 165 186 65 76 88 194 217 229 177 152 159 176 166 188 60 150 130 127 0 95 108 234 235 218 212 131 190 79 190 209 134 211 110 167
104 65 199 128 147 236 135 154 186 194 213 67 114 131 127 85 96 116 154 100 117 161 229 206 212 64 127 123 172 94 240 106 72 197 194 146 121 166 211 84 163 167 110 72 224 138 172 228 177 87 192 110 205 170 181 160 172 176 170 67 133 185 89 92 168 188 189 131 172 181 60 65 66 156 214 94 66 94 83 94 110 72 84 239 226 231 88 134 211 99 61 116 185 176 179 66 89 228 133 175 67 61 101 94 80 0 107 208 78 195 133 186 103 68 222 199 217 158 219 126
137 90 117 130 92 77 97 210 146 77 67 68 199 69 212 203 201 61 107 85 155 130 78 89 173 183 174 193 165 166 119 90 92 181 183 72 90 215 224 163 179 148 218 201 135 203 167 164 153 145 221 119 132 217 87 187 175 106 62 230 128 218 197 112 228 97 101 119 188 181 222 99 231 221 164 91 164 205 224 105 86 64 69 93 219 163 228 110 195 238 108 62 239 174 117 203 95 208 62 168 102 227 164 240 136 85 0 173 164 74 219 202 110 210 240 97 96 231 163 155
95 201 60 90 232 100 100 201 186 150 192 79 182 224 224 213 173 154 226 174 82 238 71 172 239 60 234 115 110 177 201 69 170 75 136 195 138 222 179 61 109 187 68 224 73 100 135 193 73 136 157 73 185 98 162 192 239 123 147 114 221 105 220 126 96 224 67 211 190 189 201 74 185 224 175 111 108 60 90 149 96 164 166 96 90 101 206 115 231 75 174 97 64 89 80 95 103 219 80 64 191 135 232 101 60 176 148 0 193 84 104 240 162 165 183 102 101 145 196 234
158 188 220 163 95 188 128 233 224 153 136 187 143 110 137 138 185 183 226 98 126 73 213 126 113 119 133 116 193 102 173 69 238 148 152 94 240 116 186 108 128 227 81 189 209 184 148 83 70 164 167 173 227 218 68 124 218 147 199 139 130 69 172 119 146 125 161 114 210 199 140 77 153 114 219 150 78 115 135 151 215 199 220 91 70 111 155 148 115 106 79 138 217 75 98 107 82 221 102 114 188 98 205 114 74 216 194 152 0 163 199 145 179 211 115 201 203 214 103 169
147 137 78 63 201 149 159 117 147 161 73 192 228 157 85 180 80 181 154 103 236 219 160 140 91 160 130 139 136 182 240 69 235 199 97 162 226 110 123 134 165 154 98 212 239 183 64 150 151 175 181 203 230 144 182 60 64 173 135 126 106 69 110 174 189 216 70 94 73 201 156 192 168 199 101 204 175 165 150 211 62 129 105 225 88 198 227 146 78 144 105 218 128 71 63 70 212 119 72 154 212 139 173 203 200 187 122 66 199 0 73 152 128 135 95 77 82 194 124 104
122 208 71 171 174 113 221 199 66 190 94 240 190 143 140 197 98 157 124 142 147 92 207 217 171 165 117 63 223 65 164 88 234 204 211 213 102 179 166 167 142 183 136 114 235 186 123 126 81 82 72 100 185 160 100 117 211 237 91 98 202 152 232 157 196 130 64 93 106 210 60 152 197 91 130 193 107 187 219 127 187 217 186 61 154 224 126 190 199 227 155 169 199 197 208 127 228 160 239 93 181 116 137 146 238 72 114 240 169 73 0 173 78 181 117 146 198 108 137 197
175 199 144 219 106 169 180 212 133 233 74 190 129 94 107 232 179 226 151 93 166 225 93 224 238 204 67 151 213 179 123 98 141 204 113 87 155 64 144 165 220 206 186 199 138 205 124 82 186 170 109 208 214 223 225 125 164 175 238 102 177 63 233 73 237 94 166 70 184 169 145 240 106 86 75 94 121 67 207 232 160 206 166 170 214 231 195 152 91 192 94 188 192 65 209 118 185 120 204 88 173 99 146 239 133 74 101 118 124 137 149 0 214 235 64 238 150 182 217 186
240 190 94 217 117 126 226 215 149 124 201 144 153 205 101 130 144 110 240 203 97 124 143 155 93 196 152 98 86 72 161 69 89 79 189 240 129 237 211 181 110 132 204 161 199 184 215 215 102 158 85 204 195 113 117 179 89 61 75 93 61 231 186 146 224 140 158 148 97 83 131 195 166 222 163 201 188 191 129 166 107 120 161 197 114 183 198 226 207 170 78 113 151 61 140 94 155 133 229 203 177 162 116 80 65 193 113 123 193 166 78 154 0 152 165 159 117 92 73 80
200 79 177 226 93 172 212 63 211 138 96 181 110 182 238 162 102 69 227 95 106 95 144 138 68 169 208 164 196 208 131 230 238 158 240 88 69 155 164 239 144 125 82 170 137 95 196 78 105 75 76 106 136 96 126 147 218 213 203 152 76 165 223 163 178 159 160 194 204 169 148 130 74 146 180 141 175 215 159 167 194 206 146 190 83 215 86 131 89 237 75 60 136 203 144 156 169 154 169 103 194 153 78 175 202 80 64 221 211 161 213 98 237 0 112 82 204 238 111 60
224 150 148 205 83 91 140 206 114 140 204 74 92 139 185 173 168 87 198 97 145 110 162 224 94 231 87 148 99 181 186 172 214 184 215 92 101 239 139 190 63 213 87 128 152 194 137 66 128 222 204 62 65 173 77 118 164 100 94 192 199 65 144 142 151 170 105 86 113 75 217 112 64 240 225 149 119 84 120 96 126 222 161 212 107 63 105 123 196 171 165 191 237 158 183 142 96 161 230 177 178 115 164 66 227 93 155 71 167 166 110 68 62 190 0 107 90 183 161 67
224 138 213 123 65 69 95 195 234 64 165 119 65 86 194 124 225 146 62 134 159 156 184 236 136 146 80 70 106 70 226 208 143 95 204 64 225 92 135 222 205 197 66 197 107 118 98 66 188 172 159 172 220 79 132 173 144 239 150 94 197 108 151 184 172 162 132 156 97 162 116 123 72 165 93 144 66 239 169 231 93 161 152 212 175 136 84 180 73 72 166 220 119 191 105 207 205 217 225 179 219 68 139 178 135 156 105 76 176 193 86 221 119 136 124 0 227 72 104 96
210 91 148 96 97 74 224 205 167 139 103 205 194 203 217 122 117 146 122 166 180 209 190 125 88 139 210 133 141 81 142 61 195 156 144 183 200 78 220 123 93 161 137 122 233 73 106 122 148 123 221 231 172 183 206 68 86 218 60 230 155 87 222 118 84 194 61 98 155 150 116 117 119 230 220 62 167 155 73 177 69 236 174 208 226 101 235 227 176 103 92 70 94 118 113 166 200 174 80 233 138 240 166 213 220 190 186 193 94 149 106 160 143 108 204 188 0 237 162 98
169 144 155 197 168 111 215 77 184 163 192 239 83 204 115 167 204 204 240 153 210 207 69 99 136 215 84 186 118 148 157 240 98 180 185 187 201 218 149 87 214 227 167 90 215 133 196 92 123 153 178 161 160 84 225 224 197 64 236 101 102 66 226 181 162 100 132 109 201 145 117 201 213 67 102 234 60 103 201 216 152 175 86 207 119 221 193 214 143 140 165 193 218 222 194 199 95 211 158 142 176 169 184 66 72 236 139 86 104 107 115 211 127 73 82 133 177 0 168 220
164 94 122 217 91 118 207 199 91 60 233 204 163 135 212 98 117 185 150 150 157 126 189 114 124 234 221 183 171 138 216 84 112 228 69 207 131 220 179 217 188 68 216 177 74 160 183 210 104 185 110 201 169 166 117 94 178 169 173 95 177 162 236 172 120 156 166 158 176 135 232 96 214 145 83 135 88 161 168 77 216 91 151 231 81 157 174 203 128 181 148 88 202 64 225 103 197 141 73 153 154 85 129 103 237 87 101 123 173 189 163 97 121 236 234 118 114 127 0 183
178 224 184 154 138 75 143 70 151 100 235 175 169 184 198 207 218 100 173 223 147 169 116 137 151 75 104 140 190 161 171 171 68 211 96 104 96 79 105 219 215 95 215 82 186 85 79 196 191 184 193 169 86 232 226 236 134 105 236 78 157 110 154 156 139 226 101 235 214 149 95 163 169 161 112 217 111 132 124 158 130 87 231 74 61 76 218 173 106 63 221 94 183 176 168 121 198 88 219 188 119 203 204 177 61 61 221 209 222 196 174 61 84 108 72 165 74 185 224 0
