120
0 5 15 15 15 5 8 15 15 11 6 16 19 17 18 18 8 6 15 20 5 10 16 12 6 13 8 5 20 19 19 5 20 16 6 17 10 11 18 11 12 16 20 18 18 7 19 7 11 18 9 19 14 5 5 9 8 14 11 9 14 8 16 6 11 11 7 8 19 16 5 6 11 10 7 12 16 5 7 6 8 13 5 19 5 16 13 20 7 15 6 15 6 7 6 13 19 8 6 10 8 13 19 6 8 5 5 19 10 6 19 18 6 15 17 20 6 13 5 19
0 999  442 665  252 378  313 618  312 519  258 528  227 484  195 608  323 690  123 457  149 375  341 688  204 477  248 506  297 627  302 700  396 481  136 520  309 700  297 420  234 456  334 471  106 514  309 613  305 494  384 754  442 477  175 223  297 469  243 466  305 589  350 584  248 511  190 504  257 542  159 598  259 510  358 659  389 632  388 817  210 590  138 404  139 248  244 305  230 542  359 516  303 673  176 492  267 533  238 665  446 616  243 486  352 673  161 569  382 440  277 398  189 339  104 192  212 282  209 586  211 495  136 386  353 427  250 431  142 389  286 683  260 680  305 645  383 710  319 350  283 477  156 274  139 391  402 622  259 649  441 511  159 524  269 676  275 317  220 431  201 367  300 463  177 481  332 362  415 754  417 663  244 424  362 580  178 448  290 457  285 334  383 767  238 283  370 754  291 718  108 319  303 431  419 771  219 520  196 373  232 435  250 527  219 386  232 442  376 511  170 341  207 563  229 661  203 368  402 706  179 412  340 375  241 677  349 498  317 577  360 424  147 405  439 801  122 238  325 594
0 213 71 172 85 187 81 84 169 61 112 197 60 118 228 195 181 125 238 156 222 123 78 182 154 156 231 167 174 230 146 158 87 133 132 128 113 160 217 166 189 71 114 237 190 133 129 118 211 110 237 156 135 119 147 158 81 72 125 61 99 62 211 111 97 136 64 223 194 171 218 119 113 185 84 213 143 181 197 120 125 114 109 132 184 204 124 122 78 236 130 172 85 177 149 85 71 232 204 65 179 84 172 65 167 111 103 133 131 223 121 201 171 165 216 128 63 208 60 193
145 0 103 193 121 128 97 161 108 72 141 207 190 158 167 112 211 206 96 194 148 124 127 110 164 181 231 96 199 204 144 136 101 109 194 106 157 156 190 68 90 190 138 204 63 121 183 74 156 142 171 150 164 126 83 104 118 233 162 180 125 117 130 215 160 174 150 129 225 139 158 234 130 219 125 206 173 150 157 146 223 161 105 86 190 65 94 110 133 104 136 96 66 94 206 127 194 173 108 179 156 70 217 176 142 190 186 170 214 237 170 60 142 109 188 172 104 160 101 240
88 198 0 92 120 79 239 177 94 130 73 101 93 84 164 183 223 117 190 114 189 200 147 233 94 237 214 132 123 235 66 126 152 66 83 145 159 131 233 160 140 143 230 162 213 136 76 228 123 93 61 67 153 105 79 68 203 98 89 115 199 186 81 205 102 167 79 150 173 155 180 168 98 205 163 113 204 197 165 160 180 98 94 129 181 220 209 120 214 215 190 233 210 210 213 217 100 170 208 228 184 184 232 178 150 157 166 72 66 67 126 169 131 212 237 161 179 76 114 217
222 156 219 0 178 155 123 205 189 64 208 193 175 80 228 191 69 157 154 168 230 98 124 238 71 222 209 80 76 138 128 129 146 107 67 178 92 141 204 128 183 209 140 218 129 108 203 131 167 62 142 91 228 74 235 128 138 61 62 229 134 137 137 184 208 177 104 200 138 187 103 226 81 156 226 110 141 130 238 200 80 88 71 83 160 89 211 212 144 71 89 173 70 81 184 110 65 229 176 98 145 222 131 185 114 167 64 170 232 212 69 139 60 80 200 169 77 211 168 236
225 71 221 164 0 83 186 177 148 165 191 118 146 177 220 188 85 117 204 237 215 132 239 228 209 234 150 235 147 194 92 160 131 207 75 208 143 227 203 141 101 163 162 213 228 213 168 72 105 233 219 107 75 82 218 81 139 108 87 115 79 107 227 106 177 178 233 109 151 88 65 139 148 141 202 160 209 155 153 105 139 155 171 231 139 223 234 170 137 233 140 228 194 103 209 89 66 132 63 227 91 162 123 233 160 134 146 159 114 151 223 86 198 116 157 117 228 186 235 201
235 177 65 169 92 0 109 216 226 135 156 125 152 236 237 165 89 75 74 91 171 88 180 106 209 65 174 73 177 77 128 94 126 162 79 225 173 176 146 132 204 119 114 127 131 144 73 159 196 170 239 236 102 65 87 138 160 187 133 66 141 71 86 156 125 223 195 111 110 106 213 198 109 220 90 159 68 215 180 156 110 240 203 115 147 95 204 81 170 238 159 85 87 210 91 207 122 234 117 206 71 178 191 232 92 218 138 114 222 238 85 170 171 232 92 130 166 91 158 119
150 64 125 239 81 220 0 76 139 231 60 234 133 159 235 136 117 99 99 235 184 102 166 214 202 168 219 97 72 207 194 110 165 171 177 139 159 99 85 98 185 155 209 167 111 164 231 60 143 77 164 136 175 96 82 240 223 172 199 120 173 143 130 139 139 209 185 124 208 206 236 139 209 86 147 194 141 100 175 61 192 160 235 101 229 84 111 201 218 207 77 231 224 218 180 159 97 87 224 220 158 67 91 232 160 208 84 167 113 92 173 193 90 236 160 93 101 179 210 148
175 76 131 134 213 74 203 0 112 159 201 142 204 187 81 238 73 98 189 190 134 79 149 128 103 77 99 89 107 83 174 178 137 233 98 231 65 165 161 229 198 126 74 141 122 120 107 216 150 233 180 95 85 202 212 98 120 169 67 164 131 237 134 155 129 209 137 64 229 122 133 188 219 138 99 88 209 159 143 88 137 180 80 175 166 240 77 123 171 80 89 124 172 101 159 128 118 150 161 67 73 239 168 171 205 182 79 141 136 202 69 212 184 147 100 71 95 224 173 193
96 239 226 105 81 209 168 101 0 158 143 155 61 63 194 223 145 227 115 150 218 106 68 238 183 62 144 72 73 104 176 204 137 192 189 201 165 198 236 95 144 220 188 215 182 103 67 129 136 86 121 210 154 87 215 163 95 178 81 84 106 78 143 227 185 143 198 221 103 195 145 190 79 85 195 227 172 227 105 228 183 200 132 168 236 138 92 177 109 223 228 144 133 83 189 209 69 128 232 133 73 153 221 91 81 213 227 63 238 115 226 90 202 140 106 92 150 168 97 76
81 147 92 162 227 71 229 194 203 0 170 127 210 221 180 109 67 233 190 220 234 98 71 139 212 169 207 125 159 221 198 144 78 128 134 143 234 174 166 134 177 113 90 214 165 217 151 232 81 171 214 129 203 185 174 65 109 78 128 102 71 171 109 221 182 84 123 172 199 136 118 152 124 192 237 210 98 240 92 193 113 179 187 88 102 173 107 65 116 97 147 116 167 218 111 84 108 140 227 86 181 187 227 148 149 192 97 106 65 209 145 149 127 80 128 205 80 149 183 169
221 64 200 82 232 197 174 114 108 181 0 141 203 109 138 72 183 138 140 101 153 67 179 108 125 168 72 162 106 131 80 138 175 203 214 178 161 151 186 131 71 140 64 159 140 76 98 85 162 91 173 74 174 161 60 168 195 133 166 199 171 193 160 239 73 177 203 177 84 152 83 207 106 88 93 104 237 126 207 147 161 228 199 143 170 113 73 131 171 85 226 145 228 225 118 156 121 91 184 224 122 176 100 161 93 151 163 227 138 65 69 144 60 62 114 205 232 197 80 221
101 106 130 65 116 151 214 198 192 205 226 0 77 78 165 114 160 89 192 198 191 124 174 133 95 142 239 99 63 107 187 225 186 142 186 177 182 166 122 155 83 62 130 94 232 188 220 85 203 160 88 128 180 240 188 61 99 233 228 211 130 222 190 154 119 223 130 96 107 213 213 153 82 221 210 148 153 202 82 201 126 208 210 213 232 217 66 67 187 122 76 164 82 168 220 174 231 77 130 88 169 138 77 75 186 139 202 222 171 185 145 240 102 105 114 165 150 159 223 70
99 90 111 99 105 105 96 175 230 94 64 186 0 105 71 189 139 108 138 171 144 88 200 103 153 70 77 85 117 91 188 75 222 160 114 105 71 240 113 192 175 68 178 206 238 175 75 112 136 83 80 66 187 204 212 152 198 138 180 207 111 97 214 150 97 222 135 150 93 140 168 66 179 228 196 132 121 137 223 62 94 227 170 161 79 96 240 144 151 159 74 223 162 208 187 98 127 120 63 207 119 84 107 111 89 102 102 122 111 215 236 231 170 74 174 88 221 188 206 100
221 240 221 71 85 194 64 64 78 151 95 172 198 0 232 112 66 135 178 84 190 121 137 120 131 125 72 183 199 95 155 157 137 207 112 121 227 100 205 141 221 143 165 229 210 72 151 102 81 62 230 202 133 131 86 120 83 183 103 157 136 118 121 158 226 212 120 163 167 125 101 94 128 169 126 90 128 151 141 205 163 136 185 177 154 131 204 138 83 197 125 214 166 235 234 143 195 104 70 64 175 142 162 69 118 199 203 146 223 68 112 177 69 217 159 207 223 137 138 176
183 182 111 177 92 239 84 186 139 215 128 121 117 148 0 106 152 71 212 70 195 221 132 190 139 167 156 193 162 111 171 114 238 157 220 236 177 231 220 197 157 143 186 145 170 111 112 104 134 98 133 103 91 154 97 126 175 72 125 80 89 77 209 221 96 63 126 240 159 114 207 63 105 96 70 141 66 121 229 93 123 156 172 168 209 150 232 199 108 169 76 151 165 155 160 161 234 229 213 106 95 152 152 227 202 110 73 181 196 206 100 225 146 144 213 65 192 149 116 216
78 192 174 138 146 143 222 105 112 112 87 186 113 101 189 0 114 80 133 106 175 95 117 222 175 175 167 224 137 174 61 192 176 154 112 209 136 176 188 213 116 73 85 96 129 150 180 82 175 239 188 77 72 231 181 195 115 136 115 71 129 137 176 171 114 205 99 78 66 111 236 67 133 90 228 197 134 73 149 112 147 155 200 164 96 75 89 175 219 94 82 100 63 159 240 207 217 105 230 75 86 64 100 96 125 114 161 69 84 191 80 226 87 102 174 209 156 65 240 152
185 86 193 166 82 102 113 209 210 76 79 93 93 104 67 72 0 234 162 99 139 205 182 73 139 143 175 238 190 61 86 123 200 125 224 141 65 111 117 143 76 200 102 181 189 65 160 99 149 236 85 133 187 135 106 128 169 239 89 62 170 67 166 208 163 131 158 96 61 212 146 143 118 92 208 88 81 103 215 203 160 90 172 186 111 214 93 236 179 160 122 99 93 228 226 117 109 237 107 114 194 166 206 211 189 100 218 218 231 225 85 214 188 68 115 156 225 235 152 168
93 97 110 178 95 64 228 149 61 219 130 181 168 201 103 166 143 0 164 116 204 94 117 228 163 200 113 153 66 136 70 71 82 78 61 231 227 129 99 201 88 137 123 235 78 76 194 122 98 192 224 185 66 86 127 184 71 143 70 133 69 80 238 177 120 83 61 216 100 71 189 67 226 90 212 193 151 126 151 138 74 113 137 147 70 136 73 145 142 139 228 133 165 202 110 97 225 104 101 180 114 61 211 238 119 113 139 88 208 133 165 147 188 97 62 78 171 156 63 236
200 226 208 107 91 178 123 185 86 86 165 88 197 105 159 193 225 222 0 227 173 149 84 135 239 87 89 173 71 161 126 121 120 150 84 167 78 206 63 216 118 97 167 223 124 206 189 202 166 132 167 122 101 157 236 191 88 240 94 232 206 71 73 238 81 185 93 206 106 187 211 86 102 232 79 129 114 61 229 110 232 89 116 148 177 90 145 202 165 163 140 153 98 79 203 77 83 81 233 144 60 231 62 127 68 170 236 96 94 144 145 103 98 166 161 124 187 209 205 97
128 178 155 104 216 183 127 143 153 162 226 185 229 112 85 101 215 173 69 0 136 139 87 214 69 66 195 170 146 109 98 144 211 78 86 231 150 114 88 69 90 131 86 71 105 103 177 160 136 111 98 127 95 93 91 93 137 70 115 223 217 163 201 178 232 136 187 141 148 63 222 228 116 218 192 235 229 113 106 172 177 147 60 110 129 195 71 118 163 73 86 207 85 97 80 134 206 159 67 73 76 133 206 87 136 112 190 66 94 104 225 61 106 141 76 185 86 213 124 114
208 170 230 157 103 159 200 142 208 145 116 174 220 79 179 115 216 88 133 123 0 72 181 76 212 81 223 143 113 206 64 130 200 171 215 210 212 210 139 172 88 96 109 187 209 156 171 225 132 159 95 217 113 103 183 152 150 188 102 148 184 71 224 120 162 73 229 83 107 193 205 111 180 231 221 129 123 240 218 136 173 232 176 89 103 197 144 157 221 159 135 69 66 186 102 76 196 134 194 115 181 216 199 106 150 169 239 159 133 172 90 221 92 105 179 215 117 125 182 84
201 65 85 125 178 125 218 197 203 85 118 182 87 200 99 187 70 190 77 106 121 0 173 128 98 220 65 211 113 201 214 159 187 234 90 141 203 72 105 70 123 124 197 89 171 152 138 180 222 152 216 231 60 239 87 114 142 237 61 111 209 227 152 164 236 97 62 165 207 125 72 133 95 141 99 174 71 177 136 153 144 118 212 140 69 213 157 64 203 131 89 104 128 175 229 159 204 82 81 119 62 212 109 227 223 228 195 118 93 236 229 103 116 240 149 240 101 162 77 198
176 212 64 156 153 226 152 135 172 122 145 81 182 151 147 209 120 84 122 90 70 166 0 189 123 108 66 148 203 225 74 214 106 198 184 86 162 161 96 119 224 184 209 152 186 213 160 175 159 179 96 91 167 85 112 157 201 178 72 212 184 153 193 116 195 76 221 188 123 116 112 192 83 77 146 204 99 166 150 150 69 162 134 133 227 138 91 85 142 179 235 67 151 177 198 78 125 154 197 82 164 169 156 99 165 164 79 106 229 201 236 198 238 170 197 205 115 239 165 157
212 211 163 172 139 197 128 169 172 120 220 74 128 157 224 177 73 138 178 135 181 75 150 0 73 126 215 89 67 108 75 219 161 134 60 225 175 190 84 166 78 75 213 176 80 110 239 65 118 67 137 211 157 66 64 108 168 193 213 109 205 91 117 134 95 145 153 171 234 165 154 229 219 202 114 114 217 215 114 191 234 162 194 186 240 233 212 211 82 118 184 217 220 181 151 185 92 190 156 110 231 179 67 101 177 185 62 95 168 109 209 196 131 80 210 237 179 203 217 97
111 220 130 117 167 149 96 88 85 96 71 82 153 127 137 149 76 156 199 187 235 64 145 66 0 116 92 90 96 71 107 210 66 131 75 91 124 60 72 155 138 198 135 153 87 159 124 239 229 92 223 232 64 235 161 78 148 66 107 122 92 233 181 226 221 209 240 157 223 180 73 211 233 106 179 165 210 95 197 238 214 65 94 231 118 181 137 201 212 123 125 130 80 180 111 69 98 150 232 65 134 151 144 68 70 213 121 232 201 114 61 200 61 184 187 162 85 86 155 232
170 83 98 109 129 202 104 111 218 96 181 191 136 150 195 91 189 100 92 125 134 236 72 160 75 0 188 215 150 142 95 138 152 158 193 166 220 122 62 206 135 209 106 142 198 109 172 97 99 216 61 147 153 120 200 118 236 154 223 194 190 116 103 134 226 94 188 182 122 60 169 83 71 61 234 237 219 203 114 164 142 238 178 185 213 212 89 190 149 207 71 191 148 175 183 231 196 75 153 199 71 152 156 176 144 235 239 95 74 80 235 215 113 181 184 179 170 228 194 156
173 131 127 89 223 112 224 60 181 100 65 224 237 90 86 71 166 69 171 87 180 193 192 227 120 121 0 150 152 105 139 236 149 117 150 80 186 75 170 157 145 222 81 235 105 156 191 77 173 96 80 69 180 187 125 110 152 107 120 139 179 82 123 107 90 151 92 225 186 185 174 94 186 99 213 127 220 179 175 75 68 201 99 196 100 60 115 89 183 161 126 149 233 92 78 234 141 131 115 196 221 214 116 70 145 68 129 131 210 81 222 236 112 178 203 92 200 153 173 132
233 115 80 210 232 105 203 217 95 140 228 189 153 60 123 227 206 139 154 117 126 132 133 164 101 92 65 0 182 68 116 207 74 227 225 162 126 175 108 149 95 91 80 113 171 161 197 88 126 140 139 137 108 172 117 136 228 161 191 179 147 177 221 140 99 216 89 216 143 213 128 73 123 220 65 223 64 230 162 81 76 83 100 192 73 79 179 214 128 221 111 230 186 97 97 120 216 134 79 61 66 167 167 205 129 145 77 233 151 231 113 100 124 87 227 177 237 192 233 182
95 226 104 229 195 71 144 218 126 71 198 222 216 111 197 79 220 199 160 188 107 159 167 200 125 88 89 173 0 133 112 60 86 231 214 66 171 146 222 94 191 175 114 239 151 84 231 70 100 65 238 240 121 95 165 143 214 87 205 177 82 221 174 108 79 186 211 231 113 82 104 105 210 68 156 240 122 211 62 96 96 94 212 193 224 111 101 72 125 70 200 134 74 204 240 144 188 158 157 118 210 210 187 209 174 214 81 140 161 227 221 107 178 168 222 128 122 147 186 123
67 139 215 100 105 67 219 116 168 134 174 130 110 114 134 221 89 158 234 146 153 182 122 155 167 199 124 240 127 0 235 239 114 68 83 137 189 226 148 231 224 92 207 100 141 190 97 114 124 197 102 89 103 101 188 198 81 75 84 88 88 98 237 210 112 221 138 114 170 142 108 125 181 193 117 140 214 145 219 61 68 69 117 180 196 209 171 237 76 175 224 110 171 217 87 191 193 72 169 62 161 152 176 144 204 91 164 164 97 209 62 170 206 139 125 83 117 76 122 202
163 97 131 98 230 108 128 142 118 75 220 136 102 141 208 226 72 218 87 220 170 163 237 78 177 72 88 107 161 117 0 135 143 235 151 108 111 188 108 200 176 184 72 64 86 212 73 109 89 129 174 94 99 92 210 63 169 229 240 137 93 139 229 192 79 237 191 172 115 155 170 166 73 210 111 92 94 145 80 79 200 80 110 155 119 102 238 153 139 204 88 77 203 207 163 202 213 233 170 64 225 159 224 104 84 177 110 145 89 144 163 206 189 161 185 101 193 82 95 186
150 145 95 115 109 117 82 172 206 157 154 154 225 108 199 138 238 225 198 230 222 109 101 129 156 142 210 134 78 135 172 0 82 166 134 115 145 164 193 221 108 111 102 216 163 136 196 110 177 133 104 210 105 143 137 200 73 66 125 159 76 215 109 210 190 232 84 153 157 119 71 151 68 153 166 107 163 207 135 221 170 197 146 141 198 172 132 138 86 223 104 161 120 237 70 142 95 197 130 194 63 226 237 116 92 211 154 201 223 124 150 139 175 163 237 130 216 119 162 177
237 107 136 182 153 159 147 79 125 198 193 71 225 111 104 146 165 146 180 80 186 142 213 75 87 119 156 66 179 238 231 80 0 104 228 125 116 101 173 129 176 201 142 159 133 66 240 181 222 230 100 111 202 192 63 219 76 79 204 217 107 137 130 129 86 173 143 199 230 74 99 204 110 112 103 179 167 118 220 74 80 95 93 202 167 129 143 197 217 202 195 105 82 199 162 215 220 190 160 81 226 234 96 88 136 92 182 203 88 135 83 90 122 137 191 84 218 62 111 71
192 148 82 239 80 173 154 162 131 72 183 215 218 89 221 185 87 112 215 209 194 75 197 239 164 92 159 161 235 174 159 76 179 0 197 124 198 194 178 136 102 113 125 158 111 188 211 200 232 168 147 228 124 161 207 138 73 232 88 92 225 129 195 189 93 151 195 175 193 112 171 213 157 98 234 136 116 200 158 130 101 170 114 108 190 103 109 217 218 233 182 170 209 175 64 157 129 173 104 109 106 104 221 135 117 144 114 191 237 206 65 77 103 94 224 163 220 224 137 108
155 174 185 233 68 195 90 163 170 92 183 231 106 118 184 132 200 181 145 196 75 202 173 202 150 206 133 142 119 206 127 133 216 127 0 236 210 109 186 82 175 233 196 175 131 159 172 201 232 86 145 198 72 122 169 74 98 206 202 137 125 236 151 190 96 102 239 82 76 61 94 135 66 220 94 82 226 204 106 102 121 72 70 173 133 67 70 107 231 66 151 156 209 93 89 220 196 144 138 152 215 82 73 123 78 234 135 156 99 132 217 152 142 161 173 174 235 194 92 215
75 189 74 130 205 213 216 119 96 148 87 149 201 134 215 141 153 175 183 103 193 104 205 163 66 89 104 222 111 179 146 167 194 102 151 0 211 200 237 144 211 90 65 108 78 187 195 149 231 64 229 203 224 228 139 128 142 145 131 198 219 144 205 99 96 145 202 82 202 158 205 93 160 222 112 214 166 170 143 160 221 159 131 104 124 64 143 140 85 71 207 232 186 107 221 163 212 169 62 98 175 196 186 110 87 60 96 68 235 108 163 89 92 235 137 217 228 177 86 83
216 93 234 117 190 178 234 220 127 177 85 238 66 105 138 197 204 234 216 65 150 177 113 129 159 140 160 206 92 127 98 85 83 83 150 217 0 191 111 179 89 167 144 181 179 187 221 186 195 172 213 157 200 81 129 77 126 195 124 101 159 198 91 111 157 177 211 113 163 228 110 188 139 132 165 85 106 68 192 216 157 74 167 239 174 215 106 161 72 133 95 76 214 198 87 229 91 168 226 95 153 107 86 138 136 89 127 144 216 139 235 188 149 110 223 143 73 118 92 223
88 112 78 205 112 213 158 211 108 202 78 127 146 235 172 104 147 166 152 164 166 110 108 231 237 174 229 240 81 201 78 212 223 192 127 77 230 0 126 82 166 206 154 157 74 150 152 170 113 147 189 229 238 127 100 231 132 170 202 166 98 153 116 140 190 168 197 222 73 73 217 86 203 94 226 194 140 164 77 227 196 80 142 113 147 71 89 206 77 174 193 175 102 81 112 134 76 67 147 198 183 232 226 151 119 106 143 160 143 117 211 116 199 221 113 108 192 165 75 123
111 179 186 99 174 209 149 240 201 214 84 83 118 188 140 120 128 213 93 166 229 230 183 154 173 120 68 204 189 125 180 109 200 154 228 109 96 65 0 206 161 193 199 190 185 145 60 238 114 193 209 165 115 156 106 102 71 149 125 89 131 80 170 139 148 125 231 83 119 180 137 172 126 189 232 229 154 198 166 151 79 95 111 92 198 217 206 95 60 128 83 124 173 174 161 102 67 165 169 215 66 91 140 109 106 160 141 171 195 131 64 111 173 91 121 62 196 194 172 142
179 87 86 135 125 156 130 134 188 117 152 177 81 101 173 109 71 82 122 109 98 205 165 165 183 225 63 68 129 177 171 183 215 174 80 225 191 192 91 0 99 74 83 70 78 113 134 170 108 117 159 66 69 64 198 87 125 221 112 127 240 156 223 165 67 205 163 164 213 235 139 160 169 162 218 190 177 139 133 195 60 82 206 147 62 102 152 225 220 108 99 212 73 69 90 227 73 202 201 199 97 79 137 234 124 111 65 174 132 105 142 191 102 111 110 187 177 105 223 228
168 156 80 167 93 201 240 168 190 80 230 131 102 113 184 124 169 101 140 82 77 86 165 116 119 221 199 124 231 172 156 226 115 209 232 92 64 219 240 141 0 60 98 167 140 114 188 131 137 152 174 220 218 119 103 218 209 125 100 140 88 164 76 73 108 160 207 227 61 174 212 154 217 170 181 172 190 219 86 229 93 183 92 127 214 157 225 199 134 209 148 232 161 176 115 83 122 227 215 207 95 182 96 157 77 101 176 67 94 220 68 205 139 72 106 100 65 131 225 89
122 194 232 209 191 185 181 206 191 73 220 98 236 120 88 105 179 94 96 87 139 87 206 168 155 185 120 83 211 81 128 106 177 85 121 148 101 83 184 182 94 0 69 62 193 208 136 109 147 72 212 176 162 159 151 103 168 133 195 194 84 208 160 201 80 189 118 122 88 182 122 113 182 95 116 122 230 207 192 164 185 198 64 73 187 180 154 150 104 171 236 137 191 203 68 89 128 100 99 180 85 152 222 220 177 123 126 227 154 73 174 208 228 133 156 161 205 177 193 156
113 61 96 89 213 124 106 147 229 68 140 99 233 76 201 202 75 216 93 143 82 235 144 186 216 230 119 144 93 233 220 225 96 81 122 182 67 178 136 102 172 240 0 238 96 219 177 146 128 160 147 220 172 224 190 149 217 177 232 141 67 102 171 79 162 72 221 137 71 195 84 190 84 92 239 131 145 104 115 240 149 184 93 208 173 187 125 163 119 149 76 185 131 115 236 207 147 138 102 90 78 162 127 163 124 63 135 203 118 120 81 67 215 123 108 210 227 76 147 166
190 131 99 109 117 145 142 199 223 64 147 180 190 179 85 156 187 107 92 228 66 181 142 130 235 212 204 123 100 172 73 95 232 71 124 174 79 181 68 135 179 89 215 0 119 192 114 199 178 126 170 210 175 111 226 110 143 67 97 176 234 232 222 93 60 127 90 68 214 218 189 219 87 93 117 162 116 86 225 167 237 155 102 97 202 218 239 216 109 206 195 60 233 207 184 196 155 67 152 171 172 208 128 84 130 167 142 201 232 195 222 137 218 203 111 73 149 76 127 213
135 72 184 101 123 225 137 68 132 112 64 236 87 112 159 204 70 137 97 146 184 218 75 179 176 139 185 131 90 96 72 189 141 61 236 157 176 159 171 115 83 215 189 104 0 95 84 129 106 236 74 154 178 227 221 166 238 182 148 95 123 174 74 112 224 163 157 116 95 85 131 188 210 109 172 109 107 116 75 148 121 231 154 149 127 115 157 167 176 64 82 190 181 139 88 213 112 60 170 240 212 228 96 201 237 96 128 87 73 197 194 138 203 146 134 160 91 88 226 71
223 235 138 118 178 87 214 85 104 165 179 178 75 226 220 205 147 122 145 233 73 80 128 93 110 150 61 117 238 101 134 184 70 183 104 77 204 172 191 151 170 156 199 202 163 0 211 145 165 71 229 116 136 91 208 154 221 126 120 172 165 222 80 147 191 61 106 136 115 118 79 110 150 191 62 78 112 224 133 65 122 84 126 132 114 173 73 209 125 181 109 238 112 223 207 87 126 91 210 216 162 125 74 149 71 202 115 154 192 210 108 95 65 113 137 143 78 141 86 66
187 97 165 138 93 199 63 72 106 231 134 74 155 121 166 96 121 88 157 62 170 126 100 198 69 74 114 154 228 154 200 240 175 207 240 98 181 195 229 79 132 163 76 197 231 147 0 220 198 197 147 145 222 195 111 139 108 120 101 102 104 78 154 204 186 230 137 194 118 191 76 184 180 175 184 107 149 175 159 174 196 205 120 208 127 124 182 217 93 165 64 178 204 189 187 73 194 200 228 106 115 201 75 167 172 226 71 193 182 153 66 191 70 73 166 75 155 103 108 155
119 169 159 109 65 189 227 159 156 214 150 158 155 94 149 192 190 115 211 118 127 210 88 192 164 101 231 155 112 138 143 163 185 158 103 145 61 232 67 178 115 203 145 94 147 113 62 0 104 89 129 223 159 204 236 194 137 207 182 218 61 137 217 147 79 65 173 72 65 172 222 162 147 237 160 213 193 93 85 139 151 136 164 91 238 124 105 127 74 162 135 222 164 163 191 132 205 181 213 90 171 193 231 199 71 141 75 233 193 172 88 163 157 194 232 113 211 66 201 141
225 156 238 186 156 238 60 182 125 153 186 84 158 144 228 90 83 108 70 82 173 204 225 96 209 102 192 163 98 131 234 88 114 99 232 234 152 179 165 188 119 73 225 150 190 122 189 232 0 61 185 115 233 92 101 129 106 133 210 164 171 119 124 171 129 91 160 117 147 78 188 154 132 206 91 202 228 191 142 146 121 109 64 131 228 183 171 151 175 71 202 142 61 117 222 222 99 203 129 61 207 220 225 201 65 103 231 167 114 186 163 67 238 207 130 132 210 117 155 143
75 152 89 129 206 90 239 196 177 202 113 66 179 68 196 64 184 141 200 234 149 193 220 64 94 130 145 239 140 103 240 152 80 151 222 155 84 201 183 139 138 108 149 223 199 124 157 161 229 0 107 204 185 128 198 222 61 173 192 153 228 111 201 60 172 139 111 135 120 117 141 148 144 97 191 183 96 97 160 234 240 97 183 210 83 133 221 158 188 189 233 104 86 206 75 152 124 218 201 138 138 82 201 223 157 169 222 131 193 173 125 227 66 91 197 191 132 192 72 155
128 113 161 200 114 150 102 140 238 147 146 229 101 96 94 160 164 226 91 125 234 104 153 112 101 63 84 195 173 83 123 149 197 177 78 181 166 144 143 162 100 198 143 186 204 150 145 89 130 61 0 123 92 70 196 214 99 89 73 237 63 64 210 216 203 184 213 130 230 79 207 78 141 208 223 230 192 127 109 111 98 235 194 179 100 189 208 139 201 203 229 231 168 99 130 138 144 115 227 141 238 183 70 80 91 96 210 190 134 223 205 190 201 189 108 70 104 153 147 101
86 213 95 226 176 196 125 148 134 128 68 128 165 158 186 110 169 185 147 158 214 157 102 158 240 118 173 143 182 212 138 145 92 100 87 229 69 218 89 98 143 196 112 103 182 217 226 183 139 110 237 0 178 188 221 228 190 195 159 148 158 102 144 90 131 84 86 163 201 239 194 167 123 118 88 144 136 212 94 199 194 163 117 60 136 206 147 235 116 230 80 69 119 163 62 124 197 73 145 108 120 150 122 77 123 236 161 164 69 234 88 85 102 79 77 192 189 220 224 80
77 231 232 117 79 147 81 172 106 84 232 79 172 88 87 200 187 107 154 70 105 204 127 154 111 73 176 207 239 90 173 101 185 97 157 152 159 155 194 155 227 202 136 224 148 181 90 116 180 176 141 114 0 132 186 208 220 97 172 186 83 214 92 123 227 197 158 173 149 223 132 219 145 88 207 212 201 217 77 233 178 111 93 169 188 87 120 119 195 141 93 124 118 193 140 117 100 113 150 114 168 208 90 167 142 175 137 157 126 118 216 136 167 170 231 61 233 178 228 77
184 166 225 195 87 73 90 177 60 164 92 186 140 182 176 89 79 229 165 201 76 190 163 187 168 130 117 184 99 117 168 167 218 125 105 83 228 163 128 186 103 115 141 69 66 75 208 152 115 92 216 61 192 0 170 128 153 106 194 147 234 120 72 174 160 60 215 161 228 95 72 93 69 66 177 169 123 130 116 169 228 198 228 69 126 160 151 163 116 198 131 95 87 96 237 120 158 113 140 127 115 134 121 135 153 206 224 112 128 153 98 161 78 82 121 138 114 233 210 92
141 226 145 212 117 78 227 155 186 63 162 160 128 167 129 181 91 207 160 120 67 208 186 145 142 67 172 126 223 179 208 104 88 234 238 67 195 75 186 234 155 201 172 124 159 123 217 142 198 127 64 172 79 103 0 164 85 199 220 174 116 72 98 118 134 186 193 171 91 113 176 152 140 194 198 89 208 229 163 87 152 235 237 74 110 173 203 138 209 71 191 130 110 234 126 186 90 166 150 143 88 89 106 163 161 105 236 125 206 175 210 181 118 166 230 235 85 85 123 153
81 215 119 193 139 81 234 213 228 129 114 230 86 83 227 122 215 217 126 157 210 210 169 75 98 164 151 175 66 122 110 195 127 109 191 149 60 102 118 231 128 77 231 90 205 206 77 186 109 191 233 126 157 223 227 0 219 185 101 93 81 72 184 130 101 121 86 71 206 110 180 109 64 239 89 200 71 102 124 201 203 72 188 119 210 235 113 125 104 153 131 89 176 199 157 169 185 225 219 68 128 135 99 187 103 181 158 238 85 101 134 189 232 190 80 223 86 165 239 160
139 137 99 175 223 143 159 69 150 176 173 156 210 140 140 182 222 148 189 164 203 236 130 138 101 211 229 227 160 75 95 206 153 211 238 144 190 140 100 218 117 114 240 94 105 179 202 221 107 233 214 234 240 163 223 83 0 129 67 126 224 68 77 220 61 179 174 120 223 169 213 63 140 149 83 85 195 136 114 75 183 73 157 114 99 175 84 240 227 145 65 167 105 117 127 82 223 65 68 202 65 132 171 65 69 96 177 63 65 218 109 101 97 106 194 181 134 105 238 78
180 137 227 80 81 212 183 112 185 112 100 84 66 102 184 225 130 113 112 170 228 196 218 107 123 93 172 205 219 105 152 195 219 207 98 132 206 196 182 179 89 94 206 65 67 230 234 113 217 103 130 95 150 234 113 109 91 0 73 146 202 147 114 230 168 185 63 126 235 200 109 204 147 112 108 189 146 167 209 129 89 239 240 206 223 199 187 152 95 204 200 97 182 147 68 157 122 90 101 150 166 147 201 217 80 224 66 180 90 147 230 235 230 194 131 81 108 100 129 107
99 135 171 216 202 80 218 199 180 95 226 125 81 94 123 89 226 208 194 230 207 174 225 117 89 136 221 187 157 72 77 226 175 207 68 103 234 152 105 119 133 198 92 198 168 204 225 68 115 185 124 190 144 84 156 238 157 126 0 115 210 108 198 151 83 79 208 159 107 130 201 190 161 112 221 197 114 98 94 186 113 144 66 108 142 117 224 157 151 80 177 123 66 137 101 176 89 100 88 172 106 104 75 183 79 94 69 212 136 72 149 72 105 208 91 189 111 106 159 207
191 77 208 167 239 231 219 217 117 211 204 231 98 176 61 117 125 83 218 108 166 64 179 208 236 124 128 149 237 236 198 166 100 166 110 179 141 107 96 214 220 208 218 104 199 177 152 200 218 227 191 169 139 92 229 162 92 135 100 0 64 150 83 120 131 138 182 202 121 92 185 117 175 200 76 200 121 192 159 223 132 197 162 154 158 75 104 235 237 140 71 118 76 109 123 64 100 219 105 125 141 218 124 128 160 225 225 144 60 174 117 229 207 72 232 131 214 64 154 73
95 137 63 177 137 119 88 85 172 74 135 187 207 201 206 224 172 126 142 229 164 218 63 141 183 128 92 122 233 189 175 231 215 181 236 228 186 90 114 168 238 180 180 100 99 164 190 115 77 90 185 189 101 124 70 108 171 112 173 91 0 134 227 156 190 219 145 229 137 236 104 216 76 124 179 228 218 210 233 151 104 150 161 185 205 205 232 74 109 200 113 121 236 119 192 111 180 78 100 224 228 197 165 128 212 140 102 137 128 78 108 112 152 91 182 192 188 132 82 112
140 198 123 234 78 112 122 67 162 74 98 122 141 187 105 83 203 133 96 127 124 201 70 108 234 127 116 210 70 163 112 159 228 93 223 102 141 216 207 240 156 218 182 214 168 147 87 138 236 140 196 87 237 229 179 191 137 138 146 72 120 0 85 212 221 150 197 145 155 155 174 207 97 119 139 114 231 81 200 222 87 168 137 109 166 211 223 119 178 132 202 161 161 191 148 172 138 226 139 201 197 83 157 186 228 160 236 182 238 80 107 104 69 138 72 183 230 234 221 211
198 165 189 150 174 81 148 147 83 60 152 162 61 223 141 191 177 149 172 92 119 84 152 154 206 74 94 235 121 204 61 81 190 120 206 77 175 82 206 77 240 117 216 93 137 185 229 134 76 239 124 208 152 143 69 193 114 150 232 196 174 136 0 207 173 89 171 193 82 71 159 216 195 147 110 227 175 138 145 110 150 224 116 65 151 131 109 72 100 91 107 161 216 122 235 205 189 219 145 60 126 155 102 148 167 143 224 66 129 162 182 92 90 195 165 114 229 193 149 192
91 118 122 118 106 106 90 91 214 88 72 132 102 83 202 109 186 111 187 229 148 232 150 159 164 65 227 234 162 116 147 136 158 203 105 202 86 177 80 189 193 131 200 187 225 112 180 61 119 165 214 87 150 143 62 215 191 124 100 103 120 180 224 0 123 98 222 80 109 174 119 147 61 169 210 92 148 173 206 178 233 118 213 177 123 83 93 116 129 108 133 119 203 168 129 153 98 198 87 223 181 207 66 178 234 191 140 148 123 119 182 176 150 139 205 175 155 144 122 104
95 157 178 63 213 65 116 113 171 209 240 85 155 99 170 67 219 97 123 124 138 88 166 198 72 109 96 202 204 197 120 152 81 70 195 163 145 80 197 95 180 203 150 79 130 147 139 138 114 114 216 163 87 87 173 132 199 151 103 208 134 173 123 110 0 151 130 227 86 163 234 226 108 87 105 60 110 104 190 236 141 76 64 73 108 204 123 77 139 121 86 210 137 90 147 185 156 137 193 216 218 202 198 121 110 233 191 170 65 83 164 192 85 167 207 113 167 191 109 145
238 189 132 192 131 185 226 225 167 159 73 230 175 78 89 220 198 212 72 74 199 151 152 70 106 102 81 137 234 216 175 101 193 235 145 150 199 210 125 163 217 221 107 153 136 221 156 66 107 141 68 215 79 177 128 121 226 215 138 115 226 238 238 138 236 0 236 168 95 208 176 90 66 177 226 202 86 190 118 108 131 144 163 128 129 221 210 191 160 154 80 94 177 78 143 233 206 150 187 91 170 107 206 210 224 104 121 143 231 78 180 197 114 78 150 205 132 151 82 92
88 67 168 200 92 143 177 72 193 188 63 63 229 89 195 147 160 128 164 123 168 69 136 103 110 213 225 215 92 124 188 214 118 107 225 190 162 64 103 124 216 162 124 101 88 123 182 230 134 205 103 225 167 152 96 118 79 196 235 97 90 110 170 79 178 70 0 199 179 183 148 68 237 61 128 226 202 239 81 76 170 212 217 81 163 63 209 161 165 64 204 208 88 233 62 201 89 130 229 180 181 221 71 177 112 113 229 104 71 148 196 167 86 182 93 141 195 89 108 118
141 97 63 115 65 77 63 165 175 192 191 86 123 208 145 60 154 118 204 239 240 168 89 231 162 221 146 101 223 64 78 161 145 125 173 105 69 136 205 94 101 83 135 237 194 212 113 70 121 171 147 143 105 196 175 173 79 184 109 160 142 181 79 226 79 156 132 0 66 218 149 240 64 188 155 111 145 158 151 137 198 143 195 118 107 104 108 117 82 149 228 136 83 217 154 226 142 91 113 65 85 75 99 180 146 84 198 62 129 206 177 204 151 167 195 119 186 201 118 223
236 75 64 114 70 115 209 77 89 148 222 198 154 235 185 233 209 85 92 206 60 65 173 194 221 196 148 77 174 136 134 96 63 187 137 143 176 202 128 143 74 230 237 68 143 95 188 133 99 177 238 160 70 74 137 207 196 76 110 181 189 189 235 173 208 149 215 77 0 198 190 208 152 163 154 147 125 98 151 128 219 219 83 119 210 231 77 102 226 133 77 117 168 97 171 196 146 216 64 88 169 233 154 211 207 143 165 186 145 165 230 83 159 161 210 170 95 106 73 90
93 117 183 167 100 103 158 188 78 124 68 69 101 200 81 236 157 221 200 99 72 131 72 213 191 143 79 232 235 136 220 112 216 176 172 239 124 189 154 65 90 240 100 178 130 63 144 84 177 127 144 213 112 144 119 225 116 94 224 183 161 214 181 210 180 109 166 211 208 0 80 101 171 153 216 93 226 71 177 135 209 78 205 102 133 168 209 203 96 123 117 85 172 231 71 70 151 159 62 194 229 189 172 148 69 196 238 100 106 126 224 75 196 224 159 229 70 124 203 179
194 78 149 151 212 221 205 189 218 231 80 134 83 137 62 198 234 76 125 94 210 214 204 87 72 134 102 237 66 208 230 217 92 61 64 135 95 87 95 104 160 86 216 129 77 198 214 134 234 124 78 76 207 106 228 157 98 61 154 171 103 168 133 199 190 65 148 217 194 215 0 124 164 179 167 115 211 104 120 223 97 89 231 189 219 133 73 198 88 113 125 146 198 69 97 233 107 214 220 133 187 146 184 215 156 238 109 156 94 120 203 211 210 115 235 232 97 193 122 203
234 166 203 100 138 164 77 206 199 90 105 140 107 228 195 164 108 227 87 186 201 153 189 124 61 87 169 214 110 228 221 169 224 162 67 177 68 75 130 228 190 93 80 150 182 144 180 158 175 123 141 90 237 186 166 217 109 70 73 112 141 162 118 111 74 142 87 225 67 134 233 0 204 84 112 101 171 78 168 112 92 60 140 173 148 134 146 101 239 194 127 61 61 182 155 136 120 114 231 227 127 185 115 177 78 201 115 218 176 61 146 173 148 185 186 104 131 186 68 151
156 209 232 217 106 139 192 153 133 152 77 94 167 218 240 202 199 125 92 202 154 212 154 227 207 70 229 137 168 240 145 69 66 225 215 60 178 196 219 87 104 114 84 168 83 65 122 151 141 132 84 228 92 163 165 223 61 130 215 151 222 217 89 101 206 220 127 82 205 160 202 122 0 156 142 228 103 192 237 162 136 198 136 176 206 78 84 103 191 173 71 173 214 167 84 198 160 86 227 150 91 206 125 166 191 105 83 72 177 221 124 65 227 137 222 127 134 146 148 194
200 177 172 191 148 65 94 183 62 106 235 103 166 234 134 67 217 168 181 94 148 67 199 71 72 78 190 222 64 216 192 199 96 184 228 129 74 169 180 210 87 145 177 198 138 198 65 127 211 214 127 227 177 157 136 119 189 82 179 159 205 181 153 176 114 159 221 66 73 91 73 110 109 0 81 88 193 240 163 237 155 187 186 172 115 130 150 150 99 130 95 216 110 197 179 123 135 131 115 212 77 138 121 235 226 148 170 208 212 110 162 133 93 207 102 144 82 98 175 206
70 100 220 133 87 141 132 219 107 143 125 66 240 63 100 123 151 149 173 65 209 194 138 67 119 155 89 106 126 60 147 221 138 198 147 192 195 124 173 224 70 227 183 185 182 95 124 227 86 83 194 138 159 222 235 205 213 89 220 102 70 196 232 218 65 101 212 90 111 187 228 189 96 128 0 228 108 184 63 83 210 111 60 128 153 122 237 124 146 217 172 137 136 146 122 70 140 129 107 203 218 82 230 227 87 203 147 107 138 88 61 226 70 136 187 153 171 93 69 99
119 224 129 124 78 70 72 215 80 134 146 208 109 182 162 170 207 103 89 97 205 217 215 139 161 178 238 149 155 186 146 120 67 100 127 230 186 84 90 74 233 217 124 127 156 76 123 104 67 99 227 189 84 139 232 108 198 167 158 169 184 98 182 232 80 218 94 145 150 165 190 66 67 179 170 0 138 64 145 116 195 209 164 144 141 119 196 65 218 136 148 61 71 218 188 166 202 230 233 193 118 113 216 187 230 87 167 77 81 162 81 63 124 152 124 128 128 70 235 114
198 82 121 102 135 130 138 171 115 94 122 195 237 97 130 99 90 103 129 75 239 103 63 234 134 144 120 161 170 105 147 115 137 159 78 170 158 169 152 74 167 63 127 108 147 126 199 231 207 70 107 79 73 199 185 117 163 144 102 100 87 166 204 203 147 100 147 122 143 135 160 115 195 113 119 240 0 79 158 80 216 195 79 107 206 193 144 80 77 83 71 134 150 184 74 174 112 84 236 123 131 104 75 81 64 179 119 177 108 60 109 191 100 239 95 106 139 103 210 108
228 190 78 212 198 198 180 109 84 132 215 78 212 127 128 228 167 135 176 65 240 81 204 236 97 187 96 137 227 189 232 192 94 212 185 185 203 138 112 151 236 106 160 84 225 136 66 108 174 74 103 105 73 119 131 192 179 90 223 165 69 161 84 216 236 194 110 116 197 104 79 216 109 142 118 213 163 0 188 140 126 238 138 99 81 60 122 221 168 159 190 83 160 80 137 119 226 148 211 153 199 201 228 174 218 196 200 104 147 190 78 235 145 224 156 130 90 105 89 226
155 87 155 111 130 151 155 236 207 239 91 169 61 169 116 237 127 95 133 68 113 152 202 81 213 178 81 140 231 65 227 75 76 207 96 67 94 233 108 207 210 183 197 116 172 157 223 83 107 71 158 77 85 121 240 108 93 154 97 177 133 181 130 63 236 218 192 73 196 193 67 83 215 75 126 192 188 177 0 111 191 214 79 99 239 159 229 153 102 88 196 109 223 117 65 223 231 188 223 211 224 154 86 63 94 120 207 192 122 116 66 212 166 82 135 220 182 121 80 226
102 216 140 217 232 233 152 67 176 157 100 214 122 202 61 103 232 152 136 179 194 210 140 235 210 180 112 215 225 94 211 104 108 193 172 76 68 229 189 205 150 97 61 196 63 221 141 146 193 128 82 102 68 211 118 103 130 172 95 160 105 224 102 199 158 179 162 155 235 73 119 136 127 199 157 200 229 228 161 0 69 141 134 179 94 167 124 139 171 105 135 184 150 226 62 229 92 94 137 194 110 107 129 105 135 172 145 162 66 130 91 66 95 201 152 63 232 92 91 127
101 63 73 108 125 199 74 106 240 173 72 204 213 133 124 193 224 231 230 142 170 173 122 119 93 227 85 132 191 174 171 104 83 144 218 130 134 124 123 117 178 98 209 168 218 105 177 81 130 104 235 84 198 164 102 96 208 65 217 117 111 217 98 159 76 221 63 114 139 232 232 61 157 185 157 237 213 124 232 87 0 100 240 195 177 146 167 153 93 183 109 218 144 189 83 156 144 159 94 131 191 148 216 125 66 178 144 142 155 81 64 201 101 131 157 233 121 230 132 153
202 65 213 204 182 126 139 116 93 172 153 143 63 79 71 188 111 210 148 204 225 141 122 123 236 103 188 170 178 85 63 132 119 119 215 92 73 192 235 197 227 217 207 93 206 236 215 111 235 221 120 226 203 212 67 206 209 90 229 117 69 175 93 202 76 76 67 71 99 189 123 164 235 233 181 236 194 192 163 233 70 0 203 201 106 86 69 149 62 187 208 215 153 200 131 222 108 116 171 98 68 203 217 204 64 124 111 236 109 154 114 89 194 143 93 108 161 66 116 147
137 150 226 221 108 186 235 239 225 205 210 214 197 89 235 164 141 133 240 152 200 72 145 151 84 239 173 162 165 218 228 151 96 216 75 184 215 101 91 197 102 91 120 168 188 136 66 215 85 196 100 138 191 69 136 223 118 196 218 222 140 168 147 153 194 197 70 120 166 61 64 219 118 228 199 72 155 221 226 114 139 152 0 171 193 137 146 218 114 220 174 237 63 160 210 145 88 157 99 151 143 191 79 95 88 138 127 199 96 237 106 131 148 215 184 124 163 78 118 194
140 175 113 99 65 136 170 201 70 75 88 240 216 151 131 147 152 230 211 86 73 111 154 192 181 75 216 211 187 203 221 98 151 223 192 68 108 65 89 216 97 148 143 66 73 168 131 231 159 197 88 69 151 101 108 64 161 183 166 136 229 236 101 85 185 115 222 120 177 219 74 100 113 104 100 103 60 157 211 83 236 160 111 0 71 187 238 195 72 158 226 82 112 155 63 203 148 111 128 83 119 239 155 133 135 79 238 236 169 228 64 117 180 176 148 195 213 123 66 120
162 189 201 234 234 121 136 79 186 174 92 236 77 104 126 135 218 146 64 176 69 75 202 148 87 119 231 121 164 147 62 68 191 128 89 119 125 198 135 173 89 97 180 180 145 152 183 145 95 231 84 176 78 158 139 93 205 73 183 113 186 188 217 198 126 191 136 181 181 114 127 156 174 236 177 126 124 85 89 92 202 140 148 175 0 199 67 113 76 217 193 213 65 146 197 85 136 96 188 210 152 109 158 138 202 160 221 201 176 161 88 152 105 204 107 83 189 141 192 176
100 137 111 140 164 109 198 63 157 218 211 177 170 162 79 209 200 111 219 166 160 205 223 126 198 146 187 204 106 203 228 160 145 92 204 170 60 143 128 133 117 105 83 175 96 64 173 211 138 146 210 144 68 133 238 109 222 143 107 92 134 76 63 76 169 205 71 115 141 195 127 79 98 83 94 109 118 198 190 222 204 170 215 197 216 0 113 169 62 122 110 85 83 140 194 133 215 91 99 105 190 115 92 90 111 162 181 187 81 216 205 143 180 67 218 161 146 195 95 67
194 188 190 223 185 224 84 240 83 142 202 90 149 123 91 156 112 228 189 131 120 161 189 109 139 118 68 153 129 83 115 153 107 163 71 120 62 214 75 239 92 240 72 226 198 77 80 198 137 240 159 222 107 202 171 165 176 108 191 136 238 138 205 124 71 100 159 183 237 177 90 62 84 235 198 234 224 61 96 98 221 113 70 114 198 84 0 190 108 125 82 106 86 124 139 62 104 227 64 235 140 89 197 86 217 123 145 190 237 61 152 235 80 66 195 224 219 188 195 169
165 133 127 161 229 68 144 106 93 143 67 171 170 218 124 146 105 129 91 167 112 145 168 133 98 151 202 97 231 148 212 231 73 70 75 193 228 184 168 188 145 197 99 225 207 164 98 127 91 187 184 152 132 86 162 111 224 134 177 96 134 212 122 121 183 190 90 115 96 71 126 123 107 63 118 232 209 81 198 199 146 71 200 116 85 96 82 0 84 84 123 148 180 227 142 226 131 187 65 147 79 159 146 99 140 233 173 127 201 119 114 167 193 180 133 69 151 167 230 176
144 205 169 184 103 144 221 82 177 119 224 77 112 118 229 140 151 149 186 84 158 173 105 202 84 208 78 196 221 79 72 81 79 227 86 205 195 124 205 79 101 170 93 103 106 210 136 69 68 99 75 91 213 113 136 68 201 204 226 93 154 73 207 178 143 99 175 155 184 205 237 120 122 188 219 160 68 113 148 181 155 193 113 232 213 209 69 66 0 240 131 202 198 184 176 179 149 185 195 115 146 178 142 215 135 91 61 226 177 176 214 110 81 193 228 184 226 185 76 156
131 77 133 121 139 71 219 130 173 101 178 99 106 177 221 110 74 71 105 212 185 156 114 162 218 149 138 104 234 132 165 124 224 196 165 193 63 218 93 121 209 165 218 109 100 178 151 169 165 118 147 194 180 72 198 66 234 238 110 200 131 128 236 66 94 230 157 82 132 165 142 74 240 66 160 90 129 137 149 187 101 197 132 154 148 135 60 147 204 0 230 76 64 221 209 219 130 74 235 149 170 217 70 240 74 140 90 206 229 120 213 73 202 127 135 158 149 228 133 111
197 110 213 210 74 79 70 60 174 235 237 85 196 104 189 115 129 104 209 90 69 176 216 202 199 209 194 191 104 168 90 102 66 103 215 225 157 95 200 78 210 69 197 61 142 69 229 232 205 100 189 65 181 152 148 103 76 130 111 113 221 240 199 119 100 133 107 94 136 198 91 229 69 175 237 185 145 180 171 123 107 120 135 218 180 130 164 165 188 77 0 116 139 221 157 160 72 235 90 126 123 87 78 110 66 95 193 152 200 150 202 226 61 81 194 231 91 173 106 120
157 78 175 143 116 123 225 217 184 100 204 104 117 84 125 220 146 130 148 212 71 209 148 188 176 77 101 118 83 208 217 196 187 168 229 178 94 91 102 107 121 198 68 75 126 188 112 236 163 240 227 119 64 212 77 160 74 84 79 125 181 234 216 224 147 210 118 118 125 228 175 231 101 120 240 68 166 143 176 114 130 107 230 133 136 84 134 140 192 136 239 0 93 160 167 171 173 119 236 64 120 79 230 159 86 154 65 100 163 189 110 89 175 184 84 98 203 97 175 239
151 238 95 169 132 231 83 124 106 207 186 75 63 228 139 207 206 191 133 65 204 218 162 169 110 191 148 101 111 201 211 153 150 144 227 133 154 60 87 116 204 163 118 119 191 103 112 144 181 223 75 220 127 164 114 106 240 117 181 86 177 101 166 162 124 145 98 185 172 120 121 124 217 85 124 98 100 107 112 136 114 229 71 91 133 94 194 209 66 102 83 186 0 160 77 194 130 212 90 124 65 99 150 90 160 117 108 179 147 160 147 139 183 213 137 104 206 167 226 96
174 145 88 229 75 203 188 145 140 71 239 228 194 185 98 106 223 159 105 148 114 134 80 172 69 178 222 96 68 97 160 157 182 240 239 229 192 150 237 92 175 233 212 144 78 135 191 147 96 186 64 111 74 85 147 82 146 150 182 227 80 230 99 209 105 231 179 156 87 159 185 154 78 132 123 126 63 193 69 171 206 86 217 203 188 119 105 168 82 119 112 164 159 0 214 66 229 63 120 177 221 235 212 204 129 81 60 202 110 234 144 204 89 72 209 66 200 122 133 76
100 213 60 200 232 64 173 139 68 171 89 187 102 206 174 213 90 99 137 240 105 85 143 209 123 116 174 130 183 217 89 155 152 139 111 133 131 99 85 182 169 181 188 136 72 235 128 193 109 108 61 115 229 88 150 150 118 239 162 199 177 167 152 192 210 65 89 181 166 128 179 223 184 171 73 65 170 176 171 96 151 73 150 190 109 149 199 233 237 225 156 112 203 60 0 234 76 80 150 89 154 128 151 135 146 235 204 157 105 142 90 67 240 153 146 239 76 148 173 94
143 95 206 89 103 185 129 68 201 64 214 130 119 123 107 106 148 209 154 223 183 190 69 99 82 163 178 219 130 225 202 201 228 125 152 147 225 120 114 86 192 167 107 205 188 80 206 121 172 231 91 170 156 90 179 143 150 114 127 150 128 172 94 72 93 196 85 77 139 62 202 165 110 228 151 157 87 159 121 225 81 173 236 78 65 128 118 168 174 207 119 141 157 229 110 0 150 234 187 111 82 209 148 233 122 194 73 159 66 118 236 196 144 240 65 63 84 231 180 95
165 156 196 150 93 222 75 210 186 181 128 141 109 169 107 137 81 210 160 152 204 218 132 110 74 221 113 102 165 87 199 140 145 202 90 230 138 181 75 212 187 231 109 109 94 184 216 222 234 150 85 81 138 146 235 175 195 114 120 185 103 194 127 234 156 67 117 191 73 126 207 95 91 196 118 69 189 214 218 222 85 214 240 65 140 220 144 220 181 67 224 168 95 230 211 82 0 115 63 99 191 113 235 157 211 217 199 226 99 156 150 126 120 220 208 111 129 68 166 137
105 133 138 85 205 211 123 210 77 110 219 170 170 135 120 212 135 236 65 114 132 80 94 185 209 222 182 143 193 235 193 166 94 237 124 174 81 158 146 78 200 104 144 230 126 63 64 98 88 178 81 120 135 74 161 171 193 164 144 183 114 232 162 96 105 201 190 150 97 171 102 231 89 120 137 168 112 221 122 214 218 193 170 100 188 83 171 222 119 162 213 207 125 67 200 219 186 0 213 155 80 138 196 140 188 163 185 91 238 116 97 121 70 201 87 154 147 73 91 147
75 122 211 237 204 203 144 210 137 177 226 237 190 165 204 222 103 216 222 226 192 177 174 78 72 69 220 105 65 95 119 220 198 106 196 142 224 70 125 163 104 172 195 61 194 178 63 79 175 156 193 136 130 99 165 191 203 130 198 162 229 106 149 126 183 134 98 153 162 72 66 215 132 109 237 76 89 130 151 119 154 214 207 228 98 131 160 97 234 145 227 205 84 88 115 178 139 210 0 101 154 81 122 217 234 144 229 196 152 208 230 70 211 193 169 140 141 95 145 179
80 155 69 60 172 211 236 183 116 152 146 217 167 185 208 103 139 91 78 239 158 98 69 195 237 230 77 201 197 194 217 159 87 148 73 119 155 64 216 135 158 132 77 159 141 223 238 155 119 106 119 236 171 198 69 116 203 96 157 80 193 93 120 217 98 210 156 62 91 102 168 111 65 174 211 197 208 147 156 233 219 119 171 71 126 159 115 154 209 140 88 73 151 117 151 164 224 125 104 0 149 213 165 63 133 118 236 186 135 152 173 159 133 167 141 62 134 164 115 164
82 72 156 219 126 162 112 61 207 172 176 111 153 227 65 231 202 143 179 134 102 94 209 209 199 226 158 153 83 125 164 196 200 156 170 117 170 156 68 156 182 112 130 107 221 138 129 158 238 123 186 152 96 116 94 219 181 150 200 64 188 84 137 114 239 67 219 237 120 179 142 66 107 72 72 66 141 205 83 114 225 225 172 110 222 100 137 77 225 109 89 136 176 98 225 117 153 111 124 167 0 105 213 218 96 73 127 145 144 70 123 81 88 215 174 145 223 217 72 219
137 157 121 204 148 88 166 156 125 75 193 231 159 103 109 85 235 222 83 191 230 180 186 228 211 74 149 98 171 95 206 217 135 169 68 165 146 164 96 219 96 138 137 69 159 146 65 132 150 167 168 240 236 169 182 119 176 101 113 139 78 207 151 65 173 222 107 152 115 201 183 219 110 119 113 140 77 73 220 185 93 220 89 201 216 128 115 137 226 197 121 107 168 197 187 71 108 149 156 185 197 0 96 80 216 150 199 218 196 234 104 103 145 163 238 121 96 104 64 188
129 204 200 220 97 191 101 137 175 219 143 213 214 122 95 178 190 220 174 203 237 148 230 127 196 127 173 134 102 66 220 92 154 125 67 164 72 112 77 211 117 109 175 84 115 122 76 152 214 237 130 124 120 70 132 128 71 75 163 110 167 208 68 168 176 74 93 155 81 196 131 192 208 74 207 183 170 176 158 153 101 202 172 157 212 100 133 214 134 164 64 97 104 105 61 207 159 236 161 122 114 104 0 222 184 195 173 219 85 225 89 126 240 157 183 65 72 97 99 218
190 203 174 131 240 84 212 94 169 221 113 152 150 142 120 93 160 204 219 109 213 205 81 175 96 140 112 75 152 93 228 172 73 89 116 87 171 206 229 199 179 84 201 178 66 219 204 177 88 122 125 101 95 169 103 109 92 151 197 99 101 101 109 200 119 217 98 112 215 172 229 118 114 199 111 194 187 138 104 115 124 194 117 152 64 72 138 183 179 107 95 239 206 60 225 116 156 214 198 130 186 127 104 0 188 149 139 144 80 118 208 84 188 203 154 157 197 143 216 107
216 88 71 182 60 101 107 207 66 131 193 148 79 80 92 105 236 136 217 126 73 156 214 123 91 68 91 217 65 118 136 142 63 103 119 129 134 165 72 127 159 138 102 116 69 217 225 161 226 187 208 100 144 65 151 228 170 86 182 84 71 175 173 65 167 185 210 192 143 94 140 232 178 181 124 192 74 236 219 98 215 167 83 174 89 143 168 131 216 80 224 231 173 148 108 233 113 164 63 117 156 81 112 93 0 130 213 77 90 202 83 145 85 61 178 145 195 150 111 132
172 137 146 137 126 202 175 148 91 149 155 72 188 227 240 69 76 166 107 116 212 196 180 208 234 231 96 232 66 204 108 239 74 198 75 202 120 173 115 137 93 210 240 74 69 101 116 177 149 192 209 165 114 102 198 117 201 223 219 103 216 217 159 200 90 109 71 158 101 206 229 68 193 87 165 133 115 132 78 214 201 91 80 133 75 212 181 120 90 206 69 208 74 122 191 152 177 209 180 166 136 236 233 72 99 0 111 180 129 66 215 95 209 101 129 172 225 184 180 206
142 93 202 123 66 117 229 164 171 203 193 230 84 85 131 218 61 150 180 86 205 119 221 122 237 233 202 84 166 92 89 190 126 130 240 210 112 98 230 174 227 165 215 219 90 169 238 122 170 69 89 171 153 231 151 178 135 60 158 148 239 238 136 78 147 141 78 191 126 131 184 212 231 67 138 125 99 227 228 189 223 218 86 114 63 147 116 112 84 81 94 107 60 190 132 232 186 159 192 105 209 74 98 145 192 92 0 227 102 125 90 100 71 90 74 196 208 78 207 127
179 196 108 210 221 182 230 111 239 193 171 149 143 155 94 186 142 179 140 101 62 177 167 228 117 130 192 237 230 167 104 162 141 239 207 68 153 115 81 194 161 89 155 159 172 65 96 204 223 181 156 151 210 238 200 170 91 122 94 180 120 102 230 203 193 136 173 139 234 61 224 80 199 147 119 135 128 156 184 159 195 84 176 159 202 173 153 107 214 149 131 167 146 165 197 216 185 80 170 77 84 180 175 219 178 177 185 0 196 78 129 157 139 119 192 156 110 99 169 133
121 75 180 147 214 100 228 174 214 188 156 106 102 179 171 161 214 163 118 230 114 60 153 156 103 75 176 96 174 159 145 174 191 222 110 138 138 124 102 180 225 165 79 184 183 61 132 81 71 129 163 137 170 162 63 92 171 92 211 75 148 209 65 235 216 116 197 180 133 147 119 203 161 183 228 127 86 88 116 86 169 240 226 200 198 83 107 75 93 134 201 94 146 128 114 151 119 147 166 233 143 116 226 147 69 144 99 158 0 207 217 117 87 149 213 101 171 164 228 166
190 125 224 77 233 63 204 198 63 197 80 122 63 81 166 142 84 233 197 136 118 147 69 240 148 83 78 133 85 125 126 86 165 211 79 135 91 189 111 85 159 128 210 187 69 62 199 127 92 178 186 88 195 168 173 109 195 161 188 100 118 211 65 186 120 161 115 124 153 167 161 233 80 209 171 112 178 172 101 80 207 109 149 146 235 153 105 101 107 114 139 124 61 183 151 97 178 215 233 108 185 237 108 195 226 174 186 177 107 0 236 70 69 215 69 136 63 224 195 61
73 142 72 231 149 230 100 228 183 85 123 147 218 171 96 229 78 128 146 198 116 204 94 173 151 67 144 97 71 157 217 93 72 101 86 157 150 224 200 114 116 95 205 214 82 93 161 180 92 121 79 229 131 200 92 101 218 69 138 114 171 220 106 100 139 96 116 92 125 117 197 195 105 96 178 128 149 75 167 209 197 233 96 137 198 195 203 190 72 174 117 146 179 143 104 150 159 102 147 176 126 209 221 144 210 229 80 113 154 195 0 169 76 141 177 72 198 207 206 191
162 154 107 202 165 199 175 123 79 65 114 231 223 122 218 103 173 132 134 150 176 109 147 188 191 117 137 113 136 188 176 89 146 240 62 109 61 182 91 209 114 116 230 127 95 200 111 210 98 124 158 237 121 187 229 63 218 237 122 236 218 217 100 226 97 163 93 116 97 210 154 126 146 180 129 155 142 86 152 183 185 66 166 177 174 214 133 158 93 202 187 104 129 67 164 88 148 110 218 188 139 235 186 239 160 177 240 165 97 82 165 0 106 113 219 151 170 67 97 209
174 183 194 181 62 182 113 114 150 198 144 60 175 130 189 118 222 113 161 164 133 63 197 212 148 112 69 77 61 102 183 116 140 203 230 60 133 87 147 197 160 77 189 96 75 84 187 227 156 86 101 119 235 63 151 215 130 139 104 179 144 86 122 220 200 202 152 172 190 96 135 229 188 156 223 217 197 157 101 180 181 197 236 219 206 235 233 187 236 114 118 78 93 231 207 108 180 79 68 62 153 158 176 209 113 154 130 148 187 223 231 106 0 193 91 86 84 127 97 90
96 145 222 148 60 158 101 200 172 199 183 218 212 76 157 126 164 178 228 233 100 89 227 237 214 228 149 71 131 184 87 116 95 98 72 84 229 76 235 144 103 104 188 89 80 206 219 75 168 152 125 150 167 141 64 89 235 81 90 216 145 169 209 153 162 174 207 235 119 154 183 96 102 119 207 97 121 118 214 214 185 179 133 153 78 106 204 174 236 145 159 206 103 231 139 235 73 77 171 196 196 99 125 74 110 218 105 146 167 233 217 68 192 0 74 163 111 134 82 180
108 175 127 127 131 103 182 154 205 207 186 177 177 183 184 116 70 226 69 77 197 192 174 118 161 133 235 91 94 144 62 97 178 151 100 74 187 73 220 165 109 203 153 74 208 232 150 117 88 78 185 205 165 79 234 217 194 99 240 65 118 156 95 211 94 80 200 77 169 70 60 138 211 134 71 201 161 119 163 112 154 74 198 122 171 82 115 120 77 69 181 220 90 172 65 149 238 62 233 123 103 65 200 111 115 91 108 235 90 126 205 87 98 109 0 106 125 144 79 70
217 145 153 157 212 227 218 87 237 187 147 166 108 126 178 164 101 128 152 221 133 234 106 67 90 123 140 141 103 89 159 89 89 140 195 75 68 105 69 91 86 172 131 233 63 165 222 160 130 165 139 209 194 141 89 225 210 83 240 87 173 102 112 90 198 203 69 228 80 229 125 106 212 61 128 188 148 156 75 65 70 93 73 73 100 152 185 162 193 66 216 92 233 206 68 234 210 229 123 149 94 160 217 191 216 94 162 171 224 200 209 151 191 114 144 0 91 141 113 238
236 204 109 184 225 217 104 120 134 86 178 131 191 132 80 229 210 143 214 142 133 135 181 236 166 73 97 109 237 177 169 66 119 110 183 114 192 188 231 120 180 190 230 148 179 223 91 231 130 131 135 152 118 207 222 88 152 240 120 210 198 137 206 145 79 203 111 94 234 201 136 100 185 176 171 65 239 149 169 93 174 163 111 211 175 187 103 159 67 119 174 128 219 190 77 126 172 127 88 200 87 191 109 148 162 176 131 190 172 94 82 231 139 164 133 156 0 126 126 67
234 209 104 212 125 194 215 87 104 172 162 221 171 134 231 209 185 112 193 167 239 206 146 91 79 106 162 82 190 183 90 232 207 100 185 118 207 211 197 162 71 64 230 78 113 124 183 153 199 78 167 223 214 108 114 131 141 124 182 63 174 130 172 237 114 206 168 138 172 181 101 65 98 233 162 229 172 126 234 198 204 81 82 113 156 230 216 123 207 141 61 109 235 95 210 222 219 168 240 186 127 235 160 200 217 153 82 238 156 88 142 152 114 134 156 126 112 0 238 60
186 180 229 109 175 126 134 140 232 171 191 142 67 85 178 99 171 187 108 106 156 167 215 219 213 209 136 167 69 61 136 201 73 117 162 85 222 189 83 146 121 228 224 127 235 195 64 89 116 90 96 185 118 216 166 160 177 198 77 121 175 226 238 129 229 182 106 194 171 157 79 235 162 92 235 90 192 85 64 200 109 141 226 97 170 164 95 72 132 134 152 82 152 183 79 216 115 126 209 82 218 149 78 113 239 162 101 177 159 107 169 182 188 106 116 85 75 106 0 150
130 204 179 125 168 212 210 87 118 222 236 138 163 133 153 133 205 188 165 131 211 143 229 232 93 146 164 240 114 154 202 181 211 162 96 94 122 70 206 106 189 124 213 138 118 87 167 169 99 180 191 62 65 89 201 97 75 106 85 114 68 98 152 72 77 238 170 194 65 161 110 239 213 107 188 192 142 157 107 75 61 65 161 227 211 103 179 216 173 115 148 126 186 88 127 119 137 229 202 109 80 106 113 212 155 188 87 199 115 104 155 137 234 62 227 233 160 218 135 0
