140
0 15 6 20 13 19 16 14 16 18 14 8 7 10 9 16 6 12 10 12 16 19 14 5 7 5 19 13 9 8 15 13 19 8 17 17 18 11 20 5 6 11 19 9 14 12 18 19 5 8 16 12 10 6 11 6 9 12 20 5 8 6 20 8 5 10 7 5 7 11 5 19 11 11 16 10 10 8 16 9 10 8 15 12 19 17 6 14 10 14 16 16 5 14 12 10 8 20 17 20 9 13 7 5 13 7 20 9 16 17 19 5 7 9 16 16 14 13 20 14 5 18 20 7 8 18 17 10 14 19 8 7 8 13 12 6 18 14 14 13
0 999  424 765  381 817  306 462  272 737  425 775  400 753  288 731  210 292  428 688  387 732  253 717  88 285  147 457  187 251  140 195  220 669  231 549  292 532  276 754  328 754  113 369  496 633  395 897  202 299  295 348  236 671  311 420  284 332  300 552  266 721  317 495  299 581  120 347  287 432  279 666  224 296  394 594  132 466  536 849  321 595  385 640  381 812  471 507  91 453  406 605  411 796  169 337  427 934  163 611  322 794  442 894  217 466  263 305  221 718  370 600  317 493  284 642  223 722  475 620  461 629  403 864  218 643  289 327  416 834  121 393  516 759  116 355  350 652  230 688  235 730  225 465  227 687  394 744  368 678  531 876  181 469  497 870  335 449  320 797  278 369  392 848  269 680  234 570  406 705  315 767  252 599  321 478  305 600  336 826  469 944  294 682  375 646  285 528  96 565  289 585  291 649  203 312  189 355  349 590  360 520  354 722  201 281  152 581  371 606  360 792  341 417  163 293  360 492  337 428  224 347  172 232  290 436  361 784  335 446  494 994  367 751  465 648  193 389  248 504  453 705  352 576  369 517  352 839  270 491  139 400  344 639  272 581  406 820  129 331  370 782  405 900  314 802  365 739  381 596  252 741  385 891  226 524  297 766  195 570
0 277 259 236 223 225 256 277 136 257 163 191 70 138 80 88 203 164 191 262 142 75 232 132 114 163 197 164 207 98 237 237 131 97 89 181 71 172 87 260 273 197 199 216 81 192 155 109 177 146 173 253 132 148 212 198 123 171 162 225 229 221 141 205 147 84 261 101 220 173 117 72 80 131 165 268 90 277 126 242 261 266 186 197 277 143 89 275 252 279 238 205 185 141 82 147 264 111 171 237 138 254 195 118 203 239 148 76 244 158 120 95 210 224 101 256 149 250 97 154 266 218 278 144 219 115 95 129 255 94 260 197 266 152 228 231 116 115 121 75
225 0 157 140 254 188 99 218 217 274 254 184 250 176 107 92 225 173 106 94 254 84 137 78 121 192 70 272 226 106 91 91 188 195 273 268 112 83 238 198 182 102 231 231 152 223 210 209 155 217 107 79 100 168 171 227 190 100 250 190 250 197 163 275 189 148 166 179 78 158 246 110 240 279 130 175 230 230 104 140 211 114 105 132 217 258 268 140 201 81 176 224 110 211 103 86 95 216 182 135 214 213 78 277 82 223 145 118 255 84 238 171 111 81 184 252 167 166 139 223 202 124 178 251 111 261 75 75 256 218 189 125 86 130 85 222 259 138 145 126
182 241 0 102 199 201 107 141 188 261 191 137 249 143 217 197 83 115 160 266 131 127 203 193 198 215 81 259 203 108 214 139 149 178 152 79 107 135 76 93 274 167 194 88 193 93 216 90 275 168 106 238 219 94 115 127 117 142 201 139 149 153 107 237 76 72 246 244 160 230 177 90 117 254 92 78 130 265 151 267 71 211 72 84 137 238 244 163 147 236 259 168 124 131 161 178 160 112 253 95 202 75 89 71 96 184 244 222 213 193 164 206 177 168 82 215 148 111 80 279 185 159 147 157 177 253 226 140 121 264 105 223 188 112 259 260 118 148 112 205
141 260 80 0 175 100 241 173 150 216 83 129 187 179 111 175 124 269 250 170 94 91 133 140 240 97 107 249 234 155 271 210 168 107 255 191 223 204 190 92 215 145 168 261 125 133 238 219 105 141 163 90 279 188 193 70 142 260 190 223 243 246 267 170 73 233 113 122 258 278 260 264 151 260 74 161 233 79 88 116 252 153 216 156 114 210 265 271 139 80 272 137 225 97 233 103 279 118 155 206 240 173 160 110 239 261 238 144 215 231 264 175 109 277 147 280 263 77 86 247 252 263 100 154 204 223 234 221 82 112 168 244 236 162 132 95 224 84 131 187
95 275 256 252 0 215 273 167 248 209 261 198 266 236 218 232 174 93 248 210 80 87 159 214 262 133 222 115 150 180 172 239 119 192 200 258 167 162 203 116 247 120 166 157 253 144 86 202 113 235 102 236 212 93 260 193 100 186 184 116 174 257 83 121 86 71 169 184 239 91 201 190 110 257 133 180 257 161 159 275 107 203 120 157 78 123 126 247 241 259 147 96 252 231 273 188 217 162 147 149 208 253 265 103 153 155 183 176 241 203 257 163 231 99 142 252 263 70 169 238 165 271 270 88 109 88 179 194 179 123 190 103 139 163 77 96 137 268 211 177
184 113 81 170 184 0 252 189 103 95 133 192 182 219 96 199 147 139 119 216 174 141 116 189 245 85 74 100 127 197 102 122 139 272 215 203 161 126 237 201 188 256 276 194 271 86 164 246 146 227 123 125 217 220 236 235 104 264 73 235 183 138 159 107 197 200 203 165 200 212 189 107 106 145 277 160 189 162 183 128 212 216 92 124 125 174 136 189 157 108 119 259 201 220 218 111 241 248 158 134 238 138 226 94 242 93 146 136 238 150 71 110 245 125 71 163 208 229 276 276 205 159 168 235 148 202 125 85 138 119 175 133 75 219 253 138 240 237 212 105
232 265 74 250 189 237 0 200 233 137 267 196 122 263 166 247 114 126 228 188 273 212 89 278 82 263 278 273 130 86 116 178 225 143 160 203 150 264 266 91 251 170 273 131 147 162 173 220 111 163 116 263 116 223 144 272 113 85 222 101 100 71 255 205 256 159 243 204 207 145 222 86 232 254 209 230 113 85 269 184 275 92 229 238 152 194 100 180 169 113 274 202 86 274 234 80 195 259 166 201 176 223 151 149 167 102 79 175 71 123 263 271 257 207 157 191 199 118 214 224 244 261 101 154 266 277 73 216 162 124 265 225 110 196 198 141 277 237 155 249
248 215 73 71 268 121 139 0 279 235 182 236 94 199 266 211 116 238 191 172 73 249 97 259 181 204 154 199 216 205 198 218 109 227 240 160 97 133 203 188 84 253 259 95 99 217 82 220 144 248 249 130 135 205 230 75 146 151 110 239 217 206 185 211 182 162 147 228 229 136 186 252 168 141 169 194 202 207 138 96 142 155 92 161 217 81 97 233 122 143 267 240 228 126 265 130 272 79 215 149 225 99 241 112 249 150 128 147 181 118 147 264 277 279 273 244 160 141 97 87 84 246 237 250 92 201 119 92 110 208 177 231 275 196 238 74 160 270 280 216
221 266 251 185 83 230 247 91 0 144 222 261 219 201 80 78 84 195 240 205 95 125 83 161 155 159 106 176 165 247 96 277 89 226 130 112 174 202 261 189 216 275 210 81 146 195 95 169 172 233 156 97 274 106 137 95 125 262 71 92 184 179 239 195 262 260 193 251 83 228 240 169 251 191 134 225 131 237 136 264 197 260 168 108 170 87 240 241 113 113 135 179 74 277 228 220 88 105 243 90 221 251 131 139 155 89 169 183 90 83 100 256 161 213 142 157 261 90 227 195 134 243 206 263 155 160 142 102 142 129 78 143 75 277 165 180 133 254 157 206
161 101 205 129 144 83 77 216 279 0 180 140 97 126 78 81 278 167 129 90 161 146 103 127 216 100 156 137 233 254 96 272 219 194 276 90 222 149 104 151 99 270 166 251 186 222 217 256 81 211 223 168 106 267 219 193 91 149 251 206 249 119 226 139 257 253 174 133 217 101 222 78 277 161 169 192 169 72 193 233 225 161 109 204 95 262 83 258 149 248 212 104 265 220 97 187 268 217 275 106 174 225 93 82 235 188 133 130 117 272 227 91 224 258 182 85 177 111 135 193 180 74 170 188 85 116 202 85 166 234 118 133 148 94 148 194 252 156 189 90
258 220 269 195 135 121 129 94 242 154 0 130 82 268 215 196 117 231 76 242 242 256 207 219 104 85 209 156 89 165 76 91 123 173 104 207 136 72 108 75 257 115 79 242 143 145 237 155 264 163 176 242 274 170 231 91 176 210 126 180 145 87 101 191 181 111 256 135 274 137 78 246 200 103 104 118 88 255 222 244 182 80 256 243 198 202 165 85 70 217 253 200 273 238 116 160 240 139 253 260 265 203 92 226 249 165 165 229 279 136 135 107 98 209 112 268 228 270 204 208 147 109 129 87 267 257 125 175 262 208 254 188 171 272 113 113 251 276 196 124
100 177 206 129 112 102 80 104 97 244 256 0 125 89 157 223 183 169 156 109 155 79 232 252 149 234 71 175 128 268 206 216 127 127 97 255 76 194 210 203 150 136 132 230 198 166 177 121 155 177 165 216 176 100 233 214 233 125 131 255 240 153 140 236 96 175 260 121 275 257 139 255 235 240 174 187 217 182 207 222 96 154 92 154 134 73 253 83 72 150 263 113 216 181 127 124 210 138 93 93 266 249 113 276 186 198 251 189 193 242 273 208 180 199 80 86 257 212 83 185 146 121 252 165 213 267 182 198 81 280 178 160 87 147 174 119 86 269 193 118
188 273 133 266 220 261 262 94 250 112 154 243 0 111 127 232 75 118 261 195 124 261 201 276 78 229 253 84 200 164 213 232 107 161 244 119 93 223 244 166 224 204 92 214 119 168 134 127 81 242 264 74 240 232 148 212 190 190 233 138 95 270 148 259 263 168 268 250 82 122 70 183 176 117 211 199 118 161 257 266 108 81 249 185 160 79 201 233 146 240 250 191 219 81 237 105 234 81 237 146 138 235 157 214 107 90 87 108 187 109 179 130 182 262 78 119 197 146 237 106 218 212 259 100 144 93 220 122 214 185 91 125 70 98 172 167 261 89 178 161
217 250 247 196 204 84 118 108 154 153 261 207 143 0 149 156 132 123 168 269 178 245 164 204 278 215 228 143 226 122 268 154 249 131 183 86 127 280 89 222 203 207 208 115 233 103 131 94 274 115 75 135 229 200 88 212 186 225 189 148 263 197 166 174 73 94 169 142 245 75 221 251 277 161 77 149 180 121 253 183 71 130 207 231 275 228 275 144 91 200 187 137 183 248 95 164 90 238 115 220 84 75 220 116 237 251 195 199 107 273 244 179 246 82 152 240 100 76 109 255 262 215 115 178 219 78 278 274 96 264 178 208 249 117 128 130 155 71 211 206
136 218 77 93 210 104 104 165 199 136 93 269 233 91 0 115 108 176 86 190 235 189 264 227 182 95 254 249 193 101 144 110 198 254 259 238 188 231 236 93 270 81 129 82 123 228 160 111 243 208 109 256 101 156 198 151 226 204 74 187 106 242 177 214 144 150 97 181 152 186 261 72 261 211 110 185 98 129 214 150 159 220 107 162 247 243 87 109 255 209 88 199 139 268 264 108 144 184 216 117 140 144 101 274 80 158 173 108 264 205 190 75 93 70 246 222 88 246 99 164 232 215 144 96 167 75 166 79 177 190 148 132 110 111 73 187 234 91 224 110
147 123 175 166 110 85 112 144 216 207 205 197 108 226 193 0 131 170 149 244 245 264 86 262 102 177 108 137 271 156 272 208 167 257 250 102 115 130 246 203 213 103 84 160 77 146 242 220 146 104 212 187 138 184 139 151 183 226 136 133 206 246 258 194 76 117 134 132 264 244 190 259 139 230 80 176 109 76 241 238 218 110 90 242 104 249 72 192 201 107 202 70 95 246 266 275 129 238 243 76 115 122 184 212 218 157 274 126 204 133 225 160 99 210 138 250 268 226 168 198 210 82 251 170 94 95 163 265 280 238 250 172 194 95 175 201 116 275 244 166
103 146 154 276 137 75 129 97 96 76 175 99 268 172 109 170 0 205 157 165 171 218 276 204 187 208 146 166 136 268 246 84 237 163 83 81 132 111 72 232 122 76 150 87 134 235 188 88 118 85 157 223 179 258 177 268 221 252 271 98 105 125 126 98 240 136 100 196 137 218 146 98 111 214 184 124 167 197 111 189 87 160 109 240 123 182 74 211 205 169 226 89 205 211 241 270 166 186 85 105 190 136 259 253 266 259 154 194 86 129 197 115 256 192 91 206 135 234 257 240 138 82 117 204 111 220 124 221 138 273 279 148 186 239 212 100 196 205 226 86
249 124 183 271 237 111 229 212 79 180 149 142 240 231 190 242 245 0 153 162 152 173 102 238 178 162 196 259 199 225 88 87 161 89 110 234 75 137 230 205 210 156 116 170 127 144 101 83 125 189 102 266 84 256 72 156 114 175 194 130 266 212 89 132 181 87 143 213 116 236 224 206 125 73 268 84 177 140 178 86 144 153 195 270 241 258 174 204 163 133 221 195 241 263 121 138 139 93 223 159 119 271 112 272 113 232 244 239 99 158 88 190 138 227 100 235 196 83 75 261 213 153 138 227 224 154 211 272 255 255 278 242 188 89 133 98 156 168 114 255
268 264 264 70 257 175 193 167 204 153 93 237 260 235 251 235 223 109 0 116 247 172 148 262 83 70 171 187 85 151 205 122 265 227 265 206 83 97 141 240 162 244 203 81 278 77 101 177 133 87 268 176 170 103 207 168 260 93 265 112 170 237 170 162 174 269 259 253 177 104 147 100 233 123 197 237 80 150 267 102 98 143 111 145 199 71 131 77 260 177 182 197 224 137 186 149 141 207 71 112 78 169 179 169 192 165 278 140 98 240 216 115 113 268 198 165 166 145 222 120 165 246 238 114 149 207 252 95 187 201 154 229 112 183 188 264 88 112 72 208
175 268 224 162 148 201 88 140 226 155 85 222 150 86 270 127 162 73 240 0 95 81 225 258 256 220 182 248 192 273 210 126 261 197 81 217 234 188 83 247 135 186 79 133 202 165 177 87 269 108 193 221 186 198 91 230 124 193 147 114 111 191 117 84 271 124 153 72 212 148 237 145 165 211 246 196 211 82 189 91 235 237 120 105 125 195 205 111 118 137 78 276 273 93 163 104 279 236 89 167 256 255 151 232 140 93 102 274 134 171 97 78 152 171 217 89 180 232 177 201 145 149 122 245 189 171 186 132 108 79 100 177 220 120 89 120 185 178 153 113
236 250 158 190 237 178 188 91 165 214 243 202 100 100 134 155 207 70 242 123 0 199 154 71 193 256 264 85 266 225 265 160 280 183 131 192 178 141 264 225 88 113 138 190 182 266 195 253 197 215 145 277 162 181 166 247 172 89 219 255 274 187 124 277 102 129 116 180 252 135 226 223 107 111 243 157 201 173 211 165 117 200 138 223 195 79 256 111 259 157 249 260 223 186 148 140 82 124 266 73 124 231 257 115 207 127 147 256 98 277 232 242 210 86 197 120 217 204 254 89 190 230 129 70 194 266 128 202 267 267 162 131 163 235 144 229 182 184 166 254
89 261 280 144 190 105 240 102 211 173 219 122 194 180 108 266 160 88 79 142 217 0 195 118 190 96 70 261 145 174 217 185 143 277 176 199 100 154 211 149 174 245 166 122 213 214 138 233 229 183 261 262 83 70 144 194 262 102 192 258 225 74 122 237 268 260 190 256 250 187 244 271 179 152 277 215 259 176 129 210 138 194 106 98 218 219 134 208 195 78 212 100 145 141 168 145 216 216 200 161 195 74 101 240 169 176 219 257 87 114 94 76 184 191 224 104 134 225 214 219 95 88 97 227 201 199 111 253 156 207 166 83 278 80 139 221 123 163 234 82
193 93 190 91 231 144 252 120 230 118 99 70 209 132 149 208 246 130 118 251 157 168 0 222 187 274 141 166 103 88 176 160 224 90 99 144 127 134 249 278 112 186 254 206 189 207 228 268 168 103 168 121 196 234 169 244 238 201 228 205 88 157 234 191 82 105 82 78 146 252 166 148 113 277 263 229 130 113 134 113 189 222 244 184 172 87 109 132 187 276 148 237 203 266 272 106 142 128 262 223 261 247 160 184 225 145 276 255 254 177 108 126 217 214 171 81 207 138 114 91 113 226 200 256 143 220 213 104 187 124 138 238 99 178 164 201 258 129 277 265
77 103 211 208 262 85 218 95 263 275 134 173 268 203 265 245 244 242 196 147 70 197 188 0 232 97 203 110 89 190 147 120 164 196 117 247 80 153 224 92 101 76 262 110 235 124 112 78 81 242 117 154 222 196 115 159 103 160 247 181 120 228 211 161 123 123 121 234 220 185 260 161 168 136 191 259 266 231 262 265 234 251 170 78 222 194 138 138 70 257 177 71 221 129 205 219 213 82 244 138 241 238 130 97 261 177 278 150 76 189 159 142 243 158 269 122 125 104 83 250 266 110 185 141 127 197 215 152 195 155 198 195 90 71 215 258 90 148 256 177
183 262 227 73 138 104 257 160 106 102 240 80 206 156 149 193 98 230 136 250 200 195 72 184 0 135 272 190 277 163 75 167 171 106 179 120 173 211 93 93 240 168 78 271 101 180 271 177 75 250 72 224 188 171 192 221 177 192 269 252 104 93 235 89 182 147 243 97 211 280 85 112 192 118 160 185 261 115 194 249 81 140 103 92 157 186 231 185 97 274 129 112 204 87 122 131 166 141 162 228 146 221 131 194 185 82 213 199 151 72 267 86 259 124 85 133 240 209 173 80 242 130 165 159 85 151 138 128 157 200 164 176 231 257 256 228 176 200 253 159
139 195 188 128 84 87 101 85 178 253 87 278 116 154 246 127 98 197 178 163 249 274 173 256 156 0 95 227 104 194 207 244 101 224 131 164 265 270 210 189 177 271 224 136 158 121 222 265 142 254 148 211 185 199 106 228 271 174 269 217 149 223 187 254 249 137 185 102 242 254 127 208 150 245 74 177 162 242 174 280 127 274 104 181 183 148 258 272 264 106 119 250 209 198 150 222 153 252 231 98 278 248 145 214 142 257 138 187 118 127 201 278 280 252 146 190 272 247 78 166 170 135 193 233 181 238 97 153 173 228 241 114 133 272 147 207 211 203 232 168
206 154 160 262 184 74 211 98 89 243 248 74 198 107 216 271 166 104 93 256 211 184 255 155 118 171 0 199 167 247 114 155 193 206 271 196 256 86 118 193 219 195 130 70 101 225 276 128 90 214 267 191 156 172 136 220 118 234 253 142 88 242 277 97 88 103 135 154 276 249 111 127 261 114 103 235 135 157 240 115 192 125 188 187 228 174 147 263 190 99 235 150 211 273 101 279 157 70 173 79 226 168 169 204 111 246 208 262 138 166 150 86 170 172 178 209 226 208 197 118 181 229 232 219 77 239 154 167 265 208 166 136 220 163 83 90 168 174 176 246
254 181 190 266 246 228 172 210 227 246 195 82 96 175 137 216 131 196 183 102 259 151 230 122 240 114 153 0 158 155 243 202 193 170 149 229 217 185 167 226 107 210 106 80 176 279 202 84 235 122 142 161 92 191 72 133 127 214 70 144 229 71 133 262 278 172 257 186 196 109 180 162 251 117 159 256 211 257 98 147 264 153 79 175 82 247 269 170 87 223 214 247 142 106 257 227 204 275 264 109 118 272 178 108 83 212 140 275 233 164 120 175 277 169 200 91 149 178 251 126 70 239 279 102 114 152 224 129 198 77 268 113 138 109 279 93 241 100 191 99
114 109 213 156 157 80 276 217 197 132 260 144 168 93 254 181 78 243 221 252 122 141 212 150 230 210 233 275 0 237 168 179 147 279 252 254 143 217 86 133 78 93 164 102 123 232 94 70 197 144 166 255 198 205 261 191 274 146 176 206 169 139 86 234 231 225 110 106 270 164 259 115 77 86 123 145 119 158 223 117 169 156 82 117 70 81 254 194 174 202 80 187 94 131 160 109 140 96 166 175 204 162 251 121 108 277 105 98 222 263 266 146 240 84 169 236 279 249 121 204 266 258 232 253 222 236 179 104 223 142 130 186 237 121 189 152 195 246 199 236
260 101 118 76 226 229 191 266 234 151 256 243 96 225 140 255 84 191 90 104 79 101 217 185 265 75 198 219 190 0 235 72 78 222 197 126 198 159 227 272 124 267 177 209 153 273 70 113 135 279 102 207 271 253 138 167 246 153 166 164 124 212 163 178 85 269 185 114 276 93 197 169 191 107 94 249 154 149 224 125 276 196 223 230 268 80 221 171 85 263 240 200 148 165 215 90 89 157 78 191 80 225 234 174 155 188 268 94 111 262 158 126 223 197 250 221 107 192 185 242 160 178 111 216 223 233 245 91 95 155 80 142 102 269 214 223 210 235 193 209
204 200 260 148 200 185 86 252 88 153 201 123 110 170 151 196 278 80 240 234 264 103 185 163 87 87 177 259 225 73 0 172 176 222 143 159 253 230 105 237 184 235 71 263 113 264 252 276 132 79 209 96 273 201 118 115 75 132 104 101 131 236 235 115 165 200 258 151 270 234 133 249 148 152 174 243 233 249 249 169 271 85 217 88 78 101 74 108 178 171 275 214 169 101 142 278 217 234 109 226 96 192 246 130 227 213 228 164 229 141 177 112 133 259 197 92 96 71 126 237 218 72 175 171 263 194 112 236 217 77 122 222 192 239 120 114 267 214 219 184
112 74 152 106 153 185 276 195 152 201 87 187 105 198 123 169 220 140 120 74 176 78 230 88 173 244 166 88 92 110 170 0 245 140 168 158 160 165 203 266 134 203 266 93 105 254 218 204 111 155 165 251 252 187 190 167 125 268 267 272 185 266 166 164 107 227 76 217 90 228 133 109 108 91 128 133 141 169 223 184 138 174 124 102 166 222 188 179 279 133 276 266 208 278 255 222 79 140 148 99 258 142 259 122 103 201 226 242 180 203 240 237 72 147 151 130 141 208 114 165 76 194 215 84 107 117 156 202 79 255 109 156 220 99 250 171 194 78 267 92
226 213 89 161 72 223 99 127 185 83 209 218 237 77 228 109 187 217 95 230 122 198 75 196 73 204 137 241 102 154 124 163 0 239 169 91 174 155 162 120 221 223 167 267 104 231 211 137 244 261 274 115 271 273 203 238 148 147 89 80 87 150 141 137 269 194 169 254 237 120 218 139 156 170 274 269 103 261 120 261 83 72 266 139 102 130 197 70 127 262 124 133 104 245 163 231 192 240 259 277 116 241 265 127 173 94 183 143 90 244 136 260 232 177 187 267 109 139 159 85 269 231 239 98 174 128 198 124 278 100 126 126 125 101 151 183 98 107 212 119
112 269 227 123 99 229 273 160 92 234 142 112 217 251 278 259 124 262 178 214 261 192 83 227 236 272 189 252 242 242 166 178 194 0 240 228 145 279 217 280 251 79 205 102 208 195 92 130 132 129 241 202 177 180 129 274 94 272 234 119 132 203 111 97 109 234 106 226 86 274 159 157 162 253 134 223 246 275 233 252 142 176 219 101 102 70 79 165 217 237 108 93 261 270 229 260 269 152 110 234 116 164 212 275 132 187 80 125 128 193 279 89 95 111 177 100 187 96 90 266 232 239 131 73 241 223 89 71 255 125 216 89 124 165 90 221 112 202 151 254
248 235 273 101 211 126 131 274 253 161 185 256 279 262 140 88 78 238 242 279 211 118 193 180 267 133 226 246 124 124 141 78 244 276 0 92 208 220 236 174 141 205 256 269 228 222 108 268 131 116 264 104 148 221 134 107 152 167 216 111 188 166 278 168 113 137 139 84 81 102 193 215 205 139 82 103 175 188 211 228 124 123 232 126 268 172 135 169 270 181 156 101 213 231 180 135 259 209 132 175 229 142 158 103 113 241 223 277 270 140 266 188 155 93 262 73 262 156 138 79 117 92 110 187 257 260 251 259 160 240 133 95 243 183 155 128 87 131 79 120
236 164 263 144 256 174 177 161 255 93 83 226 197 139 92 183 254 159 136 219 114 184 268 221 123 133 197 235 224 76 249 125 245 104 105 0 169 218 213 139 147 234 126 192 170 96 250 86 74 143 229 225 273 175 118 185 129 270 222 138 140 144 100 270 112 72 87 235 207 195 261 200 173 238 93 190 86 139 86 216 197 239 218 74 272 183 119 233 108 193 194 163 117 157 231 244 80 193 110 147 239 231 243 195 207 73 96 164 184 212 115 120 73 143 219 165 156 96 99 241 269 234 193 91 257 169 72 100 90 149 274 234 88 239 94 237 250 138 184 155
107 159 189 251 195 174 260 262 115 200 106 225 236 94 190 81 72 210 145 215 102 268 112 89 88 73 76 129 128 72 90 163 111 88 80 245 0 164 243 248 199 93 116 88 262 245 178 161 172 165 107 179 259 128 105 206 131 201 189 134 158 158 77 94 167 144 261 140 235 259 248 171 117 256 158 134 142 138 210 205 94 275 91 198 80 157 134 188 135 151 122 171 122 260 169 128 179 180 79 205 133 102 175 206 256 232 91 95 196 107 107 236 248 239 141 253 188 215 159 113 247 189 274 93 195 237 107 226 200 259 135 261 219 142 105 123 119 241 115 162
100 144 262 179 206 80 103 190 132 272 112 248 250 90 257 110 224 102 215 215 90 103 76 115 265 94 224 93 89 170 143 121 75 205 100 170 114 0 261 116 134 88 86 179 74 93 246 118 263 101 162 73 107 184 81 259 234 230 166 246 134 213 231 118 213 209 271 208 161 123 176 214 261 252 215 111 256 271 70 243 141 120 87 71 198 195 79 116 159 239 170 144 105 155 94 266 192 104 189 178 125 89 245 276 163 151 79 223 196 109 257 196 81 72 82 130 128 160 115 107 193 249 229 75 155 159 245 217 183 253 134 278 270 187 186 151 221 70 269 267
227 135 175 268 158 140 198 89 213 109 121 221 83 252 138 161 254 272 233 113 154 225 102 73 119 85 141 151 133 232 241 135 243 157 194 155 112 241 0 243 221 243 254 211 171 144 179 112 88 73 263 122 216 153 140 177 82 73 94 76 163 223 119 116 87 125 189 199 130 171 195 134 232 184 131 279 258 70 222 266 224 99 232 279 152 218 195 245 255 221 225 81 153 81 258 116 255 189 266 70 195 157 81 246 273 138 153 244 235 114 277 198 145 253 80 233 189 195 233 242 250 120 189 87 147 197 98 171 94 255 156 219 166 167 88 220 211 193 192 199
91 243 142 140 113 248 110 134 270 96 231 211 218 206 159 147 103 252 154 186 77 200 219 90 138 229 247 156 224 158 221 156 178 161 145 266 90 79 173 0 244 90 108 96 78 113 87 99 236 275 92 85 205 210 143 182 209 224 207 170 121 275 254 99 252 115 261 245 191 248 227 181 203 246 80 210 118 85 271 250 191 109 91 127 116 104 253 132 230 152 229 202 140 264 207 253 181 243 137 156 135 194 110 241 147 175 118 105 144 205 184 72 217 114 95 104 160 176 147 222 226 252 181 101 208 74 137 167 246 230 92 93 185 232 145 258 97 269 101 231
156 109 86 276 181 234 188 164 158 122 143 172 149 177 88 164 97 208 83 179 209 123 220 184 232 279 131 227 228 218 204 92 127 121 243 102 159 145 199 208 0 151 171 123 137 191 130 267 103 188 87 208 77 204 166 200 72 96 111 211 123 241 276 208 81 135 204 279 143 100 100 182 163 72 106 196 150 240 196 158 221 170 93 231 124 82 245 201 187 74 73 225 207 147 260 189 230 178 265 186 220 150 216 85 192 197 113 204 245 275 262 216 233 229 256 152 162 278 85 277 101 148 107 216 96 169 146 170 230 108 199 108 277 126 71 170 250 207 82 87
164 136 154 89 248 110 231 200 149 231 121 213 104 243 269 81 103 171 176 231 133 199 73 196 246 221 130 276 175 120 210 129 153 197 77 84 76 176 84 153 204 0 241 224 108 146 232 71 80 184 142 97 128 84 234 178 149 235 155 143 135 166 106 150 159 152 96 211 160 179 274 257 159 117 166 94 78 101 267 270 241 268 88 235 196 163 250 262 82 159 163 217 279 225 92 174 192 89 94 173 206 162 123 259 152 123 225 180 243 105 199 256 96 181 176 110 267 279 119 192 132 137 237 199 94 252 81 248 270 253 129 200 255 253 226 200 95 175 126 260
261 276 255 99 88 194 82 138 136 101 170 251 202 259 277 220 167 89 230 144 83 115 188 259 150 165 114 248 274 102 154 223 136 280 230 193 109 213 123 248 140 162 0 254 184 145 243 228 156 148 196 270 108 237 132 124 114 135 243 202 155 210 248 240 178 239 148 190 230 274 106 181 104 158 207 262 228 152 95 221 129 254 94 268 217 125 170 121 188 187 207 143 226 159 220 188 145 219 97 164 108 74 265 278 154 270 150 176 149 237 197 135 104 161 174 104 242 261 216 123 143 227 252 91 157 228 100 112 137 213 161 102 185 194 240 99 177 83 204 199
135 115 139 235 260 258 128 236 135 213 183 239 145 273 107 82 169 275 159 183 168 224 227 104 107 131 279 184 250 263 218 114 102 84 274 125 241 246 164 157 126 280 147 0 196 120 166 93 134 89 152 147 217 110 274 220 82 194 214 245 203 79 179 247 124 121 220 238 203 73 273 131 131 269 224 259 261 205 211 278 239 119 140 82 251 184 102 237 185 102 177 185 246 276 207 100 175 223 141 160 137 147 181 200 160 176 255 126 210 103 149 260 72 158 245 198 183 224 78 190 79 127 168 245 141 93 217 104 239 123 81 146 274 268 133 71 277 77 241 172
259 264 109 135 227 211 103 172 217 101 168 174 280 73 277 168 139 84 277 144 275 213 130 82 130 249 224 72 196 124 80 71 124 110 209 134 200 217 100 209 82 207 280 164 0 73 264 84 122 216 232 105 127 248 258 85 172 160 218 125 177 73 232 242 70 275 179 90 179 270 217 101 122 155 266 222 83 190 269 209 275 275 265 89 102 119 127 87 213 253 247 196 147 236 261 185 100 120 280 172 154 178 207 232 224 118 125 145 156 252 137 90 280 119 255 88 88 79 226 110 85 233 232 256 135 110 234 178 223 157 253 202 77 223 230 147 75 168 245 121
135 137 90 279 95 237 98 102 210 180 258 278 278 259 78 148 161 272 183 151 70 223 217 135 168 172 262 185 193 136 191 277 146 74 223 210 253 73 191 76 276 206 77 258 213 0 182 114 179 248 89 235 140 244 105 108 109 227 80 217 219 152 114 171 144 105 163 164 217 151 254 222 141 227 176 253 115 114 197 266 217 77 270 152 224 211 177 122 89 240 136 104 217 98 204 189 231 131 164 186 165 79 129 112 253 144 239 92 266 223 135 133 228 82 238 167 179 178 127 219 188 115 271 162 183 112 221 160 111 197 85 73 116 101 138 240 141 78 222 247
83 137 193 154 209 187 157 221 176 182 105 93 114 78 276 248 124 208 259 269 70 196 158 139 153 178 192 129 97 159 117 94 144 246 147 278 171 79 242 149 226 156 279 117 130 190 0 97 238 137 232 136 162 196 248 198 78 233 172 135 133 266 259 219 71 247 181 221 265 250 271 118 72 157 190 131 239 146 211 154 133 81 144 147 256 156 117 164 108 201 198 270 228 262 253 172 263 277 258 228 105 257 272 78 186 207 186 180 139 202 208 151 146 261 191 158 90 249 254 219 172 223 158 276 105 89 222 237 128 215 81 211 255 172 205 92 104 250 111 227
275 98 233 186 113 209 100 118 205 133 74 244 198 201 142 209 149 269 155 94 139 249 204 102 271 262 239 218 187 93 274 149 71 251 249 225 70 258 108 138 239 249 276 113 162 161 201 0 231 72 248 252 260 176 185 246 257 75 172 148 251 73 200 79 272 266 147 223 116 79 214 208 99 82 191 273 269 139 218 182 244 249 96 179 100 171 138 250 256 269 137 188 185 136 132 262 152 240 92 232 239 98 268 95 127 158 114 262 258 129 270 273 114 267 262 109 175 220 177 180 127 197 101 73 81 198 123 216 246 138 235 250 227 99 85 162 180 179 194 148
75 92 257 251 99 119 135 73 193 171 71 185 74 149 165 193 274 186 278 76 111 150 143 123 138 194 178 156 227 89 199 141 157 93 165 213 202 119 145 86 97 218 156 150 118 229 221 124 0 136 177 154 226 130 198 280 262 268 246 248 271 159 102 95 231 88 227 238 153 208 127 233 103 203 235 120 204 140 149 255 133 102 270 127 222 135 159 245 175 238 226 215 218 178 85 84 121 159 115 164 122 204 162 205 122 115 136 235 234 190 186 96 145 274 224 181 80 279 138 222 237 165 234 259 118 196 187 159 159 212 122 86 239 198 250 269 145 213 117 152
110 169 273 222 165 121 114 267 227 186 98 253 277 128 259 258 114 234 209 164 169 177 134 269 244 164 241 148 262 197 70 167 260 73 188 71 210 259 95 126 105 154 149 122 70 140 135 244 91 0 272 126 242 119 135 121 226 83 100 165 221 168 218 114 267 103 86 199 107 129 276 191 214 103 212 232 122 249 280 151 85 111 229 238 165 143 256 92 130 110 177 142 153 221 176 184 250 149 111 231 116 107 137 185 226 121 121 205 236 218 122 262 216 144 98 260 132 183 108 269 133 142 177 222 158 81 249 77 193 240 113 132 276 105 111 90 106 128 237 265
165 106 142 258 204 216 85 91 223 244 257 200 95 117 201 225 247 210 266 150 73 246 258 174 146 278 279 164 279 263 205 154 137 211 272 262 127 185 203 182 93 171 251 198 211 175 225 258 94 227 0 124 114 222 180 73 244 117 70 116 107 148 180 223 146 254 136 90 190 252 198 82 249 135 123 223 208 217 70 232 182 186 207 81 212 72 89 235 275 120 84 220 110 271 179 212 198 135 176 207 251 265 258 239 241 118 255 143 270 280 184 104 99 182 130 262 92 177 223 151 191 108 156 212 239 185 205 175 174 99 119 133 174 141 195 119 240 266 175 75
176 86 172 103 108 244 265 120 139 116 251 161 93 175 171 184 229 170 151 262 107 73 170 150 141 165 179 170 166 273 129 226 228 247 137 157 237 116 208 137 267 77 164 74 80 214 81 83 83 179 170 0 234 123 95 210 268 180 173 73 121 268 81 240 219 251 127 171 78 83 262 201 249 74 161 162 198 102 207 123 104 122 208 141 116 256 233 219 215 221 270 243 209 175 109 214 279 147 198 71 267 177 167 190 274 185 85 187 247 228 159 277 184 265 173 257 122 248 268 238 92 93 241 115 166 153 134 191 260 133 236 230 262 154 119 268 223 190 150 75
72 100 257 218 221 237 130 242 224 109 148 105 117 102 236 172 179 273 173 190 188 81 255 124 223 257 149 237 138 246 184 279 81 191 276 113 213 195 152 133 202 191 205 90 131 178 102 256 88 279 134 252 0 153 111 254 119 263 242 184 82 83 84 123 153 157 156 269 180 231 275 249 89 231 208 177 160 275 185 242 134 78 88 241 158 97 89 237 85 196 92 71 101 77 106 229 200 253 210 139 72 172 104 257 204 240 183 249 157 256 247 170 74 102 279 264 214 260 164 233 206 254 139 133 252 260 150 227 93 138 246 226 81 119 140 79 152 128 175 193
260 123 262 79 145 278 91 180 115 78 254 98 90 116 178 174 109 151 84 71 228 233 225 142 176 268 241 109 207 119 254 137 243 109 87 115 221 86 117 251 78 241 132 258 131 243 159 123 215 187 76 107 168 0 87 227 273 140 173 122 274 216 254 135 88 196 204 176 124 239 137 268 164 235 202 146 263 207 229 147 204 194 73 167 74 259 197 180 97 88 260 238 139 227 72 181 189 100 253 130 196 197 112 73 88 227 155 222 87 190 91 195 258 138 242 168 243 209 232 250 172 201 101 108 169 107 91 163 125 79 265 88 143 200 209 161 234 182 212 108
265 177 266 240 89 229 79 87 234 248 206 76 212 248 182 122 100 97 138 172 112 149 146 146 124 264 213 251 206 263 269 76 123 228 160 151 265 211 195 218 148 114 191 86 111 73 171 244 151 234 156 121 222 123 0 274 204 86 216 179 237 146 243 101 98 71 219 164 162 259 273 222 242 209 162 109 133 187 158 242 184 246 143 75 153 167 222 71 164 242 144 230 159 147 139 185 84 255 160 109 279 145 254 238 258 196 180 88 138 197 215 75 277 217 176 171 169 148 273 184 171 273 106 206 129 255 218 252 180 185 122 124 170 218 171 132 227 127 204 82
227 90 206 127 216 215 188 169 232 244 174 95 131 188 94 139 279 78 195 158 189 167 110 79 176 99 220 276 237 190 112 194 125 205 280 102 148 274 75 144 109 122 244 209 238 106 215 104 246 90 74 148 108 88 134 0 75 92 113 216 254 112 181 239 226 251 221 140 117 272 242 223 106 185 148 250 135 252 272 241 212 253 130 209 152 243 175 82 99 146 272 246 148 138 115 129 133 227 115 186 238 175 117 70 269 265 148 206 98 245 132 231 190 279 133 163 135 85 198 96 209 174 137 164 118 280 275 268 128 183 76 234 202 269 105 161 145 208 263 96
159 170 132 248 203 206 273 192 95 92 249 143 186 149 129 204 162 235 102 191 139 120 280 182 159 272 110 244 102 134 264 121 186 243 170 83 204 223 148 276 251 256 147 125 96 184 177 252 100 274 76 143 184 131 124 177 0 144 134 162 232 151 221 148 235 273 180 251 221 267 199 96 230 92 123 72 177 108 280 91 139 202 240 137 237 183 202 73 150 147 244 278 96 120 100 186 233 115 157 79 190 160 255 108 71 161 242 166 255 146 276 73 149 251 169 279 124 183 95 216 150 250 278 179 175 245 180 174 138 81 148 212 190 251 262 182 160 256 198 92
118 111 145 96 169 241 99 240 138 246 157 76 163 219 107 216 197 170 180 165 86 253 153 224 170 125 97 110 200 136 239 130 162 76 180 142 245 213 167 131 260 135 115 85 278 137 88 198 226 261 224 98 203 140 108 192 201 0 89 183 119 269 110 234 127 253 169 78 147 232 128 252 169 72 93 147 215 252 254 120 88 138 178 158 70 91 199 221 115 114 152 163 214 113 280 93 214 191 182 141 255 119 264 76 191 202 105 108 90 109 77 99 272 83 144 93 181 218 156 93 267 120 88 154 89 117 198 125 87 200 201 118 176 261 197 115 102 88 180 208
121 215 165 230 243 95 149 195 216 179 217 107 159 164 95 177 225 135 198 246 182 270 161 245 136 142 223 250 211 129 225 84 242 158 156 180 199 92 171 131 97 109 160 150 273 84 251 86 206 265 112 248 106 137 125 150 142 218 0 113 261 105 232 255 248 186 277 176 222 215 134 80 163 197 228 255 212 254 181 273 253 215 100 249 251 98 188 202 82 109 176 136 128 152 271 84 71 280 231 113 86 145 173 193 71 116 241 160 262 259 140 84 190 246 165 256 228 88 129 88 240 205 198 94 228 240 97 73 278 250 96 130 235 149 78 186 96 150 265 199
76 260 94 128 190 139 173 127 144 190 154 193 189 178 242 272 218 253 117 249 280 77 126 254 158 130 151 188 244 244 143 204 278 204 145 86 217 154 171 96 208 153 197 256 235 258 74 166 271 140 202 138 249 146 273 171 104 269 268 0 197 244 118 187 165 122 257 170 261 277 104 97 265 216 218 207 250 208 164 143 83 220 218 246 216 212 183 135 129 220 271 194 143 266 144 205 171 248 228 253 155 161 167 236 71 104 85 79 135 186 209 166 153 131 186 148 198 190 176 114 146 229 189 221 143 272 249 239 252 177 136 151 249 172 205 214 159 163 179 233
188 208 74 170 134 234 188 171 213 105 269 267 180 108 85 236 139 249 235 277 108 261 268 218 202 279 235 188 148 87 200 183 168 96 178 104 94 164 171 234 141 173 166 161 237 215 105 215 157 83 276 265 232 232 168 152 111 113 80 85 0 117 259 178 189 269 191 105 225 277 99 131 136 167 200 186 166 179 129 277 121 114 206 70 219 226 208 179 99 98 124 242 122 103 132 85 269 125 183 252 199 101 218 238 275 269 112 260 197 199 231 182 201 198 115 203 107 105 90 94 181 273 252 188 137 70 163 197 151 264 268 264 87 113 269 175 231 94 216 86
129 208 156 237 158 81 216 90 76 224 107 70 74 213 151 224 106 183 132 214 97 165 188 264 264 72 99 142 201 185 188 245 137 144 273 120 98 137 90 267 192 153 226 129 140 260 141 158 125 244 219 264 84 167 260 207 228 131 177 158 209 0 263 177 121 191 195 234 253 156 260 100 235 186 210 164 108 212 243 130 211 197 96 274 105 244 261 246 134 74 268 245 254 156 196 226 83 184 107 245 92 246 82 89 251 76 112 98 211 141 261 79 241 154 239 128 183 130 157 259 269 230 161 213 159 122 84 134 236 199 242 280 157 265 158 95 169 273 160 125
268 247 209 144 241 79 246 261 135 261 145 73 176 122 242 104 199 163 75 246 82 136 116 151 87 247 279 280 115 98 228 216 191 266 195 209 166 155 256 154 153 85 178 103 218 229 220 255 83 207 90 215 70 181 250 218 228 206 188 244 77 220 0 116 272 200 245 183 262 143 77 226 166 223 94 125 279 141 148 98 140 267 116 177 202 188 141 245 232 188 276 163 109 277 97 275 155 173 198 86 262 193 261 173 218 177 108 174 241 208 153 279 177 81 195 205 74 183 82 232 132 129 178 221 80 85 71 263 129 183 141 280 98 81 198 210 117 95 278 277
170 268 88 157 118 192 114 205 200 239 125 98 184 280 279 255 174 270 222 191 263 182 96 236 183 95 198 205 266 205 266 180 167 136 128 129 168 180 186 107 72 267 90 266 136 77 229 94 95 238 219 204 129 212 88 251 147 166 241 119 114 79 98 0 146 259 261 164 278 104 146 94 135 163 149 193 171 234 200 198 168 201 152 106 202 187 115 263 270 256 220 74 98 251 147 203 276 126 145 155 255 183 99 204 113 79 79 223 103 142 219 203 120 129 260 170 70 263 208 159 261 161 200 188 160 83 141 135 85 96 192 264 186 103 276 189 208 177 107 188
102 226 265 162 133 121 93 107 267 133 258 217 248 172 122 71 239 280 176 159 201 122 92 221 84 241 166 218 248 262 240 158 218 254 108 77 262 277 207 114 181 93 232 277 97 192 83 182 154 123 117 251 273 131 100 128 141 151 187 273 270 99 148 93 0 238 247 243 151 110 208 219 92 81 89 248 150 86 119 124 249 96 75 237 130 222 205 205 226 199 156 120 244 112 210 261 238 80 83 108 267 170 214 222 254 277 156 154 234 253 172 261 141 272 192 244 107 107 275 207 161 106 105 250 169 72 91 110 167 96 85 119 74 117 199 85 93 279 107 144
121 109 129 183 267 184 176 221 103 215 146 181 220 107 126 212 87 154 208 207 264 159 200 200 170 194 254 125 190 243 143 151 93 121 280 70 217 270 191 247 156 234 196 214 126 159 174 242 149 194 163 267 255 164 279 185 77 257 152 132 126 204 193 123 235 0 222 116 148 186 161 193 175 169 182 122 122 219 93 254 91 248 266 124 196 97 232 151 185 237 138 263 204 209 90 270 188 220 73 257 185 121 81 92 230 141 236 220 126 73 86 151 120 196 71 92 154 104 135 209 213 253 196 100 94 112 71 218 74 258 213 245 194 154 159 268 207 89 254 191
273 129 229 115 187 118 165 205 159 117 253 220 229 262 261 155 168 115 212 168 159 203 205 186 137 211 127 170 278 227 156 173 275 203 73 221 129 138 143 79 127 270 197 228 215 125 153 132 271 124 258 215 245 172 240 199 166 110 204 177 133 202 112 229 199 251 0 99 251 180 177 186 94 125 211 243 176 115 160 249 252 198 175 70 253 89 191 105 148 150 91 71 70 124 148 101 244 145 167 115 219 257 204 125 84 193 197 74 158 114 230 251 247 146 192 127 277 133 280 172 277 111 98 248 279 223 279 265 108 198 201 256 117 212 237 110 224 259 164 276
159 212 194 101 152 203 71 225 103 119 210 176 95 173 231 274 249 88 79 105 210 279 189 226 255 99 114 162 240 151 160 84 170 158 141 194 125 191 157 162 252 82 196 278 216 257 83 166 203 105 87 106 262 102 273 109 247 149 102 215 166 199 184 86 238 121 134 0 101 125 276 185 239 88 195 198 90 220 237 129 263 93 158 224 228 260 234 174 267 195 109 280 163 127 145 88 118 280 80 213 116 146 206 112 97 85 209 219 159 190 186 262 139 137 103 279 251 95 224 194 99 169 262 167 142 201 213 164 145 252 89 137 135 147 204 136 114 123 247 122
249 158 202 184 240 185 173 208 233 112 102 186 272 184 111 274 199 189 171 237 260 97 260 261 137 181 85 88 172 273 231 172 194 80 243 172 129 149 109 74 133 147 272 230 78 133 75 147 252 150 123 211 187 153 200 176 123 80 207 259 141 156 78 183 186 161 231 204 0 210 249 104 76 74 86 213 129 172 229 236 97 193 244 103 129 181 97 82 123 129 216 76 193 189 168 246 257 220 72 165 113 211 74 147 164 178 257 207 204 128 186 276 184 78 247 258 274 148 149 169 191 205 131 250 233 81 129 110 190 211 134 84 276 181 159 237 125 95 245 176
167 253 218 254 275 162 245 127 210 110 279 206 169 95 280 201 126 168 277 124 159 117 72 193 162 197 124 138 234 178 242 132 225 199 171 162 74 280 95 217 92 225 266 126 106 101 233 134 77 263 113 152 280 122 165 76 188 178 199 235 197 101 236 226 244 103 165 82 195 0 108 217 231 251 93 224 239 75 230 141 118 88 232 190 108 183 115 117 231 152 187 178 233 106 200 225 163 177 241 253 139 163 239 190 110 214 97 200 178 199 98 83 143 85 269 78 74 219 169 155 278 188 216 181 113 202 146 231 212 201 128 117 130 266 77 118 94 266 212 198
115 116 166 163 122 184 156 213 135 128 171 98 151 232 92 254 242 188 116 216 192 261 202 120 124 230 154 106 125 204 75 153 149 185 82 218 212 105 189 119 224 109 218 95 240 192 144 271 139 76 93 118 103 192 212 273 196 216 99 221 190 176 152 209 268 236 122 272 267 76 0 260 220 150 172 217 273 92 185 278 239 249 207 261 103 181 149 107 154 275 206 90 73 126 165 142 77 256 276 139 155 220 118 231 202 132 190 98 132 198 188 78 184 149 174 255 86 112 183 241 90 200 245 158 165 78 113 142 166 221 74 170 250 156 172 153 114 143 71 124
208 166 226 207 145 167 279 95 103 252 251 185 96 84 219 253 176 135 121 88 118 141 176 214 205 276 179 78 229 99 263 145 157 253 107 161 178 76 166 155 101 148 243 128 237 192 265 213 185 101 250 76 235 94 99 177 255 184 166 120 174 236 206 201 186 105 136 276 244 121 198 0 172 111 82 74 190 129 84 231 198 257 157 254 242 193 99 210 168 272 246 161 106 201 270 119 196 125 149 140 169 150 118 90 199 194 92 207 227 267 210 227 245 124 73 148 185 103 227 139 260 125 189 154 235 157 116 237 280 152 161 166 123 271 215 172 134 235 206 76
184 78 91 146 197 247 180 237 221 123 213 201 229 273 277 176 81 241 123 145 163 262 252 210 251 102 209 225 260 121 101 210 147 173 258 179 255 97 96 83 72 156 196 142 102 178 239 102 234 150 178 79 274 182 137 233 253 92 100 152 162 268 241 151 216 166 116 240 254 101 134 80 0 209 256 139 180 174 73 221 230 251 207 213 182 275 228 96 239 130 231 130 185 274 83 113 123 138 100 222 217 278 100 97 237 151 263 248 180 184 79 140 280 140 146 224 85 175 268 186 238 267 256 257 73 257 214 119 85 226 93 240 122 83 173 256 276 243 110 76
70 71 174 78 202 98 128 133 232 134 244 176 219 188 217 234 205 99 189 96 254 94 202 189 152 190 280 153 263 262 95 149 278 146 86 138 198 251 109 148 124 133 178 270 170 112 245 163 173 114 117 268 257 116 120 265 114 187 170 211 102 74 199 183 267 106 279 107 198 87 206 160 167 0 104 102 102 93 164 192 87 78 216 83 146 100 244 230 230 252 260 214 180 156 268 236 198 148 136 97 220 115 170 187 238 110 104 257 115 214 137 269 229 150 175 231 74 74 202 83 204 106 120 162 242 208 271 195 138 74 208 209 109 247 204 275 214 166 215 217
240 106 243 266 259 132 252 189 119 227 156 166 176 176 206 245 269 134 231 130 227 201 266 132 105 77 118 248 106 280 82 210 180 237 262 87 264 222 251 193 265 163 166 146 225 183 277 148 274 192 173 108 279 276 155 165 115 102 174 130 254 119 188 80 178 255 123 215 135 203 249 129 208 207 0 259 269 248 238 166 136 87 233 227 224 131 180 244 264 259 203 238 179 260 223 263 243 89 239 182 134 71 226 266 276 166 94 76 90 138 94 237 114 275 214 225 182 194 220 110 236 277 184 106 271 232 246 135 73 106 257 110 156 183 169 224 90 114 149 153
230 272 103 135 89 148 251 86 194 84 107 277 147 79 133 215 208 194 133 215 189 91 117 277 217 71 229 273 235 246 225 214 256 102 144 75 163 254 131 238 191 80 143 70 105 110 191 91 158 94 192 113 208 182 203 97 249 177 125 210 94 72 141 194 259 176 251 245 276 243 137 134 220 184 174 0 70 181 90 275 84 179 83 162 74 164 102 230 257 268 123 186 85 143 252 77 73 149 130 133 128 100 148 224 193 160 141 134 207 152 124 107 138 207 79 276 227 198 198 125 235 92 176 251 150 151 139 195 169 275 157 102 249 246 224 80 206 225 176 248
177 195 232 89 266 129 110 104 119 131 89 275 80 103 215 193 231 206 75 113 142 140 102 171 271 207 113 200 117 166 187 87 72 157 149 268 91 179 211 264 104 116 132 223 93 222 168 167 218 140 107 107 72 213 133 255 274 75 182 130 224 99 91 269 263 84 150 244 148 164 186 84 183 118 79 191 0 104 74 243 101 168 195 233 83 229 127 95 86 82 214 217 86 253 99 192 94 104 269 218 138 210 90 224 199 75 149 202 182 135 93 270 122 255 83 91 154 132 146 96 231 168 194 109 158 220 99 254 231 198 84 277 78 261 160 156 263 138 260 194
172 172 199 107 206 77 251 167 220 78 184 169 266 89 202 236 141 95 97 254 268 209 184 262 198 91 200 179 71 211 249 211 242 146 187 180 279 272 193 263 253 93 253 257 214 98 122 155 278 75 147 154 272 276 188 222 113 76 155 79 83 243 242 280 226 130 260 110 162 169 220 73 210 254 116 110 119 0 244 85 93 217 228 214 136 204 93 274 91 222 71 228 170 154 210 169 170 179 118 138 147 269 165 91 87 107 240 266 143 73 78 190 139 101 279 195 187 268 140 230 104 143 268 186 202 235 75 82 109 94 272 103 182 163 189 149 80 177 263 123
86 158 242 109 255 249 111 202 125 94 219 110 103 144 212 164 175 72 229 223 83 280 229 110 273 73 106 150 189 206 146 77 273 122 246 146 136 72 228 141 258 233 177 100 102 265 141 256 171 106 262 230 97 195 114 273 128 99 189 71 75 250 180 73 274 224 221 128 162 266 88 127 164 249 216 208 141 180 0 149 177 204 233 137 263 185 81 274 242 194 182 187 240 266 173 180 75 220 234 274 232 276 184 271 143 236 206 98 176 253 122 84 170 98 92 241 249 263 230 94 179 233 152 119 184 251 243 163 182 231 109 278 120 190 139 194 262 225 224 161
199 199 201 199 171 70 248 255 235 117 188 163 105 221 140 78 228 132 116 174 134 75 73 125 240 241 83 274 235 176 232 264 200 145 251 142 137 187 220 93 160 241 241 274 272 105 148 239 164 146 235 142 195 186 200 87 258 200 256 174 109 76 99 190 104 179 75 189 154 273 204 191 221 195 84 271 261 266 271 0 206 191 78 224 250 254 197 105 252 217 195 266 217 173 262 274 235 208 135 229 255 74 161 262 236 186 259 263 276 206 194 244 227 242 92 75 199 279 173 86 122 217 251 251 91 151 235 190 72 221 181 253 206 268 71 251 91 133 147 92
263 176 190 116 123 143 221 247 139 277 140 222 129 216 234 265 229 178 269 215 180 167 85 253 205 216 279 108 160 195 88 92 260 205 229 162 222 266 137 270 176 192 90 199 79 242 120 114 103 202 98 276 259 254 125 165 126 80 70 173 74 127 263 160 233 101 256 248 269 92 214 76 182 111 78 229 203 204 79 212 0 219 187 114 230 113 115 247 221 120 228 165 247 113 81 92 80 272 188 262 194 228 280 279 156 198 239 262 108 134 80 139 220 278 152 196 78 152 274 259 255 235 118 100 249 226 247 275 129 107 212 119 177 193 265 228 242 156 162 78
181 127 128 84 106 227 71 237 158 160 174 241 77 178 74 101 146 253 116 128 280 277 258 112 210 76 271 136 86 225 211 92 263 250 119 181 72 139 157 158 262 217 267 252 262 209 111 123 195 117 177 125 137 111 136 252 172 238 83 139 142 263 183 132 135 182 79 170 254 192 233 243 166 242 241 126 179 152 102 185 241 0 222 167 210 103 76 265 119 122 114 256 82 106 222 192 211 100 211 228 190 181 157 184 139 170 278 135 163 101 179 116 96 112 152 170 167 114 109 147 81 103 174 174 268 257 153 257 250 234 143 71 178 99 106 177 143 206 190 119
87 126 236 151 156 219 134 132 221 272 267 256 225 206 209 82 117 249 134 97 81 133 123 71 279 97 184 250 180 143 154 118 70 161 263 237 278 71 232 93 127 236 277 91 209 243 132 222 274 186 199 219 212 268 234 89 72 128 261 187 95 210 268 215 211 92 156 174 127 219 207 212 229 116 187 247 89 128 175 264 173 277 0 80 260 187 75 273 77 108 165 243 94 119 160 99 72 279 230 137 264 156 274 185 83 123 125 221 234 114 280 151 93 176 71 275 200 278 139 154 153 145 146 204 153 207 265 261 250 123 271 208 82 80 78 228 160 272 247 189
168 216 216 161 89 187 130 265 239 227 134 78 111 262 99 243 110 94 234 144 262 258 87 276 153 169 212 255 267 196 176 186 160 203 163 169 79 79 272 159 109 252 135 216 227 125 155 223 129 275 255 243 144 250 150 218 113 246 71 197 185 104 103 256 279 167 175 206 213 120 128 78 185 75 151 232 214 211 86 80 135 135 133 0 280 220 206 83 184 101 255 119 195 233 197 214 212 185 80 268 188 251 202 258 83 76 275 197 189 255 199 277 253 107 149 77 195 212 250 88 193 90 241 206 156 82 226 121 189 225 90 276 132 231 72 257 87 271 229 101
247 205 76 85 242 72 104 125 87 108 272 280 152 116 263 94 175 90 198 90 121 227 86 193 264 114 174 182 255 268 187 201 100 146 93 91 223 95 262 86 74 120 178 93 189 141 143 269 229 105 271 72 265 129 106 279 157 145 146 230 89 124 157 244 230 142 115 166 143 243 107 224 117 139 277 130 185 187 189 216 269 204 110 120 0 182 146 268 77 70 264 100 227 106 191 80 161 240 274 258 70 142 114 86 197 173 141 134 179 224 153 164 280 196 243 168 210 252 228 179 180 90 200 116 243 196 188 234 139 96 243 104 208 105 241 158 243 117 170 165
254 198 143 166 276 258 81 123 245 232 221 121 112 143 183 183 88 219 253 190 247 228 113 77 166 101 272 94 195 117 264 156 223 208 71 270 111 260 169 178 199 194 80 241 256 240 190 155 174 232 239 176 101 263 206 186 152 119 239 262 78 224 270 177 209 161 248 88 107 206 268 202 135 210 228 229 148 79 77 101 129 94 98 182 100 0 74 184 103 143 238 158 263 200 274 154 144 268 270 255 247 139 176 71 265 279 228 256 164 128 72 113 76 101 119 142 193 207 88 179 246 131 137 251 194 241 239 124 133 190 236 98 195 238 168 176 188 103 212 161
228 176 162 218 195 114 203 214 173 130 172 274 255 255 132 149 278 188 133 157 94 260 163 73 252 234 109 141 146 246 219 100 80 194 158 274 168 228 265 104 193 159 267 182 100 152 205 116 243 167 256 194 85 108 121 190 115 230 162 118 194 183 82 172 249 178 126 101 128 268 128 266 236 232 178 192 258 123 158 222 240 193 139 232 267 184 0 259 249 276 114 115 149 272 111 71 264 158 110 271 255 113 73 240 214 232 171 223 170 253 177 126 127 150 77 180 201 242 156 81 93 273 78 179 248 95 140 156 268 170 145 277 71 224 268 136 153 218 112 163
198 175 216 276 268 229 227 74 157 189 275 261 178 158 104 241 252 70 221 245 229 163 73 190 190 144 269 137 208 119 130 272 148 183 111 79 153 227 123 220 177 214 140 209 170 152 197 275 260 71 173 175 202 211 80 97 101 122 150 114 139 163 138 210 75 151 246 186 215 197 140 275 94 219 90 248 201 129 211 179 250 278 126 196 220 116 153 0 164 117 106 252 112 161 274 234 112 234 92 214 161 73 275 181 233 244 190 157 192 251 244 255 142 120 79 227 263 154 71 240 264 249 191 122 265 76 154 76 138 93 89 113 196 213 102 110 166 268 142 146
95 102 145 86 193 116 168 248 168 168 223 232 260 133 77 272 213 133 119 148 233 85 164 217 224 200 185 228 246 208 195 143 220 253 74 230 195 278 82 165 277 233 248 170 193 162 260 230 130 153 113 96 204 117 204 147 260 154 178 141 275 157 241 79 268 265 257 242 86 176 98 181 227 78 118 210 237 258 102 132 124 157 188 115 121 126 232 135 0 125 136 154 249 181 220 84 90 81 195 273 155 132 268 143 199 171 177 108 124 209 247 186 260 228 147 133 170 149 151 112 135 143 130 203 213 107 253 140 139 102 154 173 160 181 187 82 192 123 185 113
70 145 71 261 79 277 110 173 132 206 275 134 220 197 241 110 266 225 260 134 115 270 276 244 126 265 234 245 249 125 157 138 70 156 177 251 208 251 280 230 101 70 263 78 123 75 246 223 154 259 231 114 269 139 235 226 130 70 272 189 107 257 103 261 260 122 106 190 186 204 165 89 146 105 122 247 96 228 83 263 130 111 278 98 134 77 170 244 81 0 202 80 72 86 109 139 106 270 128 139 171 184 134 230 221 247 162 175 252 177 167 244 182 270 106 98 200 78 185 87 99 131 127 103 82 183 251 118 164 139 156 169 265 227 153 200 140 168 170 230
237 246 130 168 219 195 122 224 96 181 126 191 95 249 199 162 254 87 155 166 105 143 180 156 227 276 172 142 151 136 193 176 134 158 96 214 150 241 142 129 98 247 122 119 211 200 204 97 82 143 259 221 125 139 265 188 270 180 177 182 272 177 268 182 151 85 270 97 262 229 265 111 94 126 274 124 183 142 206 205 237 113 170 244 211 180 84 130 193 249 0 279 270 280 215 121 108 151 127 190 227 163 141 96 79 203 100 261 149 270 268 201 241 271 136 109 179 151 163 206 120 92 166 105 89 185 207 211 197 219 81 244 73 140 102 81 213 199 198 256
87 163 270 144 265 143 209 109 238 164 169 239 262 141 140 239 142 171 181 129 232 205 209 118 232 260 232 199 75 107 235 261 233 158 178 275 145 259 165 157 240 199 175 223 180 268 176 108 83 171 197 191 87 119 141 269 157 278 253 175 265 126 227 92 178 78 230 269 94 182 238 260 73 277 214 254 242 237 96 147 92 263 177 216 125 130 228 237 97 229 187 0 196 276 193 140 97 263 269 258 224 176 194 124 105 149 180 120 196 182 132 164 208 216 105 176 261 130 169 231 101 143 130 101 181 164 76 271 159 196 261 184 264 217 204 108 257 258 98 233
188 139 169 160 97 154 83 138 101 217 191 171 233 145 251 173 99 263 194 256 161 168 213 211 207 258 126 123 115 142 184 77 219 184 95 153 94 261 235 227 227 166 163 104 274 191 197 138 93 272 140 106 200 245 221 78 102 72 110 91 113 86 170 133 203 269 199 225 73 141 250 138 226 104 252 230 245 145 96 205 98 72 80 212 141 113 73 279 85 211 192 152 0 160 273 75 277 191 91 146 201 101 197 129 209 99 130 243 205 268 104 96 254 159 218 212 92 102 251 186 172 136 200 72 132 86 213 111 226 241 136 107 263 213 164 134 178 185 205 217
119 270 92 178 174 218 180 92 76 232 213 223 257 276 217 113 133 263 204 170 72 254 230 140 221 96 136 119 186 259 251 239 272 166 222 99 83 220 101 136 207 119 104 119 173 183 72 210 90 93 93 84 127 237 152 97 94 235 253 209 232 85 152 261 195 204 121 259 89 255 157 147 204 168 132 167 117 266 264 254 161 261 137 251 195 227 97 224 243 245 207 151 168 0 233 76 232 268 252 125 75 74 140 158 131 179 171 131 181 76 272 274 208 127 70 196 259 249 122 104 231 85 131 120 127 88 162 151 266 192 215 215 127 250 235 214 280 133 225 265
277 164 117 146 122 148 132 84 201 252 137 277 277 208 197 176 277 137 75 77 261 255 240 147 126 150 195 209 84 206 262 246 228 142 114 244 137 79 157 181 165 223 100 201 235 233 147 150 259 96 156 79 128 242 270 125 90 199 112 90 228 112 142 198 121 123 209 214 138 212 104 167 210 258 239 137 182 125 152 268 183 265 164 125 157 131 107 252 98 158 196 230 161 184 0 267 107 81 262 91 205 247 101 213 95 227 137 158 211 199 227 187 247 179 161 106 163 162 271 180 256 139 199 264 193 199 149 227 267 220 199 233 153 207 260 232 131 274 163 201
242 237 196 70 102 218 270 158 275 103 80 199 78 136 253 156 275 209 171 77 112 243 159 185 259 131 246 112 90 149 91 171 94 144 72 163 265 192 153 247 267 77 235 185 101 178 76 225 76 228 87 277 101 216 136 268 225 108 184 74 124 170 125 135 163 232 256 152 189 182 217 262 207 209 225 118 174 236 242 193 185 207 221 142 236 75 100 118 251 121 199 202 187 208 277 0 159 265 132 189 206 147 96 271 169 164 99 260 248 200 143 265 203 143 107 102 103 129 259 230 211 243 104 127 110 258 85 275 256 152 85 240 271 204 165 72 170 109 253 136
250 195 119 196 198 276 257 259 149 115 138 106 171 72 140 181 114 260 218 169 200 259 233 158 195 186 125 156 132 213 173 148 272 231 169 170 256 223 216 92 74 124 181 115 211 103 101 180 153 122 111 139 215 96 107 190 150 141 124 123 187 268 245 201 165 123 99 88 163 157 225 236 117 113 166 186 273 244 274 129 168 255 244 95 136 208 249 250 158 205 175 262 112 102 120 120 0 154 76 102 224 72 240 245 80 274 111 192 85 79 98 112 253 233 192 202 123 227 126 228 274 255 138 149 192 169 132 176 154 92 107 273 241 129 256 216 193 228 208 213
189 151 258 231 172 276 106 224 264 261 152 221 213 82 141 267 229 120 128 135 145 156 243 271 135 160 251 182 73 220 209 271 210 230 74 255 189 91 141 240 242 116 86 111 153 230 279 275 232 193 199 250 178 124 141 163 113 94 76 175 259 190 277 92 258 199 224 195 169 154 166 226 262 145 225 179 172 144 123 237 149 230 127 233 225 168 219 225 78 79 105 256 148 82 250 138 139 0 130 164 175 99 133 207 101 134 239 262 265 254 109 217 198 240 257 73 205 219 73 187 126 221 86 92 156 78 210 241 202 116 262 120 250 183 104 184 73 185 105 179
157 267 226 173 200 152 116 161 265 237 115 79 87 276 167 78 271 104 173 85 199 188 263 157 148 144 218 104 74 168 88 215 191 266 254 207 145 193 274 217 115 193 257 218 77 133 244 92 180 102 275 178 231 160 269 227 276 266 186 144 150 196 100 148 182 217 134 186 80 232 214 263 273 181 112 93 235 155 194 109 235 231 119 131 251 125 197 255 248 73 254 145 236 233 213 137 128 70 0 79 249 233 246 182 181 73 167 76 263 144 227 72 137 194 103 204 130 73 141 272 275 148 169 77 90 279 266 214 122 280 227 134 237 151 96 167 162 119 198 167
183 71 261 166 165 169 234 237 210 171 78 85 191 125 122 251 172 109 163 229 265 151 160 113 200 112 239 260 133 157 157 109 245 256 201 141 256 236 184 85 122 279 147 102 99 163 147 83 178 141 124 124 150 147 279 73 218 184 140 229 250 197 187 251 192 231 265 127 139 174 102 212 142 240 143 130 241 145 207 198 192 210 238 256 279 230 221 121 158 163 149 159 233 199 158 92 149 130 85 0 183 262 101 184 75 125 235 248 143 264 84 176 156 170 240 255 173 107 130 196 237 100 218 203 82 159 152 203 152 259 133 165 121 71 185 103 181 120 113 159
231 110 71 193 187 280 249 137 236 184 92 241 95 152 106 235 266 161 255 85 235 146 129 115 162 79 137 109 256 225 139 231 143 167 165 83 153 115 130 178 168 160 240 118 179 247 70 127 78 252 228 155 260 202 81 142 245 264 235 121 138 248 97 257 79 148 127 280 170 81 89 175 272 165 212 100 135 214 169 264 143 200 264 179 201 258 210 194 209 226 251 237 113 95 163 99 255 192 218 193 0 73 191 166 204 171 78 211 198 158 148 174 190 255 84 269 206 105 168 114 89 168 224 108 265 127 153 104 156 106 234 186 182 271 136 215 200 229 253 235
79 89 223 152 237 197 250 220 108 128 177 215 238 103 273 81 170 264 89 211 161 229 246 186 124 151 271 199 105 187 228 264 242 70 254 211 109 251 272 219 195 192 209 239 100 73 100 119 264 87 96 94 142 227 76 210 224 217 280 158 267 280 104 204 196 130 183 97 80 122 236 185 141 182 202 155 88 272 250 190 278 151 84 108 104 78 264 169 228 157 257 237 100 96 280 212 131 259 176 198 198 0 276 186 151 132 227 230 214 280 192 184 236 88 104 158 246 252 233 128 110 130 121 114 107 201 89 242 133 135 255 87 137 102 71 198 94 124 102 81
91 125 177 175 85 129 263 82 139 98 93 226 229 118 175 110 181 83 124 229 178 107 165 267 107 126 165 95 237 105 102 135 114 265 268 173 235 216 74 267 146 155 269 151 217 258 145 136 208 166 175 115 168 97 162 270 150 204 249 117 102 260 108 224 203 276 194 154 168 274 114 80 82 229 95 190 201 86 247 221 184 182 217 75 105 174 95 184 221 149 211 185 128 171 121 227 166 121 168 189 167 236 0 244 231 204 93 253 80 144 127 240 107 143 178 155 88 232 71 228 238 71 207 97 170 212 93 138 263 276 116 135 243 73 158 211 221 167 101 276
182 128 105 164 144 142 100 97 199 151 203 91 147 213 121 73 153 156 113 182 82 126 165 112 173 219 246 149 159 229 194 151 221 92 275 116 254 240 135 206 272 186 113 189 186 94 165 157 215 191 93 259 80 182 165 183 233 230 250 103 182 214 241 165 193 232 184 271 218 144 280 209 99 119 136 181 201 142 119 202 79 241 238 245 89 109 230 90 265 214 191 208 248 267 195 268 266 233 270 256 114 106 258 0 153 106 252 255 86 114 156 257 141 252 124 262 262 216 88 223 111 74 149 228 226 189 105 264 111 139 148 212 101 259 255 77 121 218 253 221
242 117 249 212 110 253 125 81 248 234 203 245 82 182 115 144 163 150 123 175 94 270 116 193 208 142 269 189 76 129 237 279 117 221 186 214 129 78 118 175 83 181 269 140 230 178 138 152 200 278 124 273 176 192 204 186 219 93 184 95 124 153 151 236 104 137 211 194 166 219 202 175 203 272 214 183 182 148 250 218 100 249 109 191 196 270 160 124 219 258 203 164 180 96 253 76 265 212 197 84 181 235 132 192 0 143 159 279 238 124 252 213 83 241 147 103 130 118 253 267 136 140 216 149 70 275 122 229 125 127 277 141 259 199 91 143 134 182 160 202
102 245 125 263 132 230 189 249 219 121 210 130 144 74 96 204 71 215 162 100 184 156 87 73 140 133 184 266 190 134 197 208 167 234 129 190 277 81 260 130 140 84 182 198 112 271 183 72 70 182 239 76 213 156 179 197 147 189 147 200 232 274 175 185 197 179 185 217 204 253 220 146 252 128 159 141 226 227 163 123 259 182 157 272 160 166 91 173 77 215 182 231 117 208 131 187 148 269 184 211 224 205 206 120 273 0 246 115 139 261 189 243 86 86 85 87 174 205 243 80 126 128 201 74 133 104 264 139 226 171 178 262 266 117 88 237 200 150 146 207
163 278 278 84 271 259 236 135 163 84 135 171 272 200 257 242 206 143 74 201 117 258 117 144 160 246 226 93 151 269 219 251 125 237 181 279 189 186 200 139 199 250 241 190 209 127 233 71 241 180 171 156 132 131 85 76 123 171 133 74 104 99 219 190 92 114 260 264 277 111 167 269 131 220 198 241 198 162 108 123 212 88 165 103 83 110 127 124 158 130 113 263 145 235 243 81 155 112 274 99 159 213 157 144 155 261 0 273 178 137 145 201 165 130 187 122 196 78 119 91 197 75 169 238 105 228 275 235 255 121 160 174 211 265 113 169 203 164 135 158
175 112 159 172 257 145 125 229 83 106 180 147 280 249 236 270 185 205 229 166 264 134 279 169 82 128 276 206 200 257 131 138 208 244 81 236 113 255 190 89 90 110 269 146 172 242 127 104 199 264 98 185 273 79 122 206 167 151 88 107 98 244 245 114 155 111 270 279 262 275 217 123 166 263 271 221 208 75 146 251 74 254 188 166 125 82 201 271 84 129 200 77 207 121 161 78 121 145 129 151 170 226 200 174 249 192 260 0 154 209 191 78 149 186 207 173 99 122 176 209 271 235 244 225 255 210 134 140 80 72 137 98 184 132 130 270 267 172 280 213
140 119 82 124 264 278 269 88 119 81 117 127 222 240 148 182 118 194 166 99 276 130 86 206 134 75 199 244 228 119 137 162 191 116 76 212 278 184 125 143 191 150 271 141 198 114 124 189 98 89 263 117 122 72 255 170 238 90 113 131 244 159 276 120 203 258 253 183 269 222 109 192 136 204 76 211 218 92 187 220 240 222 80 208 167 165 184 111 144 233 98 220 166 110 276 174 173 144 95 93 225 111 211 271 178 264 159 215 0 193 279 261 235 187 233 242 200 249 259 175 198 79 103 236 250 122 110 275 148 102 253 259 200 239 138 263 216 203 195 80
238 168 144 190 164 106 259 105 79 110 174 137 161 207 95 141 230 85 121 198 114 269 213 275 94 251 129 83 161 75 224 118 144 186 180 100 187 168 120 133 215 96 274 138 125 238 177 180 269 141 81 82 163 175 239 192 194 242 231 184 103 94 199 211 268 242 223 152 209 80 206 266 159 205 202 128 229 95 94 89 171 141 91 181 228 252 87 105 144 190 194 130 254 280 158 197 212 142 209 126 187 198 280 242 160 81 113 135 185 0 146 72 188 273 112 99 126 149 273 109 158 228 264 141 268 71 239 232 104 117 193 145 184 158 98 234 262 82 234 263
229 221 117 169 265 193 209 202 120 245 78 256 179 126 254 117 71 88 251 186 250 185 270 167 238 117 89 253 239 98 114 126 250 169 159 219 79 255 236 201 105 199 125 144 279 216 177 197 162 249 143 272 113 211 74 102 149 141 137 259 129 110 228 186 95 147 151 74 89 277 276 216 245 111 190 262 151 84 155 261 198 162 95 235 182 76 161 100 191 110 277 241 112 84 199 248 162 248 184 275 166 280 137 82 198 149 266 274 138 122 0 267 115 79 247 199 170 271 87 129 75 174 258 158 244 97 208 164 277 95 162 127 216 249 72 266 178 108 137 172
244 174 203 273 195 264 70 198 234 148 84 277 153 228 252 99 76 197 270 182 70 73 155 140 75 115 220 125 209 194 135 237 256 124 254 230 272 198 200 194 221 277 89 245 72 243 208 185 115 246 148 93 77 151 239 274 238 104 74 165 141 187 235 271 130 167 224 208 200 73 256 203 156 166 115 242 192 229 149 144 270 206 207 186 263 96 220 109 130 71 210 225 238 223 154 267 153 160 245 76 118 136 147 98 126 112 271 104 138 114 239 0 217 211 263 261 123 232 151 126 116 126 222 117 227 115 192 95 139 268 167 152 108 278 205 113 73 158 191 228
261 92 238 259 162 249 256 77 129 160 103 176 223 103 202 272 166 228 74 100 121 244 209 180 94 163 70 70 143 280 219 258 127 77 144 133 190 230 128 191 270 191 242 113 128 114 218 269 73 272 153 139 144 124 191 151 88 107 261 171 201 99 100 189 138 208 254 229 92 239 233 149 107 121 91 209 88 94 260 245 93 271 126 263 238 259 243 86 112 131 236 240 115 75 90 152 156 132 132 161 91 239 85 164 113 270 115 245 205 179 227 240 0 73 240 200 116 72 116 154 151 144 265 279 112 134 224 155 190 241 212 177 111 89 95 96 143 238 269 228
214 235 209 214 262 221 155 205 99 194 160 107 71 176 253 223 186 216 187 122 264 206 228 100 249 254 111 161 243 215 120 213 216 236 215 256 255 80 165 81 202 246 156 259 201 154 236 221 205 220 108 89 131 262 266 253 262 161 197 105 75 215 160 200 197 145 136 216 183 264 229 223 112 85 156 179 245 220 191 116 139 149 179 193 170 227 95 253 199 216 196 163 86 108 162 94 80 107 115 255 129 158 229 249 85 264 254 151 180 179 232 213 89 0 116 170 102 207 157 278 235 258 121 98 206 250 89 215 195 123 243 78 164 71 141 203 85 248 253 215
97 140 220 207 247 76 156 252 224 129 216 71 180 74 274 187 203 190 260 262 81 256 110 214 163 215 86 162 207 76 176 90 233 174 163 217 261 225 270 217 222 179 119 177 210 136 164 262 137 261 161 208 91 87 137 141 276 72 112 277 76 255 248 156 169 191 128 79 276 142 165 275 228 220 276 234 134 201 213 178 116 269 131 97 232 178 75 84 106 87 175 225 223 238 117 158 121 75 130 253 278 244 135 137 143 99 225 156 230 210 204 266 214 137 0 93 123 228 95 104 76 196 89 84 180 245 154 101 221 149 86 227 153 209 135 278 275 246 272 101
87 235 162 197 234 269 189 145 248 76 173 151 141 215 219 113 239 221 148 77 100 280 234 144 164 221 235 193 153 142 243 195 169 104 185 101 255 110 160 120 269 190 108 132 260 141 270 125 211 266 159 165 233 136 130 204 211 238 219 262 275 270 219 255 165 186 98 101 161 113 266 271 177 75 158 278 234 252 192 146 109 125 105 221 97 77 124 120 176 157 114 249 235 167 150 106 276 108 224 272 85 154 74 202 204 229 175 123 257 168 86 221 176 176 107 0 266 191 215 251 195 190 109 258 202 219 132 84 191 135 218 262 223 184 211 99 207 159 108 182
70 159 163 244 155 193 188 199 129 143 255 171 77 205 177 89 89 242 192 222 125 125 78 149 242 106 177 223 219 176 215 230 240 96 206 257 91 113 214 127 264 226 106 204 247 112 159 255 102 171 120 153 232 157 186 198 174 226 96 120 257 257 227 90 188 214 254 148 246 165 277 177 214 143 133 74 217 157 107 111 160 117 122 190 167 196 166 216 190 175 109 238 231 70 250 172 252 141 258 182 217 242 111 215 170 153 113 223 148 117 274 162 215 107 166 116 0 133 245 83 233 90 89 86 227 280 257 166 274 70 194 257 99 182 274 215 84 74 258 97
75 187 231 71 263 223 231 201 77 77 208 176 145 218 205 188 158 176 123 144 131 251 107 123 255 77 225 141 280 124 144 186 146 207 222 141 175 75 76 176 157 190 73 191 261 93 230 257 136 160 97 196 224 159 262 115 83 256 264 170 224 267 161 163 77 102 219 148 180 158 206 101 221 70 137 98 120 268 257 270 271 188 177 262 174 137 263 109 133 118 133 160 120 280 241 157 151 149 209 152 266 209 203 103 107 71 71 216 230 161 97 278 151 219 93 115 224 0 121 167 271 173 147 193 78 100 89 72 248 88 199 209 211 88 278 140 139 81 195 129
225 229 146 224 189 165 241 270 127 72 143 116 175 188 242 124 132 232 217 250 132 248 91 152 269 225 144 260 146 137 121 139 102 86 212 176 143 94 259 107 83 195 77 183 169 218 89 87 184 235 77 148 107 83 256 142 205 158 194 257 262 169 235 234 147 248 80 85 124 280 111 210 266 194 96 248 203 234 195 116 229 142 128 77 170 229 223 249 80 194 79 106 101 173 112 191 106 263 122 200 252 91 188 118 272 114 194 128 101 245 274 234 234 223 233 130 214 122 0 71 233 154 202 214 211 78 180 90 195 97 206 100 171 194 234 154 137 97 215 263
100 90 135 179 225 259 255 148 205 109 234 118 128 187 227 103 105 209 73 70 173 243 187 109 201 268 275 173 280 75 274 84 175 76 142 131 80 80 132 110 83 78 198 246 178 228 175 254 234 160 109 278 172 110 273 263 197 124 193 145 189 114 166 239 110 96 207 219 264 248 81 155 142 186 101 124 264 245 279 104 255 276 263 95 280 176 132 141 257 150 168 140 82 255 219 155 195 178 115 241 248 77 119 185 119 131 90 124 126 197 149 275 215 257 187 162 185 245 259 0 271 268 139 208 272 112 102 80 73 272 130 88 157 83 275 156 122 231 214 268
118 269 239 190 149 191 100 208 140 260 194 81 240 215 108 143 90 78 155 191 218 135 265 70 243 122 272 191 197 193 106 116 154 128 105 164 99 95 77 229 248 260 251 199 145 151 180 213 179 273 74 102 87 126 227 112 256 159 222 248 256 89 215 147 200 212 266 231 167 100 216 187 143 100 92 210 160 146 237 121 265 153 110 94 146 76 185 159 227 107 146 172 110 86 200 142 114 212 139 193 117 72 170 165 227 121 226 206 241 134 124 172 213 269 81 84 183 215 109 140 0 202 141 142 213 157 268 273 230 191 103 122 119 176 165 215 72 145 205 269
163 220 245 219 101 183 178 167 223 77 232 159 223 186 178 154 242 222 240 268 72 191 172 155 155 99 73 279 90 230 92 114 275 244 220 150 188 242 214 140 75 259 241 273 72 94 249 224 212 187 110 253 162 246 72 150 111 91 117 271 77 102 257 255 248 147 184 125 139 149 184 81 217 124 196 250 131 225 224 87 222 123 183 275 198 149 111 196 138 167 161 189 70 172 190 190 135 100 215 199 182 120 90 262 227 181 144 240 117 226 83 227 186 255 256 126 204 228 248 176 122 0 271 141 180 123 236 152 265 180 160 205 131 127 98 278 210 220 274 169
266 202 213 156 252 139 110 82 137 128 228 177 130 252 173 188 243 217 274 159 153 194 118 89 158 112 247 258 234 249 171 179 251 132 154 202 245 167 161 184 200 227 126 77 93 89 83 170 202 209 210 124 232 184 267 162 195 185 80 102 266 106 146 132 72 133 110 248 93 242 245 230 174 145 100 196 163 104 169 116 161 271 102 119 185 70 77 126 234 207 185 104 206 192 85 157 234 120 74 191 219 95 124 200 119 114 122 129 115 179 75 102 254 211 216 279 79 96 266 93 140 133 0 277 277 79 278 122 165 227 257 215 177 71 268 248 275 263 170 103
247 262 164 158 83 219 75 126 190 214 260 122 114 136 232 94 211 183 225 206 264 123 190 166 256 248 104 78 82 163 124 81 183 168 190 267 168 228 253 129 258 247 106 231 263 75 213 227 229 138 103 259 153 163 91 110 262 159 129 196 211 169 134 118 178 206 152 145 230 263 230 131 232 224 226 177 178 189 166 107 162 255 157 108 225 179 204 80 260 158 179 73 164 142 203 232 138 183 240 89 247 95 110 181 130 201 234 229 152 220 160 192 132 160 213 111 82 148 113 209 85 130 249 0 90 251 232 163 255 135 188 105 227 77 235 221 279 276 215 83
249 267 235 202 75 168 257 107 86 180 241 135 148 79 176 213 177 193 247 215 87 158 84 228 134 106 258 233 157 204 164 166 167 213 255 123 254 174 205 92 168 254 216 152 177 128 115 88 206 223 193 134 177 86 129 147 135 252 144 235 98 243 162 198 233 86 156 137 162 87 145 198 112 231 270 105 214 105 204 271 181 197 136 151 244 121 78 191 217 247 145 224 251 155 232 238 202 102 188 96 106 195 109 279 117 145 95 179 277 147 72 239 77 153 161 181 113 246 148 201 225 80 148 246 0 119 170 171 186 195 185 204 133 157 252 201 114 143 75 187
162 241 152 264 218 200 127 142 240 126 203 238 142 200 109 204 214 118 112 190 144 119 204 72 128 81 124 98 262 263 192 222 266 198 242 187 260 193 202 215 208 108 84 125 260 121 201 107 147 159 98 97 184 168 139 129 200 94 222 261 118 174 105 268 213 241 228 237 210 227 174 175 112 257 231 98 204 82 212 82 267 181 274 77 144 250 251 115 163 195 227 234 112 80 114 88 201 226 214 183 169 115 227 209 145 139 101 186 260 250 228 109 175 279 119 94 203 99 233 80 274 252 247 247 203 0 219 116 204 119 195 198 133 125 176 123 177 100 256 248
87 209 148 149 207 116 177 194 112 180 195 207 139 101 149 217 141 149 173 231 166 205 129 217 136 229 71 77 133 166 123 165 195 94 187 256 83 232 275 189 82 107 132 219 231 277 110 169 203 182 136 224 273 140 114 166 224 219 257 270 98 275 188 112 147 98 145 204 189 237 115 268 202 134 83 236 161 182 112 226 236 250 195 88 216 123 199 235 157 226 71 232 158 210 138 205 200 203 267 79 161 87 128 194 137 172 101 90 135 90 91 197 250 77 194 131 245 263 144 185 203 271 130 105 120 140 0 95 87 96 136 247 156 273 213 272 208 244 160 252
163 136 215 143 280 139 118 278 175 128 166 89 226 239 151 112 148 246 71 250 201 179 116 104 214 122 256 264 181 124 210 266 277 120 182 238 196 127 244 97 161 178 244 188 235 168 233 173 225 112 127 119 249 280 277 276 157 151 115 192 75 92 218 265 165 80 105 230 221 247 228 165 139 208 84 268 93 160 126 192 222 261 224 108 279 276 103 196 135 204 87 209 200 198 234 217 188 253 135 258 80 247 264 276 245 159 155 79 84 78 125 87 94 156 92 225 87 119 269 221 208 206 143 160 147 254 132 0 246 158 72 244 252 190 273 167 217 150 72 176
181 261 114 170 183 163 229 148 114 155 167 163 127 226 256 112 176 160 208 214 113 233 160 132 211 120 256 225 211 99 90 177 97 121 188 191 108 260 176 77 198 228 246 251 126 273 157 137 174 174 140 234 209 94 249 270 195 195 120 177 130 202 194 248 91 199 158 127 179 278 257 259 227 95 251 202 134 137 125 85 110 104 106 87 151 207 243 116 196 84 259 242 151 170 170 82 121 154 205 91 106 251 124 84 93 191 257 217 71 99 210 263 215 271 99 221 155 223 263 142 116 136 244 106 210 182 77 210 0 242 171 247 279 84 129 271 98 168 259 175
140 100 98 90 81 232 243 190 143 223 244 114 137 189 239 167 115 232 197 149 207 232 256 256 257 185 146 158 164 258 102 137 235 186 101 227 128 178 185 84 231 224 196 227 260 245 78 231 244 74 139 135 79 260 83 118 147 242 71 233 246 278 278 77 271 258 208 108 260 145 167 224 274 112 249 126 141 133 94 110 245 256 112 238 146 192 103 246 166 247 86 179 93 79 143 219 280 241 191 119 262 222 262 178 246 279 145 155 130 141 180 111 81 239 168 131 271 127 246 122 233 105 173 171 195 152 244 144 134 0 173 187 198 209 218 236 198 87 215 245
127 126 136 190 179 190 78 186 138 123 231 99 259 235 98 176 228 239 235 137 173 104 225 252 222 114 168 258 201 203 254 88 179 83 115 110 185 178 125 121 204 217 152 277 85 143 120 175 196 121 219 177 221 114 206 233 169 276 176 113 194 98 279 113 108 92 177 109 200 140 154 231 218 153 202 268 251 112 140 211 147 209 173 143 211 136 264 186 162 130 118 109 196 203 134 70 194 244 177 244 97 123 97 182 98 130 149 108 76 115 226 275 163 132 266 85 149 123 77 146 279 249 124 167 155 160 83 70 105 190 0 123 170 193 83 178 153 165 165 103
206 170 233 245 84 274 165 231 267 266 192 212 154 81 106 241 219 149 220 257 203 169 125 185 130 269 175 88 199 126 172 80 209 246 71 116 91 87 256 265 183 72 182 129 159 92 154 226 187 274 91 252 116 277 258 257 181 131 219 273 159 145 156 125 236 111 189 111 145 127 261 122 95 235 227 74 95 106 270 256 87 175 264 270 152 148 260 141 248 156 235 116 262 247 174 151 161 158 262 159 213 172 115 159 141 233 192 144 125 224 253 264 85 140 115 206 273 168 220 81 235 153 255 116 74 229 212 256 157 218 256 0 190 173 230 147 249 141 72 270
95 180 131 159 277 205 239 134 244 268 160 232 130 192 197 134 142 89 89 181 194 236 224 256 229 213 173 99 167 181 85 183 237 120 155 172 201 137 201 235 140 266 87 103 85 133 168 137 133 231 144 155 117 223 159 190 203 200 171 85 117 98 135 97 134 78 187 275 232 190 205 101 219 135 158 88 162 222 228 93 199 142 88 164 107 233 267 270 277 201 205 111 256 124 99 121 222 182 267 134 253 215 115 212 223 198 178 113 110 180 109 208 94 247 77 125 192 255 161 185 104 219 75 137 195 245 84 98 104 96 105 165 0 227 198 73 213 142 84 196
181 193 207 136 248 123 117 214 253 241 122 237 237 140 194 165 202 80 181 161 141 168 107 146 177 83 85 115 84 198 131 151 245 188 160 179 249 256 200 234 107 134 260 155 139 241 240 242 91 168 224 215 128 159 237 190 222 257 150 209 188 97 112 216 202 170 182 159 275 224 157 167 268 111 249 244 103 170 172 237 137 239 159 95 107 241 130 264 114 171 223 176 208 267 223 97 271 162 144 193 189 253 199 141 253 149 98 89 118 255 75 163 183 121 243 257 132 136 232 135 162 177 224 163 116 178 254 131 154 88 185 71 267 0 187 187 237 117 232 158
219 132 77 251 280 142 119 273 122 136 128 214 106 205 171 205 214 100 88 277 155 95 170 198 244 235 188 89 95 98 184 254 192 167 191 120 148 188 90 92 174 212 266 102 248 108 93 82 95 189 263 139 106 244 82 241 263 116 91 225 230 116 125 114 279 180 119 251 155 174 272 202 187 169 208 136 169 122 163 182 127 198 274 196 145 90 273 253 262 214 184 198 199 139 90 215 217 75 184 157 145 165 242 137 174 195 78 280 207 272 217 143 237 215 99 114 190 222 231 214 108 101 188 79 126 110 222 260 130 147 168 188 141 190 0 271 276 137 219 113
118 250 158 150 86 145 253 269 206 123 153 89 226 220 100 134 160 161 117 121 273 154 274 227 85 90 218 114 226 117 274 204 97 113 142 274 82 218 111 77 77 203 89 274 111 205 235 168 89 152 130 252 189 169 159 116 261 105 156 209 76 279 171 168 272 166 206 245 194 242 210 86 194 219 152 271 165 211 103 178 83 89 153 270 231 174 233 267 181 272 224 152 83 133 189 243 168 183 240 239 128 86 182 199 226 127 123 235 70 139 139 96 256 151 232 89 278 125 245 227 103 162 270 80 119 127 151 95 280 238 139 175 92 222 255 0 268 215 154 194
253 70 237 94 74 91 117 104 172 187 113 268 95 227 111 170 253 242 108 239 115 168 261 75 200 147 156 206 194 110 272 120 226 137 207 275 163 85 133 159 202 243 146 131 253 72 134 277 220 153 220 160 177 77 218 254 134 174 102 172 212 227 139 73 128 105 78 153 89 106 204 190 274 174 81 246 214 97 212 280 270 223 276 181 259 241 186 280 150 241 261 148 172 115 161 139 106 259 242 264 125 269 76 186 141 198 201 268 175 183 165 153 249 131 155 272 189 160 116 109 118 149 116 215 268 196 174 230 207 70 201 271 276 184 74 75 0 240 122 94
203 158 126 121 244 257 72 215 235 221 105 248 276 267 167 107 113 78 164 261 200 135 147 215 147 236 88 230 74 279 70 223 150 232 133 186 257 218 168 271 196 143 132 94 131 182 175 87 225 211 225 215 201 76 217 238 87 197 239 279 108 188 259 273 185 249 80 226 193 238 253 111 187 267 88 151 145 215 115 135 202 268 206 130 270 226 190 232 113 280 255 183 166 129 196 274 205 264 243 174 223 159 187 219 71 161 227 106 271 89 258 254 132 263 152 128 98 171 143 209 179 256 164 114 214 215 243 220 213 239 161 165 81 231 176 270 257 0 74 94
268 151 137 79 133 247 246 236 222 116 213 139 93 72 261 273 167 253 169 201 248 203 137 236 206 215 169 119 77 245 219 186 141 199 258 223 264 78 123 159 71 275 224 75 217 86 254 147 134 233 233 153 72 211 245 89 162 192 267 186 140 71 118 155 255 222 132 219 217 235 256 246 158 77 172 261 217 241 108 249 142 233 251 241 174 195 273 231 100 88 166 224 179 267 144 243 235 82 171 172 165 183 200 132 82 117 72 169 104 156 279 153 177 128 100 98 278 137 166 112 199 259 102 152 157 215 76 165 249 178 229 201 253 116 269 117 187 97 0 73
269 240 172 211 266 93 186 229 243 233 84 141 89 91 190 109 172 85 241 80 118 277 212 221 152 120 98 234 178 140 179 278 262 212 123 113 161 137 228 178 154 174 195 223 245 158 115 262 122 141 181 83 106 261 79 271 156 110 209 188 99 204 111 178 229 164 273 104 94 176 252 156 210 163 99 85 153 184 252 127 247 216 230 234 260 252 226 212 197 204 280 111 138 244 129 274 130 184 167 107 266 187 236 148 79 124 117 260 87 247 220 265 213 272 266 242 178 267 167 223 165 274 81 83 222 259 235 202 276 193 114 196 278 108 91 273 244 88 171 0
