140
0 11 11 16 18 20 14 9 20 11 13 19 20 5 14 5 10 10 18 13 8 18 5 11 17 20 18 14 7 15 7 15 13 10 7 7 13 13 15 20 13 16 9 16 19 8 15 10 9 9 11 8 19 17 19 5 18 10 15 19 8 10 11 19 11 5 13 7 20 15 8 7 7 20 19 10 17 10 16 20 18 5 16 12 9 13 12 7 16 6 10 10 11 17 18 11 15 11 6 19 17 19 6 8 13 13 14 16 19 11 5 9 12 15 5 11 15 5 8 6 13 7 14 6 18 15 5 19 8 20 15 5 18 20 17 14 6 15 10 10
0 999  391 646  422 638  207 301  99 297  321 418  180 391  248 466  172 588  372 781  510 623  206 605  406 874  293 606  283 660  438 918  187 569  142 392  325 588  394 600  459 635  409 913  338 754  495 690  256 392  300 634  339 719  260 575  257 401  502 792  185 614  259 412  167 522  133 596  464 732  299 778  129 324  470 759  484 904  286 776  396 449  340 556  410 797  281 624  227 327  295 718  206 511  448 674  374 591  325 670  323 492  288 370  505 704  260 599  207 440  254 625  472 715  374 466  157 495  188 482  319 787  232 653  435 823  289 798  390 637  230 726  413 740  393 664  178 316  362 694  291 444  394 698  313 795  371 675  288 508  234 725  338 706  254 422  273 719  242 344  167 325  304 565  463 787  190 419  497 979  454 682  227 583  441 515  490 998  290 668  318 453  405 450  314 405  453 492  122 390  98 492  336 558  286 457  201 614  347 424  429 729  248 583  487 576  329 628  270 543  326 570  288 798  128 474  377 499  480 516  337 471  457 640  347 774  275 675  438 938  162 425  169 601  318 394  395 827  246 652  376 619  288 504  528 835  309 461  242 275  128 619  340 561  236 530  265 769  307 340  329 822  433 886  213 285  241 502  345 837  307 403  197 229  367 781  426 915  379 550
0 208 255 190 82 181 92 215 101 156 242 151 248 146 271 176 150 100 74 144 200 190 162 238 140 129 98 172 233 228 156 253 119 124 225 241 113 196 273 218 139 203 204 222 76 166 134 221 158 184 226 175 262 143 152 92 207 228 107 146 160 124 176 84 155 128 180 231 90 204 216 132 168 168 96 123 278 163 255 100 100 79 238 73 231 277 189 217 238 114 262 280 133 255 100 92 230 99 86 248 254 83 234 205 84 257 167 107 188 275 96 193 128 101 256 110 75 248 222 118 270 81 262 76 91 73 251 91 184 251 112 221 114 213 71 85 179 258 168 164
102 0 242 212 148 235 172 70 160 220 247 244 75 139 158 194 203 118 202 182 153 189 183 207 219 134 82 83 267 144 143 79 200 245 94 178 77 80 232 175 78 100 272 155 171 190 220 190 210 239 99 209 145 71 124 249 132 246 126 144 259 250 216 162 200 147 85 111 95 280 103 126 179 230 181 142 176 245 149 225 178 126 242 202 253 263 129 125 165 203 261 230 122 112 98 179 273 203 199 179 232 123 148 258 173 94 263 104 253 176 183 184 129 245 187 219 153 258 188 116 126 219 76 108 278 270 196 258 226 84 125 206 88 195 114 222 96 75 139 173
80 190 0 170 256 220 263 165 228 187 185 264 140 79 118 210 111 177 209 277 137 208 277 259 239 280 277 178 110 133 208 237 103 241 126 251 240 187 113 241 224 195 183 120 197 101 70 123 105 180 123 197 135 206 261 274 86 99 213 127 178 225 241 159 185 175 167 244 228 95 111 211 125 204 152 171 155 105 127 242 89 85 208 226 137 168 260 133 77 236 101 108 110 151 177 174 228 158 247 138 122 246 156 118 248 212 84 179 187 161 126 205 117 212 152 178 267 231 163 94 71 183 150 90 106 249 117 72 253 201 83 272 76 277 196 261 117 220 135 253
241 145 184 0 186 185 277 85 105 217 256 206 239 128 71 204 134 137 116 271 89 161 251 271 190 149 106 104 260 110 234 212 198 223 130 175 213 161 71 233 73 237 81 218 180 142 199 76 107 250 126 176 208 201 164 131 162 124 204 117 143 77 203 242 212 219 230 259 210 157 185 134 107 137 114 247 210 83 164 269 152 154 150 93 85 123 171 108 182 148 126 183 99 72 213 106 194 173 256 266 273 175 244 74 70 210 128 205 131 242 204 271 267 150 98 191 150 246 88 124 157 95 202 250 144 187 193 171 219 197 180 142 180 96 124 267 182 244 252 208
133 253 227 251 0 107 114 218 147 249 76 240 109 186 112 273 115 261 267 125 104 279 139 215 144 73 241 107 94 176 119 126 114 190 138 88 264 121 187 88 206 254 232 239 180 129 162 195 210 183 77 138 202 170 142 258 131 126 230 271 214 142 255 135 111 90 155 103 166 188 252 137 120 231 184 231 240 101 188 158 150 121 233 89 241 72 89 203 209 267 95 172 259 199 271 171 152 203 103 79 233 83 141 263 264 73 211 173 107 83 146 164 183 256 262 273 255 192 136 116 109 212 208 124 260 125 273 217 115 259 220 177 257 200 99 187 181 85 93 205
140 115 115 254 83 0 130 274 173 93 227 226 271 168 130 204 144 85 214 119 148 160 239 105 81 224 178 238 113 226 109 169 194 100 254 205 184 245 174 200 154 156 131 138 263 169 194 149 130 232 143 209 206 154 268 146 153 238 173 98 244 153 116 72 131 219 236 141 85 246 163 155 97 261 258 227 275 186 165 132 148 85 194 178 214 225 194 259 207 270 122 239 169 87 153 174 182 172 70 83 102 190 227 107 72 165 98 172 154 270 165 177 70 121 280 71 170 160 105 94 260 145 212 270 71 149 249 76 135 136 255 91 214 99 77 190 99 231 219 92
163 104 244 135 214 212 0 89 239 174 272 119 220 231 194 280 86 186 138 193 251 250 99 172 137 119 191 215 217 257 96 100 155 169 129 267 81 247 190 177 146 172 204 202 198 174 199 244 75 157 237 177 214 152 259 95 239 97 113 271 142 191 262 92 170 212 149 109 221 186 230 139 108 139 164 192 278 82 199 123 210 109 182 100 279 72 180 272 173 154 147 156 271 246 99 81 247 143 159 278 212 228 266 88 194 147 145 199 130 224 132 131 172 217 224 160 167 101 163 124 133 264 225 148 97 139 153 216 72 122 151 128 236 265 243 146 70 149 225 114
276 244 209 159 153 86 237 0 171 248 173 269 110 81 268 83 86 163 251 108 120 244 260 262 201 167 235 113 170 215 247 212 153 72 165 113 220 272 213 213 84 270 136 193 131 267 181 270 136 116 95 225 78 221 187 214 105 104 255 268 227 141 195 161 252 75 118 204 256 90 250 157 131 233 140 124 201 274 187 170 264 186 87 158 212 250 177 222 166 183 180 160 160 270 164 89 182 203 119 133 241 114 113 78 174 250 175 248 71 204 143 94 255 163 195 221 273 251 230 190 271 208 257 82 108 131 253 117 273 189 213 99 246 217 202 129 201 212 169 119
141 236 215 117 233 108 242 105 0 234 84 171 231 126 148 188 123 109 279 91 174 114 136 108 230 209 108 274 225 238 119 128 210 137 166 104 174 143 227 165 156 263 162 246 130 220 109 277 75 200 85 117 78 208 114 233 161 215 167 195 130 222 175 218 229 142 277 159 278 197 204 102 251 250 189 177 162 254 146 199 192 78 247 183 249 168 76 259 179 147 101 148 158 248 134 149 170 246 155 166 276 168 100 238 185 220 246 109 185 185 138 127 83 189 215 137 173 99 190 145 263 133 250 198 206 238 198 168 141 145 106 279 137 95 112 89 183 248 194 246
117 186 123 122 198 186 242 71 167 0 113 180 161 104 74 241 79 211 246 249 146 206 198 272 74 170 241 176 154 202 165 188 70 109 83 159 237 88 280 225 146 114 152 93 114 104 105 197 239 95 156 195 80 90 268 265 147 279 156 153 100 265 190 266 213 267 245 180 206 132 175 128 155 88 139 111 265 251 204 151 128 134 228 206 223 124 121 178 176 167 263 183 139 121 103 278 238 200 119 202 270 90 262 106 108 147 99 262 103 178 250 203 268 268 280 93 233 93 211 217 97 72 136 206 164 237 215 91 112 159 229 204 168 93 111 83 207 103 181 259
137 167 187 114 249 132 224 211 226 98 0 157 276 241 209 259 232 193 254 198 239 237 110 93 84 109 263 118 238 183 136 191 108 80 179 169 157 175 157 114 126 258 183 118 112 94 107 207 111 255 192 170 129 279 110 218 117 159 217 260 201 276 131 199 196 109 71 150 255 214 141 93 218 271 239 167 145 248 132 250 74 220 179 159 259 140 202 233 166 280 272 82 242 191 122 210 260 231 130 176 90 87 228 124 228 103 196 115 246 121 148 232 147 131 220 83 153 104 184 130 196 252 70 230 274 141 89 229 75 242 231 157 164 91 241 197 225 201 277 203
264 219 214 270 159 264 219 187 113 188 186 0 255 218 89 248 263 126 217 105 149 133 277 271 108 259 111 211 110 187 97 154 162 262 203 221 115 250 93 256 235 78 102 93 88 272 184 248 169 90 223 109 229 274 138 238 275 157 175 278 248 186 80 159 164 79 243 129 75 277 80 164 277 135 129 255 177 99 259 179 193 89 125 143 108 157 159 195 254 252 149 201 123 214 75 259 280 188 249 180 150 193 234 236 184 215 136 174 110 173 226 231 220 275 232 83 97 154 265 164 214 243 165 90 136 126 277 116 130 192 168 122 228 74 71 220 141 191 176 184
210 135 106 251 137 146 88 128 270 167 280 241 0 77 122 226 71 192 174 157 188 116 146 118 207 187 230 218 149 75 178 196 275 95 164 268 148 100 163 242 81 227 183 211 268 86 177 114 160 182 70 185 94 115 88 108 223 126 169 208 70 116 144 273 250 174 153 273 154 209 201 233 104 263 265 136 191 233 100 120 246 263 180 222 214 95 78 106 106 94 206 137 147 210 231 101 139 71 194 102 265 178 257 104 145 112 280 247 270 155 120 261 74 211 199 189 84 276 231 147 193 79 108 127 263 241 258 206 103 251 199 265 232 276 207 71 87 75 92 168
162 262 78 101 117 101 251 194 220 235 77 96 202 0 153 108 118 222 153 179 168 267 150 236 119 195 216 211 150 82 232 243 146 167 218 158 157 226 270 261 254 227 159 165 146 263 102 116 108 120 146 256 103 77 91 202 241 220 239 229 124 177 70 192 202 267 230 163 221 81 140 218 222 120 261 127 269 95 140 254 118 256 222 204 251 216 205 246 214 264 190 197 176 190 267 158 128 207 112 108 71 218 120 102 245 177 259 254 167 209 216 174 171 177 194 172 84 279 100 157 122 270 175 180 214 259 223 87 198 88 274 161 79 228 103 260 266 226 144 180
211 142 169 207 139 203 220 254 77 173 196 72 183 203 0 160 209 110 171 237 104 227 234 277 266 179 103 76 278 271 206 102 219 187 246 224 220 218 107 272 75 167 264 153 115 279 127 265 144 272 171 228 125 147 106 143 167 257 267 229 144 227 157 118 212 210 210 140 94 93 243 137 124 93 233 139 268 192 234 114 149 78 271 242 166 99 183 213 255 264 273 243 143 86 123 74 184 145 198 259 99 187 83 128 276 91 227 260 242 74 271 238 212 80 268 107 278 73 200 77 268 149 105 131 158 210 129 112 98 255 185 126 192 194 97 108 94 92 187 215
114 207 74 125 102 205 239 105 249 157 96 194 185 129 166 0 165 200 73 206 194 209 201 166 135 109 221 217 89 179 259 280 90 182 201 189 105 87 118 159 201 256 265 122 149 246 232 149 111 89 77 265 199 91 146 268 82 240 138 228 84 163 195 280 263 270 234 209 77 210 113 157 243 184 248 190 256 75 148 152 271 232 80 104 158 181 162 180 78 133 160 201 170 125 214 272 92 207 195 271 80 193 72 274 263 153 130 272 102 96 217 91 262 100 221 133 76 158 76 249 169 234 273 101 163 91 74 162 212 161 180 217 184 204 97 186 212 179 113 197
143 101 267 107 178 117 100 106 277 258 101 124 181 83 108 262 0 205 158 256 155 138 162 174 209 158 73 149 98 98 233 110 71 268 222 148 90 141 277 95 130 119 72 259 145 133 135 211 125 234 92 116 158 120 169 107 91 143 91 97 97 119 190 245 193 189 99 214 124 207 123 169 98 93 221 233 120 202 146 249 126 191 237 164 126 123 219 145 243 137 102 71 160 129 250 246 242 244 134 230 169 221 259 220 256 188 244 127 174 179 173 149 195 193 70 138 145 83 245 199 263 159 243 172 245 241 161 252 76 129 168 161 110 170 150 268 84 145 150 267
231 114 173 239 153 248 91 202 178 153 130 107 169 84 129 168 267 0 184 169 182 165 158 267 135 97 165 189 244 168 89 186 227 179 213 96 147 266 260 122 226 82 139 256 77 76 112 220 148 99 224 109 280 204 79 236 105 171 92 169 154 100 157 193 195 147 81 103 196 110 263 96 271 186 114 118 213 131 204 115 254 172 223 177 188 79 234 135 102 106 207 267 255 112 259 178 259 115 111 240 259 130 105 99 171 244 82 182 206 108 181 199 76 248 169 200 259 86 192 196 85 164 148 187 200 147 244 150 153 249 71 105 228 279 88 222 209 244 257 167
140 122 265 173 261 128 78 149 153 87 180 130 157 135 250 188 95 243 0 226 262 129 90 78 199 141 251 106 248 248 142 158 136 87 146 100 89 247 173 217 165 270 88 233 96 132 260 72 156 268 222 115 260 171 224 269 83 193 280 226 149 263 225 75 271 112 268 122 93 198 102 269 144 263 248 207 78 173 115 112 127 75 162 242 192 233 110 207 163 139 252 149 224 186 226 105 267 273 219 184 161 134 80 234 207 94 197 136 146 219 156 240 109 117 245 111 255 159 135 141 78 153 264 111 200 228 156 78 209 271 137 242 200 197 255 275 208 241 164 103
105 183 79 232 167 91 128 154 181 94 129 137 175 260 107 97 156 234 270 0 79 109 114 218 223 177 83 97 214 78 166 153 166 233 188 73 219 255 254 101 220 188 133 95 84 203 226 84 248 76 110 76 121 120 81 198 243 198 199 266 113 261 222 229 184 171 121 238 151 191 257 276 255 144 128 273 206 143 231 89 165 93 96 148 197 159 238 150 215 202 215 223 160 206 180 164 164 90 264 249 127 85 204 215 192 213 88 136 199 162 162 279 143 200 148 152 81 198 257 228 90 175 244 120 170 187 119 269 244 85 232 263 123 102 184 175 78 214 213 214
197 91 258 110 83 92 259 255 236 246 246 164 161 188 270 183 152 247 172 97 0 250 263 222 131 147 143 94 274 160 156 199 96 147 180 74 139 145 91 70 152 73 250 147 236 226 229 275 239 196 85 165 113 82 135 264 117 119 228 106 157 249 211 122 124 78 170 128 199 275 172 159 101 148 75 106 71 146 174 224 94 217 204 146 188 268 274 98 144 250 76 88 200 95 197 247 155 221 72 279 186 146 176 276 173 118 275 87 72 173 211 118 259 83 269 88 91 125 142 161 224 111 247 85 231 148 141 148 235 151 223 226 163 143 251 111 119 76 112 165
92 242 182 126 78 268 127 229 218 146 133 230 221 230 202 149 94 180 132 167 251 0 176 156 258 216 164 90 196 220 80 126 203 171 238 238 170 278 154 249 113 218 214 95 81 96 239 82 90 165 94 85 193 93 152 197 211 124 104 213 263 261 118 258 105 172 264 152 165 205 266 178 123 80 190 225 136 223 254 186 213 184 249 253 222 247 149 111 256 73 243 98 184 231 276 164 161 156 182 111 117 242 204 208 80 169 202 217 276 97 86 132 137 226 218 215 94 150 207 109 207 151 206 76 76 108 119 225 110 75 195 81 199 240 273 113 72 84 148 110
107 272 132 221 258 185 208 230 238 230 271 259 176 270 153 255 241 101 190 192 128 197 0 135 209 209 208 84 146 173 273 159 233 216 131 181 131 94 268 277 97 178 146 268 105 112 154 150 131 176 74 81 257 242 200 240 276 165 149 164 192 244 174 232 142 253 93 154 173 184 275 144 178 223 228 208 207 115 262 141 148 237 270 160 113 135 218 144 249 207 222 186 213 132 278 151 222 235 213 78 90 134 155 246 274 104 147 79 236 118 203 75 108 164 253 105 74 180 217 194 237 206 92 98 273 193 260 193 127 169 269 166 136 189 207 77 99 196 184 251
141 183 71 138 263 219 261 185 142 205 190 216 269 111 104 154 73 230 130 78 235 234 185 0 87 172 103 228 149 133 144 151 264 144 190 248 225 229 186 275 183 107 147 253 144 155 128 70 229 95 171 84 280 273 89 177 105 118 188 217 172 188 139 175 158 259 196 176 221 209 138 224 105 79 121 123 185 234 163 102 257 232 218 211 150 212 189 213 201 114 234 107 234 119 133 153 89 94 82 70 227 262 168 226 167 234 218 78 168 259 116 226 185 183 99 91 174 200 85 135 178 206 75 276 259 177 230 219 269 79 194 220 174 248 164 82 151 165 262 133
210 162 136 115 157 217 271 279 202 244 113 241 137 250 256 230 260 134 120 121 105 168 159 212 0 149 99 195 117 252 109 115 93 230 119 133 235 129 257 195 150 123 112 75 217 188 184 183 191 210 71 275 236 119 190 187 160 175 147 87 193 229 122 147 261 133 129 256 252 250 71 137 272 235 261 141 181 81 262 240 202 185 167 212 238 225 90 164 166 210 272 170 95 110 120 185 123 186 137 118 76 173 190 248 262 213 265 258 91 104 274 89 165 250 164 119 138 190 71 270 238 78 117 73 258 161 113 203 166 206 275 223 73 71 150 86 224 269 116 161
99 166 92 157 230 153 279 120 76 151 164 149 166 250 175 76 71 233 151 264 217 173 232 159 160 0 76 80 200 227 85 198 84 187 248 167 252 200 197 243 122 269 118 128 185 254 203 138 175 207 167 76 189 79 173 278 220 71 187 148 196 74 235 81 191 198 79 203 87 225 211 107 123 232 158 152 227 150 160 91 72 129 232 170 122 179 251 96 200 244 278 202 176 153 208 232 217 191 206 213 194 135 210 257 208 179 244 226 212 202 223 216 159 154 200 99 185 215 197 223 141 240 222 214 159 126 103 127 269 226 127 207 267 255 208 200 94 104 178 146
134 243 94 126 105 84 165 101 239 138 252 235 238 191 167 181 273 88 142 209 246 236 226 253 143 107 0 92 206 160 73 121 204 112 76 121 177 106 247 216 208 120 109 258 193 170 249 82 138 141 217 125 224 206 277 152 123 98 220 149 126 80 134 167 269 196 117 124 184 279 106 271 257 267 176 231 131 206 115 132 86 269 116 191 123 242 200 217 136 273 218 252 85 174 117 200 159 80 207 254 136 184 272 192 100 204 182 95 245 84 185 125 126 107 101 233 228 184 113 153 269 126 204 71 75 263 273 207 101 156 245 87 193 122 122 279 211 77 232 243
276 127 259 152 215 117 190 268 251 115 129 93 249 176 244 133 122 272 191 249 271 183 227 276 232 153 160 0 155 72 177 138 221 100 228 90 222 135 167 270 72 192 200 163 261 161 93 81 96 123 78 152 149 109 131 140 118 225 144 128 212 168 112 115 97 185 206 242 171 124 210 215 268 226 95 94 230 226 80 275 80 150 243 121 141 80 142 238 121 160 141 136 191 80 78 214 177 205 183 222 183 78 233 86 145 271 231 243 175 81 192 155 242 245 154 161 223 99 119 150 221 108 159 110 88 237 117 239 191 92 101 216 90 89 193 123 221 186 221 246
180 159 246 208 158 144 235 177 205 217 248 147 237 87 139 88 77 204 255 276 176 232 135 93 144 179 119 78 0 130 275 82 148 210 244 87 141 70 108 88 280 228 74 179 167 191 130 183 160 122 268 192 199 121 86 79 185 87 154 260 151 225 251 214 77 153 170 195 100 213 74 74 167 99 184 125 278 85 108 272 112 200 213 235 101 134 161 86 216 243 237 118 82 256 156 170 134 117 126 154 91 83 203 218 271 222 190 236 175 180 88 194 278 160 132 195 203 177 190 274 249 233 261 264 192 131 194 164 168 161 124 271 245 271 144 249 124 157 109 79
255 207 93 224 160 90 182 124 188 271 92 151 255 230 80 277 204 178 252 258 134 153 275 152 191 269 144 132 254 0 112 135 89 210 181 196 247 224 136 249 96 213 265 247 184 273 136 114 280 99 141 157 232 250 280 237 185 256 268 195 136 246 277 76 123 261 228 244 139 124 158 246 263 134 242 161 273 180 161 269 184 144 262 106 273 226 193 113 197 163 77 215 136 174 154 207 107 248 71 270 256 204 240 126 241 274 170 267 257 90 210 82 219 112 163 204 80 106 179 81 189 103 100 186 181 255 220 183 123 74 113 237 229 131 275 148 122 242 138 265
230 214 147 202 168 241 75 233 191 117 129 125 214 188 75 253 257 170 260 280 271 184 180 134 94 150 249 256 280 256 0 233 271 278 149 135 185 206 163 123 216 202 111 103 180 213 260 161 112 138 162 159 144 199 225 194 118 264 153 132 255 175 166 257 157 237 85 70 205 78 114 214 277 261 260 206 95 132 158 249 208 256 126 177 271 86 265 174 191 251 116 213 192 158 244 260 280 171 248 129 219 172 142 159 223 78 92 121 83 188 232 70 137 211 89 121 113 118 136 108 208 226 135 187 265 194 218 111 265 278 126 266 111 184 74 95 191 273 71 201
96 72 241 228 190 239 245 182 212 183 157 73 110 203 228 243 95 72 144 267 186 168 99 261 207 270 193 70 186 174 269 0 82 212 207 143 116 259 221 265 191 194 176 196 174 261 78 211 278 125 156 125 161 78 88 165 148 104 164 147 194 207 93 201 240 257 95 186 81 141 242 114 197 253 269 152 89 113 159 279 142 225 95 181 143 250 93 279 224 194 252 126 117 131 106 280 92 215 113 206 193 207 156 106 213 149 115 147 141 220 76 224 225 102 116 259 256 276 198 252 194 169 213 104 236 124 235 202 240 107 103 78 258 87 222 164 219 72 264 195
170 229 177 242 191 158 167 163 268 195 137 101 123 153 78 237 123 259 221 192 262 111 81 191 260 173 239 226 217 217 218 76 0 241 151 260 169 270 210 147 215 132 278 167 166 129 221 229 170 153 133 163 260 258 205 263 154 172 171 101 158 245 169 257 88 92 81 215 280 180 129 208 160 226 72 139 71 220 204 171 131 261 205 143 223 152 240 116 258 241 105 129 144 202 140 172 276 202 248 215 152 169 71 162 203 133 265 256 105 91 197 274 100 137 258 90 75 155 252 133 211 140 251 91 138 244 113 239 245 159 204 166 203 225 117 184 178 182 115 261
112 160 196 125 227 133 118 155 220 268 83 117 149 89 171 143 89 279 266 169 122 130 90 88 215 218 215 117 279 177 122 153 218 0 188 237 213 115 115 130 148 161 177 277 233 88 200 104 204 235 89 74 104 145 114 187 235 107 123 71 114 182 88 276 273 170 197 132 107 278 167 75 232 166 206 136 148 140 107 71 277 97 247 125 85 113 248 116 155 71 133 87 280 81 238 273 253 112 229 170 197 114 279 253 228 129 129 123 159 237 235 261 218 209 195 222 214 118 185 277 162 110 76 193 226 244 130 269 215 259 169 245 273 179 193 238 221 94 164 208
247 75 174 183 93 122 95 190 126 85 126 136 252 129 252 182 156 270 97 82 151 198 204 186 254 276 198 98 131 240 230 139 152 137 0 197 118 203 139 252 105 88 144 230 211 245 145 236 223 164 167 168 109 121 83 254 107 163 217 264 190 164 145 127 108 75 233 188 120 250 203 102 94 176 99 222 186 148 192 73 270 238 141 278 138 238 239 244 249 113 240 217 129 92 119 274 154 184 139 218 220 124 178 233 204 207 103 216 137 208 126 272 263 87 225 187 250 175 260 129 166 255 162 164 261 252 279 121 148 122 244 262 87 245 133 89 157 204 120 222
231 122 234 231 113 165 152 249 112 144 259 208 173 148 208 223 200 72 159 77 183 166 195 160 237 170 133 71 121 116 187 70 262 187 209 0 222 272 141 159 164 209 141 188 243 235 81 100 227 107 197 79 75 93 150 81 77 142 94 151 185 258 224 144 210 241 155 209 122 243 258 249 76 233 141 188 118 172 130 249 118 83 166 120 231 75 167 255 181 111 221 134 262 171 225 185 108 221 91 236 89 219 246 218 197 152 227 211 162 272 225 97 224 186 156 114 74 147 108 78 243 177 208 224 126 94 171 273 263 223 115 234 164 151 268 130 83 161 120 188
189 182 187 141 205 119 206 183 228 270 180 225 239 79 248 72 176 136 147 114 177 110 211 196 256 185 161 234 243 226 272 246 126 216 84 135 0 120 148 272 90 141 165 137 238 125 172 160 207 121 73 201 183 157 259 174 241 245 230 164 118 114 206 122 223 73 126 107 139 132 271 132 250 197 80 112 256 280 99 106 114 182 126 149 255 224 269 92 193 179 177 274 253 172 181 189 222 94 195 260 181 206 269 221 209 113 110 119 234 273 119 72 206 101 238 230 265 216 152 128 262 148 120 96 254 82 224 173 120 233 239 196 271 251 146 147 195 70 85 151
249 160 194 223 145 88 82 93 79 276 263 188 191 138 114 82 90 207 110 237 194 261 190 106 266 99 138 191 97 93 243 213 83 72 176 231 253 0 208 235 171 217 206 95 210 216 253 217 116 195 266 263 244 176 277 77 208 155 109 139 266 142 266 94 261 263 162 158 97 239 118 101 115 166 274 184 84 134 224 94 176 93 268 81 239 102 254 125 201 150 185 184 272 213 265 236 229 267 213 264 242 132 275 274 147 129 186 137 161 112 99 270 149 128 221 235 202 148 72 238 77 137 172 249 111 218 280 280 248 146 79 260 272 234 245 128 180 173 271 102
164 142 200 215 176 275 99 131 115 176 183 86 100 109 212 190 214 107 86 178 162 173 156 84 243 150 193 94 230 204 146 224 109 246 234 206 254 142 0 159 258 253 148 107 136 197 162 205 114 122 273 271 98 250 83 263 234 204 277 194 241 240 111 113 186 277 258 133 199 117 151 89 79 102 138 168 223 212 184 245 112 235 182 137 133 154 103 243 103 191 166 78 260 141 207 275 249 172 166 153 107 81 244 276 271 188 146 122 265 89 251 146 181 181 140 140 139 264 135 123 219 250 248 186 177 278 188 147 256 107 143 178 109 227 105 89 151 244 166 74
192 257 237 147 149 154 195 224 180 106 238 279 199 155 210 210 261 188 83 119 192 232 198 207 206 220 77 222 161 158 218 94 180 169 211 110 244 179 159 0 164 270 228 234 97 235 78 80 164 107 207 127 173 123 262 156 168 243 130 178 266 90 238 177 270 275 199 140 277 196 185 112 214 198 256 110 107 233 252 135 204 267 125 156 122 102 246 93 90 224 123 215 166 242 246 210 184 276 259 258 147 136 166 191 251 76 112 204 164 280 235 79 194 175 275 112 217 138 83 142 177 103 227 143 217 144 98 141 225 270 187 193 79 89 98 106 182 267 90 231
238 150 190 195 207 95 78 211 151 79 219 214 221 188 100 260 176 224 201 153 107 130 93 97 270 259 207 70 144 180 223 150 151 217 192 121 78 82 135 96 0 166 102 262 153 254 222 138 118 230 280 72 258 132 277 179 233 161 140 172 270 218 269 275 206 210 173 216 260 193 228 199 136 186 133 208 102 77 154 189 184 265 277 182 250 186 167 189 166 152 120 180 182 279 194 110 270 263 273 158 249 257 153 154 126 256 212 96 199 247 123 116 224 120 218 134 75 261 197 179 266 188 157 113 208 140 200 239 178 252 161 229 112 226 145 231 176 194 107 240
230 202 174 140 129 81 70 175 165 171 194 102 97 110 256 86 168 227 133 279 115 250 94 133 116 176 180 270 116 215 263 105 120 203 154 242 199 78 81 132 212 0 74 146 223 94 115 254 200 215 117 191 264 212 254 153 223 140 261 253 89 162 189 192 204 195 120 98 171 271 109 157 261 234 272 116 245 134 208 185 113 178 95 237 216 260 260 149 200 246 100 115 266 194 210 146 120 113 91 227 190 269 274 129 161 179 163 201 142 253 94 190 150 231 277 80 216 193 275 124 225 248 250 92 142 186 121 79 271 227 273 207 196 223 224 199 89 104 100 116
161 213 207 135 262 187 141 240 129 261 279 72 239 261 263 102 218 91 235 91 78 144 145 226 177 121 249 172 263 246 262 151 247 129 208 268 145 238 122 155 213 191 0 191 240 165 129 127 140 117 136 214 84 216 72 226 128 198 143 221 101 104 140 216 171 229 108 252 259 158 104 84 165 108 188 171 225 201 198 95 105 246 107 248 116 135 91 242 233 114 140 111 183 276 206 184 235 88 164 175 126 195 105 141 132 232 179 207 115 178 136 179 143 251 219 115 139 240 268 163 130 106 270 84 267 271 203 150 183 270 181 279 201 218 123 108 170 216 279 195
263 206 108 275 243 171 152 183 139 114 182 242 213 108 224 116 168 95 178 92 108 108 219 174 195 105 219 202 118 254 122 256 106 223 119 137 145 97 227 134 189 105 238 0 256 243 258 75 108 107 126 198 239 161 208 267 237 111 92 140 131 248 156 109 105 160 180 169 278 136 231 268 124 88 79 278 220 104 270 124 122 135 112 149 188 279 209 178 278 130 240 143 248 246 70 260 73 258 164 107 216 194 80 250 186 71 90 198 94 181 270 73 198 169 109 159 262 264 146 127 181 263 95 103 99 135 186 185 257 146 261 140 205 131 78 159 237 255 167 105
195 195 256 227 262 243 138 192 236 149 237 226 186 258 259 196 90 142 202 193 245 227 84 225 74 147 96 144 131 71 81 79 247 263 210 115 208 261 93 155 271 167 176 146 0 233 89 211 276 258 280 113 130 113 198 184 206 96 152 176 222 108 149 201 182 269 161 193 163 201 140 103 173 122 187 117 277 85 190 216 170 102 261 195 274 156 95 200 219 90 139 81 228 126 189 156 154 87 268 214 142 212 114 205 248 245 234 107 104 221 118 99 78 174 80 118 177 280 99 251 244 185 144 178 185 272 118 266 117 245 74 93 73 124 239 112 226 268 231 119
248 178 275 252 197 212 148 250 215 97 220 279 191 105 116 109 229 112 171 171 207 228 124 244 125 271 175 253 158 101 267 74 181 171 195 205 216 73 226 235 221 149 228 138 201 0 201 239 194 176 99 229 158 231 108 141 214 218 153 175 87 227 110 213 91 243 277 99 106 186 161 240 257 260 98 171 211 246 85 230 194 149 129 89 132 127 100 167 87 187 179 153 132 162 146 76 237 213 199 254 87 132 241 184 142 113 212 90 118 141 136 188 246 149 123 147 270 263 90 143 105 271 169 105 209 248 189 196 148 94 72 120 121 133 144 214 151 151 179 153
216 79 132 272 146 99 249 153 159 122 124 186 150 101 241 141 245 274 248 87 225 137 197 100 129 261 220 148 272 117 103 202 156 78 77 148 101 75 277 200 203 123 189 84 130 114 0 118 108 90 203 155 265 138 188 124 157 102 247 170 146 208 229 128 221 229 234 204 128 252 251 145 126 153 256 148 161 234 216 218 254 212 153 171 267 280 73 237 105 124 155 277 207 255 199 213 81 87 181 229 147 277 257 206 230 95 209 266 263 118 178 228 83 96 160 216 205 158 209 116 197 132 253 89 89 234 74 238 250 243 190 241 78 74 251 272 99 106 277 206
174 71 96 274 91 278 180 131 118 125 265 122 175 101 224 123 174 231 99 198 234 253 235 99 108 95 243 194 189 98 190 166 140 238 163 98 235 206 189 98 150 146 94 268 147 234 271 0 106 155 176 269 273 107 88 159 130 142 257 139 74 95 150 258 89 273 131 109 144 269 75 120 250 121 217 102 244 273 101 192 170 153 194 189 187 269 193 150 224 189 198 102 155 184 247 141 230 97 149 251 79 274 74 148 261 263 280 195 139 248 105 231 106 135 253 98 266 211 83 228 92 213 86 174 186 225 144 150 98 115 252 76 248 261 144 264 92 71 126 209
171 211 147 170 111 112 270 88 196 134 87 153 229 252 77 233 156 156 274 87 137 184 220 84 279 136 172 163 96 185 121 252 212 134 132 111 265 241 154 239 279 276 133 124 93 147 150 269 0 72 139 160 74 280 264 134 280 215 244 270 207 135 275 130 170 104 259 278 248 147 174 215 160 103 152 254 71 230 213 208 215 89 247 178 99 226 78 232 255 119 183 192 268 198 196 113 171 153 134 277 279 142 260 277 122 135 117 176 230 166 101 157 139 244 84 106 242 227 257 112 267 139 198 258 246 75 131 252 241 209 96 106 224 248 210 247 103 229 182 130
116 185 167 268 275 248 167 185 190 125 194 156 132 145 176 225 248 201 156 103 232 165 131 165 237 256 131 246 272 157 238 130 187 149 101 88 150 176 212 278 261 74 279 269 115 149 148 130 135 0 177 83 155 250 120 176 234 176 217 106 223 96 271 184 124 199 244 211 90 250 215 257 72 143 167 71 153 112 217 201 203 272 177 153 250 161 193 265 185 153 194 249 209 89 117 213 217 144 108 73 151 71 89 121 96 134 71 274 111 237 235 77 242 198 238 199 107 143 242 148 145 129 128 243 272 262 197 186 102 273 236 173 190 195 202 211 253 263 165 141
231 134 167 106 119 250 97 159 201 117 159 112 109 235 246 157 247 120 86 147 173 143 162 187 200 219 250 195 270 99 230 261 169 237 138 154 172 167 205 241 273 85 186 231 252 226 167 89 106 202 0 131 135 171 112 214 158 266 242 270 72 249 106 198 184 139 244 251 210 182 156 167 114 270 79 221 118 155 274 226 192 158 184 184 161 208 114 218 273 205 95 200 188 79 201 78 186 246 262 197 116 192 187 133 225 92 78 110 140 80 114 192 246 187 237 164 122 76 147 117 157 239 159 208 133 257 270 162 149 118 96 126 253 227 168 189 251 80 116 162
118 203 231 196 214 179 257 100 268 124 260 229 143 143 162 89 70 267 116 164 107 245 185 138 178 222 192 251 122 78 192 176 269 250 138 106 112 233 263 155 218 101 208 157 165 145 80 72 254 145 225 0 260 171 81 82 78 261 189 234 75 236 81 155 92 191 278 144 280 164 174 143 244 178 186 146 219 80 123 88 212 140 280 232 141 111 153 180 123 93 268 165 109 184 126 104 149 275 124 227 198 112 110 262 153 278 255 211 198 116 235 106 102 97 242 237 256 278 150 133 271 177 191 92 241 210 82 260 101 257 213 214 261 127 225 232 158 204 279 191
123 187 183 278 132 251 221 87 167 205 140 238 205 259 111 236 219 91 183 149 181 266 200 132 256 165 243 216 239 140 100 179 116 70 258 124 185 156 149 246 218 182 202 270 121 205 276 155 88 143 234 174 0 184 77 162 146 189 165 120 102 255 248 151 92 236 85 104 113 135 200 117 265 242 234 227 170 189 204 100 175 260 261 99 95 253 149 141 126 225 93 101 110 70 228 218 253 234 214 210 237 131 207 150 274 106 161 183 233 196 173 103 138 250 111 148 103 210 232 133 237 148 208 103 152 119 203 248 157 116 129 194 241 180 244 139 138 273 255 168
210 257 81 236 164 247 128 174 203 150 172 134 88 219 89 164 169 262 192 240 176 271 189 185 267 200 183 166 164 254 270 184 227 189 261 136 123 93 93 245 239 191 207 179 255 158 166 84 275 211 100 200 248 0 150 123 187 259 152 251 165 257 124 86 268 233 200 244 260 171 194 269 100 266 237 82 217 274 119 101 221 250 253 193 270 243 122 252 79 170 109 205 233 194 142 225 185 81 139 175 261 120 237 143 197 235 276 257 147 177 196 144 189 175 154 189 256 174 106 277 76 165 234 88 92 232 262 214 159 209 189 102 76 135 191 218 88 111 161 95
270 71 280 225 165 70 171 257 133 264 126 116 136 95 147 76 104 241 115 127 264 84 176 204 154 275 254 169 215 76 194 137 116 148 202 245 129 263 245 279 179 156 82 269 179 251 173 153 195 135 102 248 246 208 0 279 242 242 114 133 164 154 149 142 250 230 211 92 71 184 210 107 233 107 212 248 156 238 224 249 123 181 215 118 271 267 247 174 164 205 211 223 185 121 113 225 196 238 128 106 151 155 235 80 133 162 82 250 193 198 258 182 229 258 273 139 106 186 97 111 127 135 193 274 277 240 235 223 259 278 212 151 153 175 83 117 173 165 122 182
196 182 268 205 248 111 206 140 150 127 224 208 163 230 72 273 255 217 132 134 267 74 88 152 196 209 252 146 128 254 164 274 101 107 213 70 150 78 175 151 137 127 184 135 269 82 151 112 254 231 228 280 216 255 138 0 215 254 163 259 266 242 155 233 133 109 126 102 239 226 238 253 249 276 225 170 97 187 256 81 213 144 92 100 193 106 169 185 174 276 84 205 163 134 163 268 264 148 129 280 92 211 117 137 215 132 90 257 70 250 275 249 234 112 210 106 190 165 277 269 98 150 200 141 262 209 140 91 180 168 278 146 170 165 260 104 151 180 140 131
197 217 78 152 228 105 93 202 108 253 80 121 124 215 128 115 203 134 119 218 248 205 173 126 209 251 201 190 265 117 275 72 204 191 107 75 133 221 157 266 191 70 201 232 136 219 216 114 165 215 195 262 256 268 123 90 0 116 172 101 157 218 225 173 165 116 159 124 276 243 115 147 97 84 145 197 223 95 230 256 177 233 137 121 72 88 181 87 108 97 119 273 70 249 128 74 104 117 186 116 155 72 148 162 80 193 166 126 125 177 177 84 100 113 263 138 166 228 175 198 220 202 215 114 187 150 272 138 272 110 134 79 182 84 201 89 120 156 255 90
210 188 82 85 225 146 173 118 198 159 230 120 86 111 233 172 163 178 235 256 132 80 132 213 240 246 112 110 261 108 271 224 192 78 136 129 254 133 116 234 79 229 88 198 78 92 246 102 124 275 172 112 168 172 101 121 164 0 182 111 266 117 145 189 183 238 231 97 251 246 227 263 211 185 150 110 142 138 195 77 130 205 123 111 125 121 169 117 140 168 226 267 274 92 258 275 102 135 217 166 209 243 137 255 154 84 116 139 169 119 72 258 175 276 230 167 112 272 243 113 111 256 120 179 110 213 175 199 139 152 161 250 85 102 107 190 70 203 219 82
223 95 231 266 80 154 193 84 166 169 267 159 220 278 238 217 220 181 106 144 141 104 215 166 225 98 220 120 96 199 137 99 104 214 212 152 209 94 280 184 278 91 99 169 80 197 180 218 165 150 77 227 213 111 145 113 249 266 0 113 184 155 258 263 74 182 130 89 137 88 95 82 122 239 155 271 242 253 70 139 114 142 117 91 214 172 124 132 231 280 123 105 109 122 120 180 211 93 269 76 127 227 212 76 279 278 157 271 87 280 256 251 211 117 128 260 241 208 172 229 184 150 174 209 72 274 72 160 80 156 264 238 193 199 75 150 199 180 93 85
216 264 230 117 74 110 103 184 263 214 151 224 185 236 125 103 221 275 116 280 204 136 197 195 88 121 210 188 103 132 83 102 200 103 244 133 190 141 258 156 189 242 154 75 127 203 264 249 109 233 130 166 184 121 77 109 189 267 240 0 84 97 169 256 154 188 149 204 261 178 85 114 244 150 215 209 229 214 87 162 236 128 136 118 181 246 161 186 111 257 269 118 160 191 120 130 237 268 182 121 98 166 121 212 226 145 199 160 163 172 162 166 207 153 110 227 88 241 239 124 230 145 122 82 195 87 130 154 269 141 260 152 239 252 219 71 176 155 152 155
269 203 213 105 218 262 78 237 180 71 162 157 102 233 232 123 123 239 253 170 160 271 147 104 247 260 216 138 260 248 105 116 81 215 119 162 82 264 260 149 155 124 111 204 223 105 73 153 211 203 139 152 248 173 255 264 263 177 172 276 0 215 117 230 175 114 168 141 102 252 238 271 259 121 118 227 257 211 241 146 245 209 220 248 273 77 248 237 193 129 219 209 84 122 83 221 73 217 120 116 186 205 255 234 120 210 199 174 150 88 186 148 86 137 119 154 134 224 199 92 171 80 280 79 132 90 254 82 218 180 260 154 78 154 170 93 168 202 201 93
132 138 242 152 176 128 195 169 280 166 209 125 105 154 170 99 214 113 76 74 112 119 123 112 279 231 201 72 242 114 105 265 204 198 227 86 74 246 212 225 110 239 238 143 255 150 129 181 125 100 249 82 134 90 212 87 245 224 226 272 89 0 196 103 185 254 130 142 95 201 241 259 83 230 77 91 140 235 166 199 252 177 222 105 104 192 110 170 250 263 212 272 264 214 131 119 137 253 190 268 260 264 197 146 183 226 229 162 264 128 198 255 70 159 121 97 204 218 258 174 247 185 219 270 175 238 101 247 112 83 198 161 248 241 231 126 152 128 190 202
260 256 226 228 123 137 114 162 137 119 231 143 82 162 110 244 234 267 131 144 160 241 205 172 260 213 240 190 209 77 137 228 259 183 240 247 120 220 144 124 203 169 270 233 243 226 248 197 245 149 181 129 149 257 141 157 95 159 243 140 94 107 0 134 155 164 136 141 74 107 79 213 264 133 123 251 251 268 200 91 105 250 99 125 131 215 248 122 176 173 86 134 265 247 81 119 132 95 130 161 256 258 233 229 236 79 228 198 82 163 86 129 188 203 77 259 143 149 280 195 171 108 210 141 169 236 236 75 195 108 174 199 205 167 146 250 176 248 151 77
94 242 261 134 172 151 250 177 109 141 210 101 130 108 204 168 95 202 241 132 111 84 196 202 119 156 224 101 147 144 88 254 83 220 92 198 203 126 164 228 276 77 277 259 133 152 262 76 105 269 135 226 157 108 209 107 77 81 150 265 196 174 263 0 115 144 110 72 92 250 189 279 158 253 141 274 152 92 94 165 131 205 234 234 116 173 221 148 132 244 168 187 180 212 128 156 224 228 218 183 251 272 277 277 113 254 242 142 182 277 173 138 143 204 108 112 122 168 222 97 179 113 267 142 114 74 225 107 276 95 125 180 153 174 227 191 140 99 158 261
274 188 136 227 279 71 179 109 157 109 261 144 217 158 239 136 246 105 224 267 203 76 168 82 256 163 179 88 82 130 217 193 231 94 115 210 240 256 91 132 123 105 266 169 141 269 84 191 277 168 95 103 160 100 161 162 167 207 269 186 197 94 262 109 0 239 256 81 99 99 278 197 232 249 186 227 263 183 214 241 128 117 177 245 169 221 204 250 149 118 70 267 212 251 260 151 212 175 118 187 241 120 187 277 104 99 266 170 211 114 179 236 182 276 178 92 163 214 125 123 146 184 199 155 176 157 113 168 142 224 80 280 99 99 204 278 139 216 150 162
273 169 113 250 82 113 101 125 70 89 183 91 125 71 262 222 187 133 138 133 173 157 253 193 245 236 177 178 119 184 122 168 159 77 134 176 136 106 258 176 163 80 119 70 257 184 150 80 221 258 83 174 79 70 205 132 90 240 191 129 252 92 271 162 87 0 271 271 161 217 198 161 208 213 128 152 253 255 93 216 116 139 112 116 71 206 250 212 170 147 140 254 265 116 83 150 111 102 194 270 175 129 266 120 182 232 218 146 189 279 210 201 189 141 182 139 189 101 181 278 167 189 205 215 272 277 276 195 90 93 169 152 100 79 70 173 142 76 82 255
135 130 271 230 119 223 97 260 99 135 220 256 82 206 203 241 207 170 164 269 120 229 211 244 189 113 187 259 148 246 243 256 254 202 126 137 177 149 243 204 79 242 233 191 133 186 236 148 176 89 200 96 120 127 154 269 222 96 169 93 103 136 154 167 218 172 0 269 215 117 214 77 145 135 77 118 151 119 238 137 157 146 112 125 118 238 196 103 149 192 154 204 225 107 228 240 71 259 128 136 238 89 132 224 146 215 134 112 168 254 257 270 99 269 247 98 232 159 107 157 178 74 134 80 91 218 184 267 232 215 206 275 120 262 114 228 129 270 163 114
228 249 151 225 258 114 164 149 195 89 113 139 220 261 223 233 225 212 207 86 233 119 79 280 122 149 133 262 224 195 87 141 193 234 74 139 169 117 140 155 159 214 277 224 109 173 237 116 153 207 218 175 213 90 160 273 198 216 193 76 140 227 194 198 75 258 234 0 237 217 109 102 87 267 267 76 141 116 270 120 175 225 173 71 134 214 70 142 182 242 70 255 234 209 101 192 225 131 111 243 176 98 241 105 210 152 251 141 151 139 222 206 116 271 116 145 151 198 110 169 185 132 147 263 122 78 220 271 178 217 235 137 256 219 234 267 73 126 88 166
217 169 107 189 273 161 156 280 103 82 122 168 264 89 97 92 176 267 132 136 168 267 263 173 141 215 241 204 117 259 271 154 226 193 207 80 259 166 147 150 153 179 277 195 215 267 101 207 266 83 226 196 139 244 149 269 216 134 173 243 196 132 278 257 133 125 269 116 0 144 140 169 113 109 105 89 120 122 260 115 195 127 84 280 192 144 234 179 116 91 175 221 185 205 213 151 232 217 179 168 74 260 206 261 206 247 183 100 102 213 158 112 270 267 255 273 164 156 138 197 258 111 238 209 82 123 253 101 241 127 98 184 202 224 108 279 96 113 260 92
144 202 127 238 149 178 152 239 197 266 268 219 171 255 203 100 225 77 108 105 105 180 102 72 129 79 280 209 247 271 156 193 119 86 184 245 155 143 151 207 131 208 230 81 248 121 78 94 114 139 134 252 197 239 228 276 90 225 149 153 115 98 142 96 187 244 103 225 196 0 108 219 134 147 72 76 166 164 258 206 116 249 78 186 160 124 257 106 204 206 216 246 89 221 79 86 129 112 258 210 84 172 88 199 75 173 222 258 210 254 125 85 234 222 226 97 83 215 148 198 194 192 235 125 95 83 223 137 110 135 237 280 201 239 174 108 76 187 168 151
178 83 207 200 80 279 98 259 73 210 96 207 201 77 146 268 121 201 119 155 158 170 186 254 89 117 267 228 173 103 180 133 167 144 91 213 254 188 267 98 151 217 234 182 137 123 254 158 275 216 76 200 151 150 154 213 182 213 153 102 140 136 102 114 138 216 252 232 239 140 0 141 227 74 174 95 117 166 160 175 200 264 157 223 92 154 88 82 122 237 106 190 203 200 180 104 242 88 116 169 212 71 84 111 131 162 123 261 222 126 175 227 248 126 98 138 88 211 85 162 110 145 212 97 180 267 165 75 85 113 201 225 247 136 128 268 246 203 139 211
267 258 102 165 151 270 121 152 152 150 141 107 155 83 171 137 168 96 261 146 85 156 205 191 94 250 234 261 216 183 241 248 208 135 198 235 73 251 84 202 136 169 177 73 82 227 144 189 142 179 169 233 278 80 135 99 250 146 175 254 140 190 150 131 188 85 273 128 130 124 79 0 115 187 77 207 134 233 170 88 254 148 262 213 198 106 254 87 246 214 180 228 98 265 203 235 163 89 119 188 167 81 133 109 234 133 270 79 96 115 139 209 242 158 252 181 197 80 109 188 157 196 271 212 194 82 213 152 190 183 212 184 171 138 99 209 149 216 132 104
236 256 81 278 159 245 132 151 140 204 243 265 251 214 213 211 81 219 71 245 190 223 150 167 143 251 196 209 275 209 218 86 169 248 184 257 161 214 103 180 148 155 271 275 245 72 203 125 200 163 159 146 216 73 192 278 244 274 101 224 104 234 189 114 74 119 224 183 110 256 114 82 0 204 178 104 242 234 263 228 167 73 180 280 177 231 192 88 215 187 105 272 144 218 108 200 110 146 158 225 102 139 106 260 118 212 210 270 248 193 211 193 84 178 220 127 179 183 109 190 255 110 235 185 138 218 90 208 149 89 216 74 243 89 251 83 241 266 213 139
276 194 275 208 163 113 120 104 139 259 257 197 238 171 268 85 117 168 169 238 161 136 105 177 266 100 186 98 85 194 101 221 230 257 126 104 161 235 255 229 125 102 83 116 256 130 240 162 122 194 176 138 207 101 129 214 187 177 272 262 125 74 79 224 94 142 223 164 197 214 238 71 93 0 72 156 277 164 99 153 158 159 115 275 162 159 262 152 169 221 198 241 169 137 272 78 193 123 171 232 118 228 114 278 154 127 216 225 248 96 226 153 75 236 218 136 181 177 74 131 273 197 106 95 264 217 174 140 103 186 78 207 131 254 122 204 139 259 175 89
172 194 253 161 156 213 256 217 136 71 119 70 90 212 115 121 84 96 237 268 229 181 179 99 192 111 193 109 203 224 194 105 219 199 194 192 102 273 83 102 79 218 145 177 246 137 158 121 250 137 146 263 267 210 231 249 201 217 198 205 188 135 223 151 113 216 187 250 138 255 250 143 203 276 0 150 213 152 137 173 221 90 277 161 160 237 77 260 150 210 230 86 188 254 105 204 152 164 119 212 227 104 87 71 145 139 208 91 171 107 256 172 80 187 93 266 107 255 220 240 233 269 231 113 205 108 147 268 83 265 91 244 256 100 249 163 258 230 259 199
106 119 250 157 116 217 230 267 245 249 100 101 124 116 90 238 256 98 262 117 111 157 136 127 233 266 222 113 84 117 90 216 135 105 109 269 252 99 210 127 89 206 182 146 132 77 246 174 186 74 268 179 108 153 263 194 252 263 142 247 218 160 82 183 235 206 118 144 102 176 158 97 221 122 246 0 182 218 195 277 262 205 130 153 94 78 278 172 107 107 217 83 176 94 85 213 243 175 197 224 208 146 204 182 188 132 70 234 198 204 211 275 159 245 86 75 97 177 154 251 164 91 244 148 203 161 137 161 153 240 239 128 78 226 242 266 224 192 222 247
87 89 151 190 79 133 115 170 261 234 250 206 107 187 207 150 273 150 93 183 248 126 271 279 276 133 157 218 272 143 88 208 129 271 226 198 269 130 92 264 183 228 146 177 177 131 207 222 116 206 255 214 107 193 276 182 99 155 147 220 79 239 122 151 99 192 155 169 162 172 159 203 224 188 112 177 0 104 97 147 237 103 73 216 76 236 86 151 91 218 275 179 242 146 253 255 171 224 267 152 179 147 219 87 159 261 147 130 216 92 128 81 136 103 219 205 134 111 162 106 88 245 199 154 267 262 277 148 144 221 83 279 192 160 84 211 131 268 121 233
222 191 144 242 154 198 99 246 191 165 206 198 91 184 262 75 119 257 191 235 202 120 108 90 225 252 115 270 110 146 280 143 245 236 225 218 88 153 105 107 111 72 194 138 200 192 171 139 74 196 222 256 243 101 82 274 164 134 147 130 71 95 192 138 195 157 206 87 93 216 248 215 179 223 75 188 276 0 188 240 206 96 134 221 239 223 219 155 183 136 262 150 224 104 135 221 206 213 113 279 71 153 226 78 111 81 276 222 101 147 113 151 72 175 251 82 109 118 276 163 269 180 239 174 109 280 169 215 87 251 191 230 238 187 141 180 148 135 214 246
159 113 152 219 103 160 240 96 278 147 222 134 103 96 226 227 86 247 153 110 210 174 159 193 121 236 245 101 101 179 219 209 141 94 143 239 166 227 240 91 148 102 101 121 116 81 216 271 77 193 122 187 78 212 75 154 95 102 219 170 80 174 265 162 167 171 189 170 215 206 77 229 275 125 76 86 71 268 0 83 241 272 118 79 163 81 263 215 242 263 184 231 76 229 121 169 223 76 252 208 210 93 104 270 145 175 227 171 202 126 260 157 209 144 141 263 107 264 222 104 75 198 248 101 193 99 219 264 107 269 272 168 161 142 97 162 267 159 203 242
124 157 210 105 160 191 227 130 258 215 208 84 258 138 280 255 254 226 109 181 268 145 129 234 205 198 171 125 126 92 101 268 167 206 76 167 187 225 255 250 189 185 207 266 89 219 74 138 160 97 202 204 139 134 245 150 71 196 205 210 175 152 116 260 218 227 106 196 216 241 218 241 239 234 70 236 98 130 133 0 249 95 197 274 156 92 146 79 184 139 237 251 207 202 269 141 180 231 191 147 135 83 242 179 80 134 247 201 105 136 111 86 185 261 225 82 258 261 277 232 97 94 172 240 143 176 83 197 108 176 173 186 73 239 208 228 116 244 270 223
247 131 133 97 172 150 184 272 86 170 138 75 187 210 258 188 76 247 159 73 261 119 145 280 95 149 209 98 209 92 252 153 211 274 188 166 122 166 245 111 107 221 133 234 138 238 161 174 197 82 259 233 182 264 236 266 273 211 249 202 113 126 111 277 176 190 146 101 202 249 81 225 165 172 176 256 114 211 85 200 0 265 121 149 165 154 126 164 124 197 130 164 139 158 252 116 102 163 113 139 178 147 209 104 213 131 174 91 193 138 150 176 103 211 89 194 268 129 172 99 102 178 193 205 207 276 274 235 79 72 247 86 172 227 74 248 242 194 177 149
241 165 215 262 143 111 100 171 126 202 219 197 183 143 89 184 276 172 237 238 134 169 131 189 252 249 139 274 108 94 179 258 73 214 91 200 204 247 257 105 150 234 268 202 139 261 243 220 126 194 151 206 84 133 231 127 164 170 131 249 190 83 266 265 115 146 159 221 178 166 95 252 233 273 224 252 258 96 225 94 209 0 216 175 275 225 135 213 80 78 76 151 243 216 116 144 122 273 100 213 115 71 78 262 218 105 233 160 178 140 134 212 245 274 197 233 134 121 150 107 249 174 97 94 106 202 272 110 92 149 114 264 183 163 81 86 172 215 236 163
136 179 200 255 167 231 155 277 199 101 125 91 214 159 252 194 72 247 224 146 269 138 242 147 278 89 140 252 182 92 249 136 115 240 91 150 130 227 121 82 224 121 242 108 102 108 230 186 100 74 178 125 241 134 250 92 228 254 265 106 153 126 144 194 243 208 201 237 139 137 210 130 238 193 273 221 180 236 202 97 186 130 0 183 140 86 117 257 103 260 138 104 192 245 81 268 119 252 232 171 99 252 170 254 184 89 242 265 240 170 198 97 170 233 226 202 229 181 241 226 205 217 163 247 280 280 257 132 164 245 159 119 107 257 82 131 166 148 98 158
110 106 128 165 148 135 83 203 79 117 219 189 199 208 124 79 162 243 243 151 273 124 189 271 143 178 150 209 235 242 121 152 172 276 148 104 258 164 233 181 199 139 258 271 238 221 206 267 229 107 235 270 94 226 80 205 269 110 166 71 116 145 183 161 147 267 97 103 230 101 115 92 121 146 170 121 81 179 204 131 177 103 157 0 73 144 88 222 88 86 116 142 248 171 143 101 104 217 251 231 251 229 252 168 185 134 133 139 183 230 92 131 217 72 98 137 99 144 195 250 157 276 136 121 233 90 241 131 248 257 148 277 260 243 76 115 115 122 226 232
186 202 101 221 173 185 254 213 110 79 193 212 216 171 235 115 206 84 131 92 221 110 244 158 164 73 267 180 199 258 270 159 237 79 133 91 198 132 233 265 252 81 211 155 248 224 217 95 277 208 142 151 88 258 223 181 270 143 210 208 170 231 99 123 188 196 137 277 83 91 107 107 92 103 156 110 74 253 129 261 271 195 109 95 0 137 269 98 176 191 112 272 204 90 153 193 204 70 211 150 70 241 209 269 252 158 222 170 99 131 162 178 131 91 120 199 182 201 222 250 186 202 178 272 82 170 202 225 85 216 275 225 268 137 74 273 217 226 105 179
109 243 79 102 97 80 199 103 263 77 236 71 106 230 171 216 163 214 163 145 135 96 93 129 150 137 241 92 148 111 76 254 259 235 196 81 274 158 278 70 220 91 193 235 214 108 180 256 213 233 240 250 114 86 258 201 173 146 110 208 263 189 196 101 193 196 89 208 215 75 138 161 95 156 203 135 260 88 117 222 273 197 158 107 275 0 136 135 102 167 237 147 72 186 232 79 163 239 88 233 89 189 267 188 240 195 118 217 100 180 85 99 210 93 236 278 204 107 223 124 111 236 94 223 145 195 179 189 100 243 177 106 187 115 232 155 275 238 173 246
193 100 125 82 268 119 211 260 144 155 212 76 95 163 80 231 242 86 255 79 201 122 276 235 209 125 215 248 265 189 224 155 163 191 244 256 98 93 84 178 219 262 229 195 173 160 171 122 191 227 103 251 213 163 87 87 276 132 88 256 150 203 232 120 94 80 139 99 184 151 207 135 267 252 119 221 134 253 134 161 110 107 147 244 254 87 0 239 166 127 207 260 237 117 193 124 78 209 188 155 113 148 242 151 226 128 261 120 174 183 197 255 175 262 126 169 192 220 147 183 280 262 275 139 214 246 77 238 77 149 232 95 172 196 267 107 112 223 244 191
152 146 138 187 255 179 157 193 206 271 131 163 174 243 149 100 280 210 214 83 169 106 168 276 122 272 86 176 173 89 252 277 140 270 70 157 134 124 136 252 201 133 211 275 186 267 203 95 186 263 107 76 80 238 179 256 272 94 174 198 165 236 208 229 221 143 78 157 150 103 190 229 251 132 271 108 277 105 79 130 129 215 198 106 131 87 237 0 272 104 195 258 109 174 194 166 162 129 252 165 274 276 210 218 176 245 140 155 131 113 119 268 232 272 104 73 136 206 208 213 144 160 218 116 253 114 271 70 270 241 91 230 130 102 227 192 174 97 182 169
147 273 207 143 90 176 182 81 203 129 213 276 92 172 251 143 237 196 198 195 280 241 172 86 279 234 112 90 236 211 245 130 169 97 163 180 75 142 89 280 219 177 215 77 192 242 131 166 220 251 221 221 188 103 211 270 171 162 245 258 150 101 219 134 103 232 102 224 71 268 202 88 114 253 265 170 71 207 232 98 223 125 229 260 115 185 152 77 0 99 157 215 79 229 146 211 276 273 195 164 177 106 191 79 233 187 206 145 79 101 147 233 87 231 101 193 139 258 95 136 112 153 112 260 245 110 171 170 248 79 259 221 118 134 192 192 249 71 248 216
190 220 105 167 271 103 255 236 218 217 138 160 96 108 257 234 73 142 102 143 97 209 203 130 198 224 108 198 272 174 134 207 106 180 223 267 127 197 146 215 74 125 268 79 165 81 207 204 155 164 148 227 169 270 229 151 136 123 192 195 260 159 149 185 87 99 225 184 248 212 116 167 111 146 224 263 152 145 260 269 152 92 125 153 81 72 211 247 214 0 254 102 204 275 262 177 137 221 254 73 123 219 278 80 175 192 170 130 93 113 245 205 234 179 250 146 104 178 210 93 252 256 155 200 93 127 210 171 268 164 146 247 143 244 123 105 234 113 112 264
249 276 200 238 278 273 162 154 73 145 175 263 174 243 115 215 222 247 233 82 77 251 225 249 150 279 204 233 93 122 80 117 195 260 182 70 179 221 260 94 265 236 118 232 181 153 180 101 113 159 161 70 97 137 161 132 208 218 147 70 274 150 260 129 205 158 84 134 209 126 202 189 196 255 200 133 84 258 200 256 208 263 230 86 173 230 270 231 93 200 0 77 265 166 128 76 134 219 86 182 268 223 185 148 83 231 165 260 115 200 151 258 196 232 154 127 264 232 174 260 273 259 106 125 90 209 255 183 268 217 198 166 162 179 239 131 159 119 186 278
167 162 269 215 165 271 164 212 161 76 120 131 88 196 171 130 184 211 122 159 167 275 112 220 126 152 173 200 78 244 278 121 132 113 242 224 185 184 270 250 212 106 179 74 269 146 78 135 230 167 190 84 250 129 269 107 236 144 210 104 235 135 264 188 190 268 129 126 131 222 178 276 85 80 171 167 174 167 243 158 215 194 279 192 112 121 222 157 216 258 90 0 230 254 209 101 238 258 208 225 246 119 126 235 226 125 131 91 202 272 95 95 262 101 166 215 206 107 105 77 224 148 130 133 233 218 125 224 91 239 99 148 113 99 166 196 114 236 249 116
243 158 96 117 152 256 175 125 240 235 265 208 158 206 139 138 250 148 112 170 228 132 177 248 210 250 123 268 278 227 136 94 173 238 204 222 258 93 136 119 258 256 223 150 132 226 148 174 257 82 79 181 72 228 126 238 162 244 73 74 229 153 259 163 91 180 72 267 91 71 193 73 204 145 194 234 139 155 133 178 110 83 130 109 105 122 209 205 83 115 188 248 0 174 93 139 173 111 128 77 233 145 230 268 256 242 100 216 194 138 187 273 240 213 180 196 258 141 133 231 215 239 226 122 115 131 201 261 81 178 87 164 70 218 85 199 271 89 159 268
133 252 165 83 170 124 239 128 240 70 202 233 243 279 137 228 261 224 96 187 125 184 195 201 227 234 189 76 86 164 231 135 126 163 133 205 186 94 173 208 140 235 84 257 136 175 235 151 153 235 180 179 102 118 137 107 249 272 148 201 215 195 98 185 174 133 104 120 82 204 85 111 225 111 198 237 220 122 165 274 107 188 147 77 173 213 155 265 117 126 262 241 105 0 263 143 255 111 162 223 96 118 115 90 229 107 158 82 205 156 128 170 162 149 245 218 123 145 193 134 171 104 242 258 112 276 92 140 129 72 117 126 87 207 90 275 163 206 177 142
198 164 239 135 268 257 202 123 275 108 232 97 146 72 85 166 275 106 203 264 79 192 157 265 159 218 125 210 138 161 119 154 150 134 238 175 241 152 244 202 228 79 93 109 149 271 159 94 278 92 118 221 217 162 103 256 174 268 232 170 269 200 217 138 173 199 265 163 258 273 75 198 153 127 271 209 182 197 222 70 106 199 118 74 153 235 111 208 204 100 236 78 252 140 0 260 273 216 191 84 110 229 103 163 156 164 140 256 207 212 254 225 278 87 141 116 78 98 270 165 184 83 239 149 95 186 268 180 110 189 272 182 161 117 237 181 170 124 82 274
260 139 178 85 175 226 162 212 103 172 147 222 265 155 200 188 99 232 101 72 168 174 268 110 276 155 266 104 72 268 213 161 166 91 199 138 262 83 163 179 159 240 71 182 187 252 206 206 238 264 94 125 108 269 171 196 178 192 253 80 258 225 180 139 147 235 271 197 275 170 143 239 155 251 184 239 153 161 234 140 279 158 224 219 264 137 92 269 168 201 248 154 217 267 114 0 257 108 124 177 279 221 78 203 192 97 93 76 232 260 132 238 219 78 228 150 223 139 224 71 263 162 166 109 88 254 212 226 153 213 177 163 91 158 213 262 97 151 198 276
85 178 255 162 121 206 207 157 178 138 236 108 130 96 278 273 140 77 240 95 221 252 199 148 215 194 244 134 250 104 205 157 111 188 171 137 231 82 101 132 142 174 133 245 266 159 144 263 111 157 274 97 95 167 264 225 224 122 257 256 205 224 78 208 118 263 213 183 240 95 123 260 234 181 136 219 277 156 146 80 180 104 258 173 266 212 147 92 210 130 206 239 167 109 157 170 0 192 264 224 104 265 152 76 217 272 203 255 231 216 279 242 202 148 100 231 158 247 95 264 220 193 222 219 159 108 212 194 196 231 242 74 200 150 97 158 231 88 178 247
228 221 177 220 266 76 207 214 167 185 195 259 277 228 129 101 100 129 101 195 202 147 249 126 189 133 108 101 269 256 120 243 171 120 200 260 234 159 110 165 262 135 82 116 176 125 240 257 155 272 223 206 134 234 243 110 163 132 158 88 257 222 159 131 219 121 239 127 149 76 134 216 109 166 263 264 120 159 194 77 106 90 231 119 219 244 84 216 185 186 174 214 111 165 127 119 131 0 270 220 128 240 230 167 169 224 275 82 212 213 153 129 227 224 126 213 109 95 219 209 251 235 191 247 81 97 257 217 106 134 132 247 98 189 250 151 219 133 169 76
112 190 80 228 234 255 104 231 125 250 149 128 85 175 87 220 83 72 148 201 262 266 240 125 221 91 234 113 186 107 194 70 214 215 107 130 159 163 94 265 233 181 174 200 153 249 131 184 139 188 209 89 189 82 99 207 253 247 143 101 211 247 228 123 187 246 83 194 225 112 237 126 223 217 148 133 79 238 236 216 194 209 172 204 208 240 88 208 130 84 93 274 233 209 263 163 196 275 0 102 90 242 189 143 123 260 267 94 88 93 251 104 138 187 228 255 227 102 276 176 131 108 255 258 159 261 159 85 130 187 232 125 237 103 101 257 255 218 148 162
252 195 261 142 204 170 258 218 93 276 176 180 122 86 111 86 80 133 212 94 255 203 92 127 196 257 170 218 73 191 189 77 223 111 227 156 273 96 202 156 148 119 257 126 103 132 192 157 192 277 113 151 185 203 252 75 274 251 118 100 125 219 179 275 178 125 245 110 206 159 73 158 139 87 223 189 172 211 76 150 243 154 280 250 268 224 190 218 221 252 161 116 278 180 196 95 111 251 140 0 223 83 78 102 169 94 180 184 112 231 95 272 127 145 171 185 82 250 146 104 165 184 125 89 243 127 106 130 143 173 230 116 208 145 254 256 156 135 147 172
241 202 110 159 155 218 163 101 148 234 186 205 265 152 218 259 129 192 139 184 88 163 273 139 223 77 170 136 196 105 263 141 257 143 207 192 204 239 231 218 203 123 192 243 111 125 244 109 181 97 160 198 158 196 102 250 89 157 83 87 84 270 252 165 118 164 205 211 181 202 274 92 152 254 194 239 135 204 159 146 139 178 87 139 170 82 157 145 143 277 115 72 273 202 89 222 159 266 166 152 0 171 213 259 102 158 197 85 145 150 70 184 187 270 234 130 204 262 81 231 147 88 145 191 173 84 222 86 232 144 142 188 136 77 84 140 193 106 98 216
231 80 176 270 76 246 239 212 255 189 256 218 102 70 264 81 183 95 115 125 116 201 202 120 242 121 123 128 253 254 84 116 136 78 157 186 191 204 194 188 145 201 254 114 224 249 119 125 85 194 269 221 211 124 275 159 192 124 243 172 144 202 238 264 235 186 162 87 251 246 131 274 101 187 188 92 103 280 176 224 106 186 88 86 80 93 86 259 237 173 143 152 142 121 70 263 155 171 247 261 152 0 254 99 162 125 71 75 145 160 275 109 242 219 182 103 228 240 254 196 114 70 146 216 228 230 79 174 227 181 173 187 153 176 188 137 154 80 170 154
112 122 145 162 220 217 209 142 253 93 222 116 130 255 228 147 133 183 263 109 174 263 166 89 224 112 267 166 116 95 250 127 211 77 211 220 259 134 190 225 149 198 84 83 167 219 108 163 227 111 118 267 168 185 79 117 238 85 223 171 106 203 140 208 224 193 95 184 114 187 181 120 258 196 236 224 95 254 166 95 91 259 178 261 187 104 173 189 119 91 126 134 278 139 181 219 109 71 106 191 87 186 0 143 136 112 78 248 238 106 278 196 124 118 192 157 70 177 174 143 169 119 270 83 225 92 131 123 170 185 248 138 129 71 137 203 117 197 257 225
209 209 180 247 198 198 143 146 256 261 247 211 268 112 174 199 234 87 216 272 103 256 271 172 164 117 191 108 80 105 227 130 111 197 268 275 185 71 188 115 94 114 200 207 255 147 153 115 179 280 226 144 245 130 279 192 129 92 155 196 101 107 93 164 268 184 140 232 110 190 155 259 155 95 189 153 149 108 277 120 185 261 77 252 163 267 271 179 143 108 113 245 273 206 277 205 278 249 223 77 180 113 198 0 182 110 209 114 101 97 206 140 161 110 169 269 73 210 89 93 150 263 193 236 112 255 135 187 137 152 75 105 148 121 261 254 222 162 223 249
96 156 115 266 238 126 217 203 78 138 87 164 269 247 249 239 174 74 167 141 267 139 115 142 279 231 151 261 147 201 171 206 143 276 177 130 163 111 221 182 107 233 154 147 266 178 153 173 124 121 146 261 107 120 127 154 129 257 112 179 187 242 268 75 136 76 215 244 260 213 108 131 259 116 257 147 102 147 180 265 199 86 140 97 179 77 104 91 157 210 134 232 211 205 252 98 220 190 109 264 236 262 91 74 0 160 136 151 151 77 175 76 83 127 181 247 164 183 118 92 199 99 212 151 223 273 258 280 89 233 276 269 182 215 179 157 115 251 167 258
173 207 260 246 186 277 250 188 145 78 134 258 239 280 198 122 163 269 80 179 74 93 242 241 156 177 238 261 216 268 246 227 158 93 267 172 190 206 216 101 268 174 168 215 263 208 90 144 209 172 127 191 161 256 213 216 255 260 167 217 209 74 114 196 268 245 191 80 127 184 234 110 88 226 113 78 120 254 277 137 205 266 170 92 121 248 83 112 232 193 132 142 82 90 247 78 170 100 228 230 240 265 84 71 273 0 211 109 190 119 258 253 266 190 146 262 144 235 256 110 138 156 256 188 274 229 170 141 137 249 224 260 257 185 202 133 240 251 244 250
135 195 197 83 177 113 118 116 274 113 77 246 177 162 144 239 201 258 177 97 102 233 80 111 240 107 96 89 106 164 176 147 119 140 130 198 178 126 157 261 164 178 270 97 150 196 170 85 236 172 106 194 186 113 190 210 170 116 263 242 150 156 182 91 173 229 230 168 84 133 220 202 179 114 168 115 96 207 170 199 132 275 247 273 257 247 280 269 130 78 166 74 134 175 184 135 211 248 222 193 255 87 96 258 213 205 0 258 250 273 254 270 242 83 114 173 242 112 264 116 98 76 262 98 101 152 161 94 269 226 104 265 202 241 91 219 154 211 222 141
110 144 104 128 260 92 155 266 107 232 103 161 243 115 211 128 234 249 182 210 97 226 276 174 85 266 173 110 138 208 158 94 218 103 226 227 140 210 256 192 242 153 259 101 153 192 263 142 207 199 134 102 165 127 152 93 123 230 249 197 188 113 213 178 179 101 269 184 88 257 140 131 196 224 210 191 95 96 274 234 156 249 247 280 136 96 279 257 228 229 127 133 236 235 130 259 130 97 139 226 227 188 201 208 151 139 73 0 141 272 274 261 98 189 259 256 94 192 225 273 219 108 191 200 200 147 130 140 271 190 154 126 250 122 129 247 208 82 263 97
204 155 182 279 184 259 93 246 258 199 156 85 261 214 81 91 181 173 126 204 91 103 92 161 171 223 85 156 84 73 144 103 132 216 173 194 252 74 263 94 116 270 213 272 177 137 280 175 141 97 226 262 218 263 140 217 242 92 167 265 272 215 193 246 72 125 135 192 104 108 162 162 96 233 94 271 83 265 191 248 91 84 254 108 91 151 168 248 97 142 205 162 146 138 280 209 189 132 261 140 234 177 144 256 94 171 99 189 0 147 275 128 225 152 130 122 262 192 271 138 199 213 216 276 171 272 142 225 138 108 251 125 144 108 243 251 114 243 137 82
88 218 206 234 245 204 222 181 250 167 187 97 139 207 168 112 86 76 126 229 264 255 154 197 240 177 105 279 266 272 232 158 108 89 278 229 227 97 104 135 239 85 133 256 167 221 138 165 109 99 207 182 175 120 88 125 197 126 208 99 183 217 179 270 256 88 193 91 79 179 130 116 79 188 278 195 241 199 221 76 158 230 169 195 116 155 277 166 223 135 204 186 162 111 77 220 139 269 205 117 228 216 257 168 120 136 71 102 198 0 196 163 252 136 71 204 80 195 277 212 190 170 192 215 267 148 218 152 238 85 253 147 92 139 280 182 193 80 221 122
110 237 84 164 127 258 181 85 167 280 200 156 74 165 257 146 213 158 90 173 71 137 263 235 247 76 176 258 244 226 230 135 96 239 154 91 229 244 261 265 77 176 263 273 114 248 131 135 87 242 234 146 154 80 73 141 206 123 188 149 136 240 111 215 95 171 244 231 162 240 136 255 219 251 123 134 246 132 279 78 171 234 148 89 136 243 278 262 214 170 130 76 86 146 171 140 103 133 93 251 72 117 259 254 266 270 238 233 227 119 0 252 155 104 213 216 94 70 163 233 150 135 257 135 85 98 243 228 185 222 191 160 130 199 70 148 203 217 252 163
177 106 92 128 101 97 206 93 236 112 137 112 113 117 146 195 143 83 145 253 187 115 221 83 176 225 88 177 97 101 71 146 94 224 269 261 241 73 225 187 264 183 253 255 88 136 202 278 277 82 255 83 226 200 113 280 147 75 155 80 77 184 83 116 113 233 247 136 121 102 208 245 229 84 123 234 273 129 241 202 243 248 92 96 143 231 226 85 87 273 79 82 268 152 196 225 226 91 236 173 120 152 231 213 234 207 233 100 273 186 260 0 173 96 137 187 235 72 185 226 158 105 172 126 219 252 249 278 103 169 215 261 90 200 96 250 247 76 89 70
167 279 131 73 158 206 230 129 232 96 204 114 256 155 85 115 229 245 171 243 110 130 174 238 204 151 168 261 268 267 277 142 255 213 127 82 146 204 175 267 199 164 157 126 170 261 261 160 232 258 164 189 197 166 188 143 100 254 79 123 207 114 79 207 275 128 200 236 164 156 214 201 148 128 198 79 156 84 264 88 124 162 168 132 237 247 247 172 118 190 124 182 148 186 235 101 95 176 249 255 269 240 266 173 180 232 253 154 136 83 266 158 0 98 182 154 91 165 267 136 125 247 231 94 256 71 97 214 106 100 104 236 164 89 88 142 226 166 230 148
278 191 185 91 131 279 258 205 233 280 157 159 226 223 236 271 143 131 152 181 156 221 201 211 209 262 192 128 139 112 116 260 208 257 133 120 203 273 96 150 251 217 278 237 142 210 72 73 86 264 150 108 148 224 196 219 171 218 127 197 145 71 193 82 279 247 132 112 257 152 171 168 192 217 182 141 211 95 90 89 280 74 163 112 94 227 275 171 113 269 155 106 106 250 226 109 104 237 196 162 276 72 224 221 110 205 87 164 129 265 237 278 198 0 207 135 164 248 97 255 239 238 206 110 187 162 86 177 150 170 76 135 123 271 139 251 177 161 112 72
143 235 167 112 233 246 92 184 92 134 167 280 157 233 84 162 98 118 185 83 184 109 77 99 222 146 223 247 271 219 71 123 227 193 259 138 247 228 105 262 72 137 174 168 245 133 223 206 89 231 144 274 82 107 175 202 215 205 228 235 145 116 234 168 114 165 269 148 212 110 82 259 241 83 276 245 75 85 153 77 177 162 108 76 158 242 123 206 177 72 209 268 113 104 153 266 192 231 253 209 79 181 258 223 249 130 239 160 76 210 96 89 87 117 0 222 124 141 264 280 277 103 274 113 158 207 168 277 145 87 243 211 193 131 97 233 169 93 133 243
186 95 221 151 77 137 262 107 240 217 116 118 238 94 198 231 236 222 249 259 140 181 259 89 106 138 171 200 131 176 264 103 117 189 205 246 194 185 123 90 137 240 127 181 124 259 106 242 73 216 111 74 143 98 117 280 267 211 118 220 71 259 231 75 91 70 190 150 116 100 279 170 197 80 205 134 185 88 134 202 106 130 240 148 225 190 186 129 161 141 166 241 213 108 259 130 132 92 177 96 272 278 168 86 275 228 162 194 116 104 192 182 168 137 215 0 185 181 270 192 240 184 261 252 124 236 104 77 99 94 172 180 205 256 141 236 272 240 114 90
230 244 96 180 189 229 236 191 107 134 243 245 81 136 107 176 199 165 134 222 92 188 245 74 107 276 181 99 234 98 127 156 118 117 103 89 157 243 181 113 279 264 248 82 165 79 141 114 238 161 120 93 78 132 78 239 115 129 150 236 189 177 248 137 122 224 129 148 263 82 230 98 154 124 140 242 248 151 270 150 143 193 260 249 225 170 242 275 150 101 107 277 96 177 136 135 240 179 143 165 151 165 214 100 235 108 151 239 268 101 98 176 227 152 92 255 0 96 157 71 141 141 188 241 143 257 200 161 236 118 211 152 256 187 245 229 128 118 196 144
144 151 165 144 181 77 74 143 257 205 201 155 80 179 266 230 270 106 271 260 94 162 217 210 97 270 169 85 255 112 105 78 135 106 72 183 237 244 101 70 252 252 201 242 200 83 137 152 180 246 205 105 259 129 81 130 88 196 249 243 222 87 278 165 253 147 186 78 74 186 195 270 97 152 254 213 171 163 112 174 126 223 195 254 120 105 74 247 207 97 208 180 202 270 201 253 192 232 204 134 226 145 149 143 84 187 268 213 93 156 139 140 126 104 192 173 175 0 111 198 82 102 94 230 156 100 122 139 170 149 118 105 246 109 254 76 242 75 135 144
247 117 73 215 233 151 279 87 113 81 83 100 78 233 75 139 137 270 194 186 145 208 233 222 227 93 251 72 153 165 166 73 224 223 111 102 240 102 91 195 100 81 191 101 112 270 255 79 122 169 242 147 152 176 183 88 140 164 165 176 99 278 205 212 261 161 127 148 104 178 98 121 118 175 169 240 175 73 252 233 258 191 231 100 237 194 102 256 98 113 274 151 238 184 172 275 201 133 129 136 91 194 114 87 187 261 185 105 95 80 139 260 71 217 189 200 202 277 0 79 234 165 217 279 101 226 154 111 167 157 213 140 214 119 99 201 208 124 111 114
209 279 170 206 205 217 246 267 159 268 98 170 109 256 209 151 102 135 139 151 143 276 212 186 150 169 171 199 113 97 190 178 126 145 264 143 75 229 88 207 244 271 263 188 179 90 84 249 96 194 83 100 280 96 143 167 91 101 138 110 85 104 92 188 257 157 130 131 73 222 154 161 138 118 232 176 274 279 224 271 217 263 226 192 194 110 256 73 112 268 72 237 212 131 244 269 118 94 174 109 137 218 253 154 212 253 114 88 104 134 192 175 274 161 186 195 124 173 159 0 277 262 178 241 217 71 166 260 167 251 73 141 276 161 121 140 214 134 164 257
139 100 73 218 139 118 262 75 97 141 279 266 147 127 84 175 189 98 195 80 227 259 189 121 168 144 222 137 129 249 187 78 210 117 214 170 98 191 138 261 85 273 74 140 123 180 109 130 120 207 273 110 246 274 138 125 277 205 197 194 98 263 267 230 199 84 263 272 102 183 132 261 239 175 279 83 127 130 176 146 265 255 170 82 208 218 160 204 227 253 111 98 277 213 79 243 254 252 102 227 150 185 259 254 81 159 113 244 87 223 213 205 96 88 207 109 210 168 175 256 0 118 158 226 207 118 180 87 184 110 157 111 171 239 128 223 216 226 76 258
162 167 81 202 271 118 200 187 194 87 239 88 83 267 75 227 115 216 165 225 260 143 150 114 280 82 105 144 260 278 246 74 181 92 266 179 199 91 222 156 247 217 183 199 224 91 175 239 114 204 164 73 120 133 162 87 171 133 134 217 193 243 124 261 173 184 133 216 231 132 253 240 257 257 142 128 252 183 272 241 104 103 150 173 141 106 187 185 276 191 269 267 74 90 108 82 239 75 122 249 182 204 231 256 125 175 244 121 115 201 189 145 151 245 89 146 265 71 88 91 129 0 139 164 127 163 274 97 102 118 181 113 261 148 131 257 245 252 97 232
239 217 144 221 182 102 208 193 118 191 271 95 263 210 263 278 247 159 190 97 211 89 140 97 274 111 230 130 274 232 110 72 150 270 153 214 81 202 162 254 112 223 263 133 89 170 218 101 141 161 115 77 224 119 216 178 226 271 224 75 87 160 166 92 92 197 249 213 260 233 269 263 157 217 99 174 232 74 242 123 134 142 135 268 198 222 121 224 101 236 218 114 266 275 114 171 93 200 208 214 114 251 206 261 196 182 214 235 151 201 147 93 174 129 201 165 241 239 118 245 212 214 0 81 173 88 259 139 119 103 277 178 72 280 192 200 111 202 180 110
169 208 205 249 233 164 200 260 175 92 100 156 265 160 182 154 71 150 200 223 257 232 120 104 270 260 168 200 143 142 225 266 273 107 76 102 136 196 84 86 111 229 147 256 142 136 191 268 193 270 223 116 141 143 90 87 76 231 226 123 200 159 197 188 95 198 99 244 84 196 244 137 102 157 279 128 111 179 134 137 124 134 106 74 242 180 169 190 230 183 148 213 86 199 88 242 245 261 189 131 154 236 274 213 122 170 128 102 155 250 168 224 124 210 259 195 184 230 180 257 142 77 156 0 74 90 219 246 99 143 270 120 169 97 238 128 106 188 145 134
169 118 108 176 148 139 224 229 262 264 181 207 256 157 248 161 194 102 205 266 136 160 90 203 280 178 162 240 154 187 196 242 257 108 261 169 110 103 109 141 73 147 118 190 274 158 199 136 246 188 202 249 211 234 185 109 247 237 228 99 77 169 197 231 166 177 217 223 175 243 187 190 215 265 160 258 253 126 203 173 220 72 180 128 74 94 178 261 137 234 205 173 110 215 280 231 220 198 183 261 228 216 132 179 169 231 260 256 74 74 249 196 100 207 90 156 238 94 250 168 177 193 267 118 0 92 248 152 141 248 81 202 193 93 256 82 186 270 87 184
186 157 179 273 161 262 219 99 226 139 194 226 96 130 150 194 242 120 212 134 100 187 269 162 127 79 145 240 111 244 81 252 249 135 158 217 258 138 228 261 133 201 165 77 192 105 279 243 76 170 96 163 280 243 125 279 73 255 188 184 149 187 185 197 276 128 271 239 108 104 127 90 199 135 122 143 150 232 107 177 104 206 91 273 100 161 222 206 90 135 116 241 239 275 232 268 267 71 82 116 232 168 70 145 175 276 113 233 262 70 193 136 229 143 264 252 197 158 135 187 229 217 280 246 100 0 154 157 163 205 191 146 76 111 272 229 198 154 270 118
142 113 118 163 208 166 85 128 121 70 201 142 77 252 248 156 167 81 218 97 231 149 219 234 225 236 180 152 184 108 216 112 97 223 174 247 204 220 193 195 254 75 184 98 142 74 81 154 72 251 262 271 238 273 200 265 194 245 237 211 81 180 160 220 96 228 272 123 71 70 115 76 214 150 200 238 235 259 115 103 106 240 78 134 199 74 147 179 104 206 219 135 260 201 134 131 279 136 95 239 163 113 231 223 112 222 248 182 107 143 135 84 208 70 77 208 138 205 75 269 206 91 213 252 88 152 0 167 228 100 153 130 191 95 274 223 211 136 280 73
230 169 152 117 133 84 242 90 235 278 247 142 254 272 182 201 277 159 270 119 243 243 77 137 190 275 260 103 196 146 205 161 269 194 117 197 186 135 73 277 95 268 272 201 110 129 167 236 143 200 171 270 200 273 156 153 273 217 106 130 107 134 136 178 183 145 115 116 179 215 230 244 142 93 157 278 211 189 268 186 210 277 210 195 181 118 126 110 120 234 256 120 220 259 279 258 140 166 120 261 88 153 232 124 234 191 160 210 146 84 259 225 184 206 267 88 271 127 278 244 121 188 209 199 83 142 170 0 193 242 101 195 279 260 171 122 155 178 144 262
244 184 269 72 254 76 90 246 132 239 76 204 223 229 241 128 73 163 77 93 99 109 261 136 128 125 166 135 109 219 211 177 258 72 225 231 164 89 273 130 233 111 121 194 92 77 251 121 106 279 121 107 132 277 220 246 115 191 267 100 234 133 204 145 208 97 162 104 204 109 123 207 182 86 221 120 191 205 148 95 249 125 116 125 257 87 107 245 168 184 199 142 86 270 214 135 84 170 127 155 184 247 87 80 77 184 88 162 257 209 217 133 133 138 186 280 204 117 245 125 240 162 262 170 237 240 102 81 0 134 250 233 164 184 144 238 206 233 254 257
253 177 181 187 280 187 144 95 184 177 144 181 204 185 215 190 156 241 154 121 207 81 244 223 262 189 224 224 219 242 184 208 109 219 195 103 218 191 141 193 251 109 108 109 228 111 229 249 89 225 187 119 205 205 70 92 95 232 100 242 161 153 149 71 169 234 110 206 245 168 174 280 177 189 175 134 143 157 131 169 181 186 84 243 180 153 219 83 78 107 165 122 81 179 199 84 98 255 130 102 219 205 162 152 272 264 176 91 85 218 237 127 273 88 179 205 190 80 85 112 193 114 270 169 200 133 115 247 219 0 240 170 197 132 214 233 104 251 234 85
272 257 245 97 188 182 189 125 188 80 206 143 133 72 131 108 97 137 156 78 197 184 96 187 179 175 83 190 131 88 275 164 200 266 180 253 153 138 114 189 279 136 105 252 194 207 171 279 162 83 84 195 239 206 100 172 98 225 241 208 211 89 260 108 128 166 84 150 147 252 196 179 242 147 276 133 182 174 162 85 118 85 264 87 207 219 102 228 137 199 124 183 114 227 244 109 232 74 126 179 196 186 82 103 152 90 73 82 122 73 240 234 99 221 211 253 202 172 185 258 99 140 118 228 142 134 260 202 99 170 0 251 177 264 162 212 183 182 264 174
233 135 245 278 174 95 114 167 87 111 89 244 102 262 275 252 253 233 228 93 247 234 153 107 232 193 238 130 131 134 136 144 197 157 219 274 113 97 71 195 163 168 261 171 173 233 187 110 135 222 100 244 73 199 165 108 194 125 223 112 212 186 278 181 111 109 139 108 235 136 249 255 132 166 97 169 203 276 210 132 239 274 166 104 237 171 75 82 176 276 82 119 72 195 207 105 126 246 232 228 189 184 229 124 278 242 140 245 275 275 238 211 266 250 192 121 106 195 141 257 76 274 132 235 73 131 219 265 114 79 80 0 107 101 97 110 182 136 111 113
80 89 204 78 239 212 70 109 151 236 139 155 193 254 238 278 98 79 265 267 210 86 175 249 280 209 144 106 267 136 197 191 204 243 243 184 163 112 72 248 101 192 177 257 113 194 266 103 213 144 194 131 112 192 239 227 259 237 189 153 121 275 177 236 278 165 248 104 280 242 168 182 117 111 92 101 234 249 185 74 257 70 185 268 106 185 212 243 252 131 182 70 135 153 103 237 173 219 117 95 260 215 83 276 141 208 83 196 137 173 92 135 265 257 93 200 214 151 112 174 181 249 109 95 72 234 214 166 138 199 234 240 0 264 210 97 151 214 97 111
110 113 94 121 159 140 125 144 121 200 81 174 225 222 99 214 93 113 255 242 262 222 210 122 91 187 110 159 160 107 170 72 85 174 260 239 120 170 235 232 252 157 195 263 121 241 84 152 120 271 103 128 74 78 104 242 174 276 173 277 247 70 172 100 205 165 107 100 280 204 142 202 113 148 226 156 126 93 152 198 148 90 239 109 224 94 87 214 80 257 168 169 245 249 82 255 124 149 207 233 201 224 120 121 162 105 249 73 181 264 148 186 131 225 106 83 234 94 232 158 168 193 270 278 254 84 230 206 119 70 208 209 194 0 185 104 174 162 89 272
136 73 101 70 158 188 211 172 91 74 85 198 169 199 176 220 178 189 247 124 128 262 220 225 228 94 272 235 160 70 113 157 276 126 189 280 217 225 164 141 172 270 99 250 212 148 164 223 230 78 257 248 80 71 158 99 150 106 259 227 204 202 232 180 247 92 209 75 205 153 152 122 244 84 198 268 249 168 82 105 226 137 114 267 155 221 267 77 113 214 191 248 78 275 101 87 154 185 207 253 271 225 161 93 129 227 276 91 280 140 180 120 206 240 262 187 127 149 205 123 236 133 270 252 234 246 184 137 74 117 233 195 184 234 0 257 276 241 246 193
154 94 120 180 145 219 234 164 207 102 186 243 74 259 135 85 214 94 112 246 143 97 199 241 173 81 252 273 158 252 236 267 246 259 270 250 217 214 239 153 114 115 106 217 173 197 249 104 274 135 176 90 268 201 96 184 229 206 196 98 100 223 119 168 103 264 115 165 270 73 189 241 106 200 278 124 177 226 243 130 148 238 122 98 195 263 269 197 258 155 142 103 184 197 184 95 81 124 229 142 148 75 77 181 241 265 137 126 100 160 178 238 173 155 218 245 229 208 250 266 84 121 189 237 269 259 213 123 112 264 127 155 75 256 274 0 213 115 179 235
127 103 266 274 203 241 188 182 277 221 180 154 104 153 200 280 244 104 142 169 72 99 94 147 211 271 98 260 72 191 243 243 271 186 250 179 179 86 242 98 191 213 145 174 70 243 160 231 142 163 257 266 124 188 164 93 172 104 255 266 267 150 145 270 170 183 104 101 145 252 184 275 200 103 197 160 242 236 73 76 157 247 116 136 165 258 123 145 87 75 214 94 211 85 109 251 195 128 146 211 178 142 84 117 103 85 152 217 187 102 111 276 174 142 168 216 205 218 109 276 274 162 268 139 123 168 222 152 176 280 222 106 261 221 188 245 0 258 240 260
78 89 91 222 273 152 74 129 127 192 127 82 271 236 241 175 248 173 76 237 131 237 220 184 201 91 123 173 259 198 248 212 82 247 271 139 137 248 87 93 108 175 72 270 95 145 116 237 76 181 94 72 238 142 111 74 246 262 94 81 211 279 202 104 143 112 143 244 263 249 207 137 95 121 142 188 194 244 191 170 140 143 250 221 160 93 204 84 210 141 249 267 119 219 221 257 118 104 103 73 277 194 149 88 153 85 186 255 119 258 239 88 218 157 257 263 279 258 228 98 80 82 71 146 126 232 167 247 171 177 161 192 274 233 219 72 258 0 94 178
277 271 177 276 185 97 97 274 201 271 86 122 248 76 250 90 137 244 274 151 224 196 148 167 243 230 141 176 84 231 160 180 267 233 106 227 107 242 88 267 268 121 199 200 94 133 193 115 95 70 197 106 199 124 107 235 223 232 78 80 107 194 203 155 175 71 106 152 133 88 232 251 277 92 94 228 148 200 128 106 210 221 207 261 96 236 82 110 119 108 142 139 228 160 148 134 162 276 262 104 92 223 270 180 117 263 178 254 150 132 180 173 187 249 154 230 224 266 271 122 258 146 266 84 114 93 246 259 201 123 263 169 240 182 163 217 75 117 0 277
181 194 230 78 97 86 131 147 132 247 115 229 243 103 236 102 274 207 163 70 173 159 268 99 191 200 235 108 231 157 90 278 227 249 119 94 248 272 139 126 159 92 266 255 267 227 257 254 230 115 160 269 110 272 84 125 107 110 238 194 187 240 212 124 101 241 211 280 218 168 130 143 124 175 201 162 246 219 186 102 245 236 94 167 276 207 255 168 146 101 187 261 191 115 268 144 148 153 184 231 250 171 107 241 115 146 256 98 112 143 72 248 106 79 192 275 244 128 74 107 130 218 277 152 222 209 103 175 255 221 99 136 145 166 164 206 70 184 175 0
