140
0 7 16 12 17 16 19 19 12 7 19 6 9 13 18 8 16 6 7 7 7 9 18 19 7 17 9 17 5 10 20 14 11 9 7 7 6 17 11 11 20 13 13 16 7 12 5 6 15 6 16 20 14 17 8 16 8 20 7 11 5 7 14 11 18 7 18 6 9 15 7 16 18 5 20 14 19 15 8 7 20 18 11 16 5 19 17 16 12 15 14 16 14 9 9 10 18 19 5 8 18 11 19 18 16 7 15 15 12 18 18 12 6 15 16 7 16 5 16 15 5 9 7 6 7 17 9 10 13 19 17 20 10 6 13 9 14 7 5 17
0 999  418 546  145 597  370 771  423 541  355 690  424 771  377 631  349 761  227 438  452 620  260 320  334 513  382 802  345 481  348 685  478 659  321 723  146 649  354 584  348 586  272 724  217 266  106 401  407 552  254 328  429 787  245 366  475 539  189 697  440 825  459 676  346 568  303 525  251 386  449 589  360 748  443 679  146 375  498 608  272 561  358 828  274 736  373 796  476 533  250 478  437 585  312 554  229 624  309 645  316 376  334 426  426 813  318 685  526 1027  118 281  375 521  296 611  249 520  143 474  260 312  435 842  394 643  485 743  322 380  425 835  248 502  387 475  400 848  384 803  325 485  131 436  324 515  331 705  530 940  373 466  207 676  267 623  327 592  241 392  429 468  234 538  269 572  460 587  319 693  334 808  191 500  397 837  330 804  232 452  387 621  463 889  339 656  331 445  361 521  314 791  520 824  306 440  150 338  266 776  326 663  268 523  217 472  427 471  400 680  405 455  430 821  325 378  291 549  463 632  394 491  460 948  414 682  193 466  182 545  325 376  347 483  433 620  351 624  403 488  341 634  311 424  193 615  301 708  323 401  263 770  90 465  423 822  234 435  450 739  365 595  236 629  388 689  265 501  473 771  343 375  235 735  359 412  260 667  276 363
0 199 125 226 147 99 264 193 105 90 260 244 106 195 196 225 251 128 88 192 139 137 140 99 214 109 271 130 226 145 219 247 107 134 155 178 214 269 92 246 198 125 110 162 196 203 257 237 78 192 255 198 223 269 256 77 96 262 120 125 255 185 279 271 228 228 182 176 157 253 135 109 92 280 260 103 171 107 127 176 189 95 237 193 262 144 178 271 100 102 261 263 146 79 167 277 249 233 124 72 142 186 212 208 200 227 167 127 235 185 234 263 161 181 100 180 144 162 117 217 113 163 113 161 161 151 81 232 109 239 150 213 212 217 200 212 211 163 223 205
172 0 248 103 70 242 140 170 83 240 265 108 279 75 183 271 100 83 242 276 230 194 81 253 251 148 189 101 229 257 113 139 228 160 112 119 117 89 120 244 206 205 237 136 230 111 200 92 168 251 130 179 137 272 254 150 169 274 156 95 116 92 71 242 74 159 75 207 222 257 88 149 210 166 174 200 71 280 273 74 243 120 177 227 95 113 182 90 155 224 173 149 215 83 82 259 105 212 146 267 189 122 81 90 107 215 160 84 153 236 79 185 85 276 187 198 248 148 246 224 232 76 261 132 170 132 100 123 235 126 109 264 215 189 125 127 163 96 131 188
79 78 0 154 239 250 155 222 179 267 202 204 244 194 231 135 77 75 178 122 258 179 147 127 78 206 211 167 198 171 120 130 185 268 274 72 85 159 167 148 90 124 254 265 266 129 277 218 141 222 241 85 236 100 187 188 269 224 70 136 145 116 260 80 112 207 178 212 147 214 152 76 280 90 249 95 196 225 131 136 196 136 164 97 113 206 194 230 229 242 183 224 139 114 243 215 124 277 258 201 181 196 195 229 141 139 276 140 95 231 133 208 107 93 145 237 94 154 116 172 227 152 233 248 258 249 125 132 110 93 180 173 167 233 153 93 192 76 260 101
183 78 153 0 123 223 113 234 84 233 216 160 151 239 168 250 122 97 218 146 155 218 237 248 120 232 223 247 124 177 204 103 163 153 171 239 188 221 104 78 262 88 176 184 73 250 144 225 234 85 207 209 226 103 97 206 71 225 154 272 257 109 279 122 227 181 88 191 268 264 214 214 122 207 260 198 253 98 224 85 205 207 221 78 188 256 217 109 207 77 196 96 180 232 90 231 91 169 139 190 250 84 218 268 84 190 190 130 97 227 263 160 166 209 260 92 159 172 191 245 131 87 76 110 245 168 268 188 184 258 198 220 75 280 232 131 73 132 82 73
72 280 243 147 0 167 123 75 110 262 99 74 105 232 159 98 92 263 229 143 127 182 127 151 126 124 277 134 267 213 92 83 162 265 229 157 162 92 168 205 103 113 273 189 124 163 83 134 110 177 163 82 190 149 259 276 257 112 195 110 184 253 231 77 178 92 141 89 137 160 128 171 204 138 118 201 220 274 235 272 186 263 159 76 259 160 93 103 243 188 88 104 171 256 74 188 90 143 71 112 196 179 151 269 154 115 77 190 147 162 218 136 158 106 237 205 73 256 272 167 215 124 234 167 216 203 266 226 83 87 82 213 244 277 72 260 92 252 207 137
168 236 134 180 107 0 112 115 120 267 196 259 250 131 201 89 209 241 156 133 85 87 181 104 272 272 166 228 129 220 123 176 275 79 127 248 83 168 153 265 275 71 122 98 210 103 193 203 203 271 150 124 143 157 111 151 276 156 119 151 110 229 250 233 150 210 217 111 256 87 271 143 103 131 172 75 146 209 273 239 135 278 151 130 139 188 235 221 246 97 97 266 217 101 280 181 126 130 129 226 269 256 189 193 79 222 197 121 181 201 259 175 269 140 181 202 266 193 71 99 74 107 251 103 92 146 87 121 258 149 185 74 159 180 223 226 171 231 267 232
169 260 148 120 272 136 0 127 232 153 156 103 264 80 191 144 135 74 102 106 146 140 235 201 196 167 244 243 79 135 279 99 126 163 232 276 208 174 248 189 251 89 148 262 142 247 90 138 155 234 103 178 242 191 206 217 207 227 81 175 127 280 234 175 152 75 134 239 175 232 229 267 252 259 266 206 72 145 182 214 91 107 251 183 148 237 145 82 135 275 182 211 139 223 90 78 263 190 112 232 245 235 117 173 176 139 273 145 126 139 199 86 105 76 88 205 135 278 97 190 80 133 171 149 115 193 167 131 129 270 182 167 168 100 82 91 219 278 257 212
86 272 218 270 171 165 224 0 262 184 119 262 138 256 107 268 87 140 86 152 98 237 273 90 261 218 106 151 211 278 251 224 249 228 280 217 215 240 252 134 88 144 193 219 85 134 160 249 225 218 187 142 217 131 84 252 108 77 162 130 180 203 178 90 111 192 259 195 87 198 159 131 214 133 123 277 123 101 149 219 132 242 259 243 80 79 82 239 93 264 276 151 176 180 105 91 117 203 113 272 98 203 167 153 202 241 99 160 154 204 183 139 148 152 245 106 258 174 264 231 209 81 255 219 118 112 190 77 71 186 238 147 141 219 217 190 124 167 174 198
207 112 83 128 259 271 102 194 0 181 228 189 163 262 137 229 210 163 109 266 277 202 188 100 99 86 70 230 241 125 264 178 93 277 238 85 123 158 73 92 200 147 154 127 271 155 263 130 187 225 279 168 208 144 229 196 206 256 216 218 97 180 226 273 213 72 280 256 221 89 98 163 189 187 150 102 163 171 98 72 160 177 126 194 100 108 193 149 171 273 224 123 269 71 119 271 131 148 193 268 253 102 239 75 149 254 253 165 142 152 129 195 93 105 86 126 127 79 140 193 203 258 234 76 100 278 104 216 189 227 196 177 256 235 90 185 92 193 261 97
131 267 126 117 80 183 179 205 251 0 265 181 229 116 110 92 278 126 244 274 189 235 154 236 148 225 119 244 244 85 230 200 276 165 71 136 147 173 260 267 230 147 93 86 215 261 252 164 247 236 263 173 90 120 192 140 215 219 246 260 192 72 135 84 271 159 268 143 210 113 157 175 73 207 220 150 217 125 93 278 96 263 205 232 70 245 128 201 177 131 140 261 177 211 191 259 256 172 183 198 199 101 238 203 146 138 209 151 75 96 208 280 236 97 174 248 145 99 114 147 162 167 117 204 90 129 215 179 102 110 212 178 134 203 148 91 126 98 83 129
207 251 250 110 102 91 279 272 77 268 0 202 276 274 280 180 149 85 128 229 182 259 111 102 175 155 174 90 144 74 204 83 196 143 107 237 137 94 229 160 245 194 116 87 176 168 263 268 219 98 167 277 185 123 95 169 123 84 186 82 86 90 228 210 85 191 78 247 79 180 215 271 173 155 96 123 160 174 187 204 72 103 167 132 126 147 178 268 79 140 259 168 143 92 93 208 166 185 251 147 111 190 254 242 256 100 280 142 93 188 142 158 103 141 245 126 200 267 175 70 240 220 136 227 264 82 188 254 227 175 234 112 245 182 268 278 194 272 95 243
78 141 111 94 280 190 102 122 133 119 169 0 268 146 273 156 252 259 256 72 92 220 198 206 269 133 203 141 232 249 125 89 164 105 180 249 167 180 132 150 96 222 256 206 183 117 273 98 208 163 87 192 121 265 112 206 279 182 191 182 242 236 174 134 215 218 201 122 155 137 272 104 215 211 122 196 118 202 193 176 104 165 208 102 127 238 257 276 252 139 216 95 266 142 149 102 131 273 240 232 94 190 165 83 94 270 276 124 82 104 119 250 227 251 225 206 262 247 189 215 160 183 239 264 243 125 90 147 92 190 221 240 259 94 135 129 202 89 119 102
123 247 191 157 78 212 148 82 190 125 70 196 0 77 259 142 179 124 182 107 148 89 133 161 243 87 78 243 161 116 233 198 71 184 110 129 114 153 193 169 211 74 265 82 128 79 179 102 150 103 88 106 181 246 176 141 223 206 119 77 151 227 121 142 147 135 244 169 145 204 254 253 104 110 216 214 196 192 150 166 128 136 275 181 84 212 249 176 142 150 128 143 204 150 266 121 76 268 114 118 202 278 105 262 115 215 237 247 167 70 217 88 112 124 161 188 191 177 260 87 138 268 114 280 203 253 72 264 94 254 274 156 163 106 200 90 138 140 237 137
222 201 149 253 195 212 91 177 111 147 152 214 216 0 168 96 268 235 180 235 187 167 125 144 133 276 226 160 98 148 260 223 142 201 185 141 242 123 258 270 276 129 83 70 236 180 201 201 168 225 234 177 238 93 253 163 129 72 195 191 270 79 98 79 109 153 118 75 135 152 96 105 221 98 134 129 113 279 181 75 128 253 185 146 167 216 241 250 96 171 211 179 140 221 239 228 268 234 162 118 111 187 70 247 249 273 75 186 254 224 81 103 227 270 272 258 214 236 72 178 276 139 102 144 126 186 114 142 133 245 84 175 141 119 278 269 123 159 160 158
163 280 254 122 266 234 76 70 254 207 239 182 276 74 0 256 76 147 89 159 224 124 198 249 214 243 98 123 215 220 96 113 150 164 91 176 177 199 254 70 254 138 128 230 166 157 128 180 137 92 184 206 135 79 246 100 137 242 189 213 144 137 124 82 267 76 185 166 245 186 116 145 235 113 249 120 155 72 180 126 106 162 268 193 102 141 162 183 238 249 144 143 243 137 103 72 257 236 253 277 263 278 94 147 168 186 189 219 132 167 174 73 129 210 85 182 252 230 142 200 92 265 175 223 226 179 110 131 253 239 105 122 244 263 260 243 105 123 258 138
116 219 216 227 276 211 203 136 147 73 160 92 148 265 270 0 246 213 153 73 178 113 220 179 195 145 100 183 107 275 199 222 71 267 152 203 270 113 215 195 131 72 106 226 237 168 267 71 146 102 158 169 203 198 170 76 179 118 278 145 221 168 94 231 203 245 188 236 255 217 159 240 191 254 263 177 240 120 113 252 76 244 107 171 223 200 279 89 83 240 118 120 80 180 114 167 115 174 177 76 243 238 192 126 272 157 189 168 143 180 230 228 261 115 70 78 85 74 151 169 176 244 115 185 195 99 79 77 255 247 183 140 208 215 75 81 150 258 148 244
82 81 252 138 272 161 106 216 229 78 70 217 73 172 271 196 0 224 254 210 211 217 142 93 175 126 126 178 120 155 161 252 187 175 126 101 115 75 107 133 251 137 118 163 233 121 235 278 93 143 91 221 126 227 139 223 178 74 272 118 253 139 115 149 175 145 205 250 120 172 205 123 140 276 88 251 75 109 217 214 179 202 201 101 150 192 144 202 223 266 115 265 153 273 99 99 266 256 166 97 79 164 175 266 248 170 156 157 123 232 199 235 214 130 163 202 277 113 220 135 97 229 201 198 96 86 166 211 169 130 108 106 187 265 97 185 254 250 261 220
206 176 277 110 110 127 141 212 173 162 136 231 143 199 198 167 235 0 227 278 151 273 238 148 214 232 99 74 82 253 264 246 78 233 76 124 242 208 161 98 258 152 88 274 278 221 147 280 214 82 182 192 248 210 180 96 205 134 163 187 163 111 251 133 243 147 249 123 70 216 138 277 239 144 248 149 269 70 167 70 72 225 170 222 189 105 94 149 220 74 236 98 148 112 90 236 76 103 225 106 209 83 86 193 258 228 143 96 79 100 235 205 151 147 240 143 148 140 156 71 150 123 72 162 277 86 76 85 238 187 94 103 144 111 221 156 76 143 156 158
101 265 112 76 252 229 192 109 104 153 158 248 125 217 104 179 224 149 0 89 146 156 99 256 232 129 161 172 180 250 181 215 141 88 174 134 102 264 154 72 249 99 105 94 85 110 135 134 258 181 115 274 228 201 105 107 94 208 254 187 73 97 268 232 187 96 212 109 241 142 97 198 219 216 229 264 106 114 256 180 171 74 109 197 239 208 142 167 85 217 84 152 246 273 258 223 107 127 276 263 82 202 213 121 115 173 78 153 190 169 194 115 102 196 130 96 238 95 227 78 149 162 121 161 205 224 182 186 121 265 118 142 126 85 182 115 140 91 246 234
75 121 164 93 90 132 207 247 211 223 236 157 99 97 223 202 214 251 273 0 146 265 207 142 96 274 147 221 190 141 187 106 220 87 225 103 78 249 174 237 148 165 96 271 278 220 195 273 207 235 107 81 228 134 139 239 154 150 155 275 226 224 188 122 112 111 203 201 263 138 127 205 154 148 98 220 214 159 86 89 80 113 102 158 232 224 71 244 230 240 73 204 225 184 96 256 96 209 74 83 225 81 146 190 141 215 115 94 87 154 144 175 263 156 210 193 125 209 202 133 191 180 166 134 145 181 172 85 204 257 126 238 124 180 111 181 164 250 103 154
116 110 229 90 168 272 96 120 133 263 191 168 149 142 129 101 169 183 114 161 0 124 145 229 260 259 72 82 144 93 105 152 174 141 225 275 218 126 141 135 260 136 249 116 150 170 96 205 175 227 164 105 173 236 234 213 239 278 176 157 245 247 91 86 240 78 95 136 200 190 279 240 149 87 96 263 87 255 146 119 269 260 278 92 213 262 93 253 135 77 280 99 108 236 108 228 218 189 98 208 75 266 207 159 93 199 79 270 186 214 185 79 206 142 221 106 114 101 204 256 183 75 177 224 109 187 248 112 240 136 176 233 74 175 255 269 161 74 230 146
172 185 216 162 129 258 162 96 220 188 79 148 229 158 193 201 227 139 181 148 269 0 217 185 101 228 103 148 142 224 256 134 180 138 108 93 97 80 181 83 119 186 266 111 279 89 263 206 274 173 75 237 276 238 169 219 182 254 103 70 155 259 99 243 134 188 120 162 173 242 151 267 230 203 73 95 245 119 256 241 163 273 173 220 99 141 166 71 88 83 184 231 270 192 152 86 225 262 249 238 94 97 210 201 200 218 171 79 72 195 72 275 199 114 72 115 187 106 125 122 272 168 197 259 278 260 252 95 110 200 213 116 98 93 115 193 232 169 186 185
175 150 234 279 247 76 173 176 271 70 110 128 216 134 280 276 210 145 238 129 149 278 0 192 250 94 182 271 272 246 142 264 89 98 256 180 127 261 164 173 117 166 278 81 201 190 261 210 137 173 100 205 173 205 256 255 70 272 90 97 263 192 215 234 235 122 106 195 83 204 97 174 217 185 213 121 159 89 228 237 233 146 137 180 260 136 274 70 180 89 157 219 116 278 117 187 177 218 81 91 223 275 275 123 164 258 156 151 118 136 76 106 174 73 181 170 255 97 235 186 84 203 106 125 280 206 235 128 225 255 273 115 77 238 134 113 131 117 90 99
273 172 174 158 156 209 180 268 135 179 275 131 261 249 156 278 137 151 221 193 185 102 192 0 147 262 111 93 165 163 250 224 126 250 134 273 248 143 159 175 219 209 173 76 262 182 162 140 168 210 72 253 75 225 233 258 271 262 87 128 249 121 171 91 158 243 107 213 242 196 117 71 239 226 137 152 112 184 268 228 80 89 231 199 225 193 157 142 72 127 153 264 181 278 230 176 223 219 95 107 234 230 263 233 151 234 264 195 124 189 94 217 89 180 160 210 264 263 85 255 129 167 216 219 177 70 228 87 236 73 115 79 249 134 208 114 257 197 279 89
162 205 112 222 179 146 73 252 215 262 251 101 186 86 199 100 136 250 236 141 153 183 262 249 0 176 97 213 189 221 122 223 172 113 88 97 173 85 77 251 223 160 195 247 177 256 111 163 224 206 241 266 182 164 268 273 217 274 71 226 223 206 138 165 155 103 197 267 100 231 71 246 135 70 87 195 134 216 135 257 104 244 166 121 184 157 241 144 116 222 123 249 100 157 195 230 179 233 183 211 268 117 181 165 276 146 70 106 253 195 223 238 245 166 92 113 209 119 90 179 252 196 84 275 179 206 206 134 276 208 217 74 86 116 103 101 243 149 70 116
251 145 100 126 103 220 263 160 266 214 179 210 100 243 183 142 217 201 129 176 246 176 172 205 162 0 104 162 136 269 178 258 130 98 166 151 254 189 87 251 279 170 275 100 225 209 272 136 111 180 261 173 87 160 275 235 233 168 169 197 187 211 169 268 140 132 232 227 141 76 265 151 147 200 198 141 86 221 91 260 182 134 111 258 164 202 169 251 111 147 151 248 269 180 138 226 140 230 145 108 103 213 267 206 200 165 267 96 131 198 165 245 263 163 139 100 96 104 237 105 109 196 248 217 80 165 199 161 183 241 244 196 191 117 271 152 231 75 126 116
249 151 209 177 256 92 206 73 180 149 101 253 226 143 131 238 70 72 153 266 132 177 213 229 160 270 0 116 117 223 89 233 137 91 278 168 255 77 226 92 203 196 234 184 122 195 248 105 254 191 90 218 240 74 97 199 230 154 125 190 259 231 176 231 95 171 166 186 111 80 228 192 227 72 182 121 153 275 219 207 74 226 89 201 262 235 134 126 158 139 188 244 271 186 144 263 232 166 142 263 252 106 267 167 101 163 89 157 179 165 220 80 177 192 171 75 241 205 79 106 271 102 229 86 239 85 195 265 75 88 259 86 146 162 146 270 134 209 237 237
96 86 76 206 84 200 197 191 200 273 122 223 227 164 122 118 82 73 146 240 199 120 120 74 157 254 157 0 194 130 226 197 93 190 75 106 195 234 87 96 161 186 214 151 262 243 163 140 88 191 100 234 78 191 131 240 130 276 206 209 143 100 257 145 104 265 235 198 118 124 178 71 140 275 200 143 231 255 102 185 83 273 202 79 239 261 168 146 82 238 271 113 166 175 213 88 226 131 175 258 255 141 274 152 76 179 112 232 229 195 269 170 105 159 271 159 83 143 97 121 96 241 178 214 276 112 226 193 183 276 224 147 131 99 139 279 209 184 195 101
178 83 250 109 146 199 91 143 117 274 136 99 232 220 167 244 172 156 155 142 210 230 99 277 177 267 237 122 0 124 159 274 129 109 200 261 125 152 203 150 106 252 238 206 204 214 275 272 169 161 120 159 76 214 167 98 107 270 231 261 120 280 131 270 151 238 126 135 251 194 186 107 168 161 77 107 228 265 126 244 184 262 205 231 248 215 275 253 94 176 90 273 134 145 105 153 184 115 242 267 87 231 133 265 225 189 177 270 113 149 267 162 72 240 100 250 257 199 169 272 130 96 258 236 106 265 250 151 111 217 179 85 254 219 181 99 197 92 279 161
247 246 165 262 110 107 275 161 217 143 280 246 153 95 99 247 217 186 152 178 143 194 249 222 256 163 96 112 237 0 271 129 77 275 153 229 176 280 278 245 72 229 278 200 183 255 91 208 267 146 259 277 78 195 105 108 122 266 82 226 109 107 144 182 194 152 147 270 198 205 181 139 140 249 94 114 104 270 148 263 268 278 275 182 262 230 221 118 185 253 83 196 138 171 117 88 217 79 158 131 203 153 218 214 120 158 182 95 199 171 136 184 92 99 96 254 140 170 147 168 71 158 102 153 179 215 97 226 98 203 86 264 275 209 153 87 108 102 88 262
204 228 241 164 152 134 74 134 197 234 197 224 85 244 91 193 165 92 74 157 252 258 224 151 189 91 152 233 101 90 0 225 205 85 243 118 243 231 137 223 77 83 110 86 269 88 137 224 134 73 228 154 197 100 245 217 236 214 245 238 251 279 205 144 229 77 246 129 106 153 138 277 259 183 155 144 256 236 247 124 181 196 203 172 185 225 121 110 229 185 207 220 226 189 106 239 84 207 243 231 242 134 118 179 106 219 215 169 274 218 236 79 120 276 183 163 230 265 231 204 158 144 91 100 218 238 210 96 257 137 168 179 146 165 211 137 232 110 204 245
243 122 98 136 121 154 207 71 237 253 155 256 197 207 122 73 214 193 242 249 118 96 227 88 226 132 148 223 244 220 190 0 239 145 182 159 89 251 96 116 230 152 86 225 194 87 205 158 268 214 272 256 152 183 214 79 232 207 128 78 116 107 117 180 253 88 190 81 142 262 204 188 160 74 254 235 212 116 73 194 177 71 78 235 204 137 225 88 135 128 232 159 264 137 87 183 252 264 204 163 266 114 170 134 174 233 182 127 244 173 121 191 130 104 126 214 71 136 142 125 168 100 126 137 268 264 125 234 131 272 159 159 278 189 277 197 81 208 157 168
84 211 247 256 236 179 79 248 138 117 135 132 229 123 262 76 205 88 234 273 92 169 256 93 85 231 151 248 265 89 210 256 0 161 131 243 141 251 229 185 119 206 239 177 92 229 173 82 123 123 225 234 121 116 250 248 256 172 191 220 252 79 83 123 117 121 168 239 203 133 136 97 125 76 197 170 166 135 214 139 186 236 259 253 159 183 255 173 142 277 232 89 279 209 181 170 260 136 104 152 96 177 276 185 162 213 166 97 119 219 137 201 269 218 114 208 91 103 203 264 94 71 152 109 171 239 219 158 70 94 265 210 272 266 117 201 164 77 75 97
200 104 231 158 106 235 179 147 205 230 75 110 269 170 276 213 87 79 155 183 268 275 136 180 263 126 84 277 130 179 142 116 126 0 134 109 243 228 108 119 198 72 193 228 234 170 209 236 79 254 113 225 180 101 138 104 262 117 74 77 112 172 132 139 194 103 159 122 208 127 258 137 239 218 124 268 255 255 88 90 251 76 198 117 204 189 207 205 136 274 252 194 116 90 143 241 195 222 195 232 163 261 198 116 114 71 156 91 78 167 114 202 78 224 256 192 267 278 210 181 125 94 256 272 168 245 184 109 216 202 248 263 215 255 96 238 74 186 226 93
255 275 250 262 146 228 192 198 102 113 173 272 237 138 154 276 85 153 275 127 155 255 222 101 93 89 227 102 79 124 145 228 202 78 0 250 251 184 180 223 211 256 212 269 118 208 168 77 238 81 234 249 81 235 83 215 246 148 124 181 235 229 215 168 90 152 87 115 81 156 87 228 193 82 245 231 248 163 251 259 252 76 162 187 86 198 260 95 159 196 213 103 191 178 223 118 114 82 169 175 181 111 188 99 160 209 242 251 172 102 143 152 267 242 177 212 192 149 267 115 232 124 196 181 72 190 117 215 158 206 104 117 109 99 215 174 84 76 103 135
250 151 239 164 179 233 177 240 161 99 224 270 142 182 243 195 102 236 187 280 79 87 132 216 194 88 173 121 121 191 142 176 165 187 118 0 129 126 93 250 179 152 127 77 270 236 97 91 92 202 212 144 132 202 104 123 92 267 114 213 251 132 165 93 132 233 209 83 262 238 238 182 261 110 224 71 184 80 134 96 154 257 242 186 149 171 212 214 99 106 142 152 276 236 71 217 122 131 123 113 76 241 245 139 239 111 80 266 223 270 260 202 178 183 259 277 120 80 87 124 216 261 260 207 138 86 189 229 71 74 94 156 245 108 250 119 248 73 156 137
135 235 118 227 78 120 262 132 260 261 177 199 260 75 187 239 91 242 182 138 275 239 103 220 178 90 158 225 274 200 183 217 192 161 225 154 0 226 104 222 275 168 132 198 268 93 196 156 150 172 93 143 121 121 207 119 205 161 263 102 92 250 184 203 267 191 261 107 139 86 172 166 196 242 233 91 228 123 169 193 259 71 258 233 153 211 146 200 249 251 126 182 166 74 114 234 192 125 126 258 75 265 150 171 136 203 171 140 84 132 152 271 97 91 89 130 124 198 113 171 101 118 111 83 220 140 95 260 239 264 104 104 252 247 156 103 83 155 203 118
273 109 130 118 243 178 174 141 78 194 89 104 256 195 82 266 105 169 237 103 89 190 75 253 271 162 278 223 127 251 279 157 215 251 239 257 196 0 115 131 212 123 233 242 193 121 272 209 221 259 102 99 176 207 114 258 163 246 266 200 184 98 80 213 266 96 83 258 172 202 75 155 277 113 161 244 77 214 257 142 146 109 128 269 147 243 116 216 183 166 232 98 136 91 131 235 148 147 192 124 227 238 101 205 232 158 189 124 165 117 202 183 91 121 241 151 248 210 211 271 263 73 252 142 146 133 184 208 176 175 206 269 74 104 131 137 243 241 203 143
118 176 183 72 273 192 74 107 170 180 108 97 254 119 273 143 259 268 272 205 79 83 127 172 132 194 185 104 260 70 120 252 201 216 132 89 235 124 0 123 211 154 260 267 261 103 199 264 271 167 163 126 233 72 110 123 268 225 240 214 205 175 271 190 176 100 220 155 87 203 92 174 81 140 102 159 277 260 244 250 228 131 133 88 220 232 96 178 76 90 277 112 264 262 163 252 129 71 213 218 121 212 160 201 97 161 121 164 186 104 149 210 221 239 182 102 154 205 171 210 272 179 245 97 239 87 169 257 152 124 75 190 167 230 222 73 223 221 139 154
91 186 121 173 273 79 280 192 121 143 127 163 112 176 206 149 273 244 78 174 176 164 94 98 152 205 195 252 238 137 241 262 280 269 157 183 262 94 244 0 175 173 107 99 98 280 105 117 103 98 276 158 86 199 221 259 162 176 234 93 159 84 177 240 259 181 170 118 157 206 88 170 249 202 230 216 91 182 222 267 158 196 174 137 256 248 140 218 227 116 149 138 245 152 178 157 193 89 169 244 218 138 216 189 99 169 155 165 233 93 81 125 119 108 117 70 182 138 77 202 273 223 235 141 122 186 114 105 254 202 213 122 165 133 181 141 202 234 117 254
257 257 158 217 186 264 241 116 77 224 222 101 109 134 259 178 268 101 70 255 112 123 206 215 87 124 203 132 254 85 74 214 261 145 81 90 173 231 270 220 0 207 217 188 246 257 112 166 194 110 170 250 88 163 78 136 152 88 248 127 139 210 167 255 200 256 228 254 187 272 241 187 273 89 73 128 133 230 106 182 131 86 104 147 156 185 153 149 73 254 266 200 75 96 275 209 134 207 198 176 135 99 198 269 248 87 132 126 178 94 269 112 119 197 131 230 150 253 144 216 83 266 236 74 246 143 120 126 141 262 249 218 164 265 271 248 112 269 224 180
147 112 165 74 92 147 76 118 151 106 219 231 112 176 144 216 210 83 135 223 166 264 275 265 247 273 73 121 244 107 187 102 237 272 99 152 205 172 228 71 95 0 167 247 250 275 266 87 181 257 251 145 175 229 177 138 244 178 208 189 232 266 152 220 272 76 234 153 92 136 105 279 107 159 172 212 238 102 189 236 157 93 209 248 218 269 200 103 265 160 191 79 254 92 77 232 269 212 242 109 85 195 95 122 129 264 156 91 144 191 133 257 243 247 276 207 178 240 245 279 261 155 197 165 141 178 86 111 180 175 195 203 127 208 217 201 181 273 238 93
189 252 84 94 70 209 143 230 187 276 147 122 189 253 139 176 135 70 134 183 238 134 269 88 118 144 276 94 161 136 71 233 245 239 244 196 111 75 214 152 92 221 0 121 119 187 178 154 211 167 84 101 206 129 131 259 207 119 245 102 200 172 222 225 272 238 200 148 202 136 169 205 81 167 266 248 154 183 179 202 258 206 156 94 242 227 204 157 206 228 76 269 212 267 272 265 260 137 154 267 275 203 210 80 109 172 230 149 172 161 213 161 146 136 142 145 266 258 226 228 103 243 170 191 198 108 170 103 77 175 148 271 251 142 252 101 195 105 190 161
175 224 156 250 146 219 95 99 173 195 97 271 195 114 84 73 192 121 162 247 191 72 213 115 266 274 226 87 233 93 183 118 249 203 97 158 217 218 75 156 185 237 201 0 105 130 165 191 110 206 137 275 90 265 78 101 245 90 217 257 236 89 230 81 233 187 74 105 72 271 280 264 237 217 81 200 235 100 270 134 128 107 237 253 198 161 203 220 151 191 205 168 149 203 158 84 213 202 215 200 280 83 280 83 273 92 219 124 105 167 276 74 163 245 277 226 212 155 229 195 171 199 267 219 128 131 137 255 233 170 217 134 74 189 254 265 242 212 169 273
141 131 79 116 73 209 125 147 247 115 120 220 184 125 156 98 93 244 189 241 158 232 216 142 241 188 168 93 74 110 272 241 72 161 260 176 98 155 252 212 256 240 244 217 0 181 199 157 98 128 159 175 104 108 244 246 82 173 215 226 200 146 136 227 208 99 253 181 189 170 140 213 268 233 150 97 240 85 213 261 133 188 198 177 128 195 250 187 277 175 189 173 175 154 185 163 141 225 97 208 157 195 98 175 98 136 205 199 135 83 113 155 229 83 259 93 160 77 204 138 77 112 147 201 129 176 119 196 197 126 266 188 174 227 210 242 84 208 114 71
212 180 237 277 165 182 229 99 161 220 132 214 177 166 192 280 118 178 179 197 254 163 164 131 185 199 179 211 280 228 106 239 182 167 231 103 90 242 123 217 184 168 138 250 99 0 223 204 72 188 261 75 144 238 102 275 232 171 273 163 262 190 187 81 131 243 72 259 159 75 136 247 165 185 167 102 99 260 188 91 252 221 97 244 240 224 253 196 200 225 214 138 118 257 153 223 171 253 253 213 77 119 123 124 243 235 244 75 101 264 146 278 205 172 87 204 161 174 79 280 236 91 209 276 152 92 96 90 259 233 163 256 71 175 183 233 84 230 85 229
147 77 75 258 211 134 261 229 277 197 155 176 199 173 260 90 261 138 146 140 158 245 124 190 271 171 123 233 177 248 234 187 75 226 158 230 276 196 252 179 205 99 132 251 170 157 0 185 165 236 152 86 131 132 75 117 84 186 151 260 131 163 175 79 71 186 111 126 192 188 184 223 192 223 224 80 85 168 87 73 243 242 186 137 220 200 214 90 167 75 258 208 237 93 265 261 178 155 76 211 152 174 269 128 180 168 155 73 148 134 215 248 116 175 100 96 148 98 205 248 71 91 135 210 240 219 173 268 104 212 261 236 272 159 222 225 202 240 183 123
75 111 189 257 126 127 104 184 79 160 193 98 230 271 212 231 268 107 262 183 228 240 214 97 258 106 226 122 249 228 110 272 208 167 213 77 265 146 232 229 126 138 164 267 83 241 123 0 167 176 237 263 167 105 96 196 145 201 105 142 273 181 167 82 129 273 84 116 154 207 76 218 70 128 220 209 244 95 159 206 187 271 175 226 110 81 272 183 90 186 254 258 197 269 91 244 240 251 131 132 132 108 262 250 91 200 235 70 176 122 140 203 185 280 99 212 200 272 185 121 106 175 225 116 79 254 263 182 204 148 187 227 147 198 72 226 280 102 279 169
276 155 132 152 146 164 264 106 179 146 159 153 270 173 131 94 126 167 155 79 99 261 83 195 202 70 164 106 125 155 136 184 265 130 123 195 94 274 212 228 111 271 125 191 158 253 185 105 0 84 129 193 209 229 187 239 171 162 200 92 188 134 223 118 110 192 79 104 262 150 258 92 200 120 107 199 272 100 186 147 181 201 174 74 237 233 175 191 252 112 181 246 230 110 170 169 147 103 118 133 226 266 145 176 90 277 211 256 181 164 88 194 252 198 272 251 264 273 110 224 274 256 213 116 215 236 253 180 204 278 115 270 279 225 157 144 130 81 149 246
154 132 145 204 250 125 265 107 248 123 127 140 279 274 159 174 243 203 71 116 145 256 174 73 108 223 266 125 142 212 204 169 278 207 140 83 157 278 240 165 199 173 94 153 187 233 243 91 272 0 186 90 275 78 73 191 260 188 154 260 254 228 82 241 151 273 114 277 185 232 101 113 232 214 227 207 217 125 127 93 256 206 203 145 95 186 70 104 131 173 164 250 72 78 165 103 106 252 98 237 229 278 270 138 133 98 272 190 111 238 266 117 108 106 163 156 271 249 198 245 72 274 233 232 195 190 276 167 160 136 121 94 185 165 172 78 202 123 126 197
129 176 85 74 129 79 81 132 101 246 80 87 241 87 176 70 240 237 128 246 275 249 225 151 126 228 174 260 175 184 118 156 126 183 229 130 78 252 98 177 234 223 185 78 249 146 151 120 228 188 0 233 94 79 150 271 200 73 118 72 104 214 95 79 262 209 160 102 226 228 141 205 148 166 147 121 202 115 130 158 160 121 97 182 224 206 97 273 132 144 189 87 227 81 168 79 257 271 173 271 138 187 143 92 144 235 74 215 151 188 279 140 254 211 163 268 159 95 277 259 241 77 198 140 201 177 95 168 226 172 189 71 117 207 249 225 241 247 267 134
89 95 130 73 234 233 130 108 122 88 123 204 124 230 230 90 136 180 112 208 193 211 108 119 114 78 123 265 230 165 138 183 165 257 211 130 272 248 146 193 150 173 123 162 197 146 136 280 107 181 195 0 265 258 84 103 133 238 253 209 237 196 272 155 199 197 152 203 246 141 133 101 213 99 130 268 200 225 242 191 273 147 133 227 121 208 101 173 91 174 178 120 154 107 148 203 216 135 108 79 106 144 145 79 249 153 196 278 259 81 73 252 226 258 119 121 100 273 140 130 180 224 225 78 123 162 90 224 141 189 178 260 119 162 97 159 214 192 147 74
91 241 256 127 207 76 267 91 132 238 164 251 78 230 120 104 116 235 179 265 276 240 202 70 240 223 260 98 101 190 140 83 199 267 81 112 188 93 89 125 144 226 263 118 107 230 155 244 117 190 130 112 0 101 194 125 196 88 182 153 272 160 250 227 231 146 159 229 246 166 182 199 113 233 229 121 241 234 266 192 211 136 203 230 156 170 258 79 245 231 98 76 243 150 168 172 144 272 239 193 180 140 257 186 265 98 185 230 94 91 146 121 150 88 155 245 198 77 167 252 121 218 216 134 267 122 148 193 122 73 243 175 204 197 149 274 155 181 126 215
173 97 217 144 91 91 127 97 164 188 274 257 235 107 215 86 258 191 161 216 214 106 240 75 144 273 244 81 100 179 86 195 214 185 116 93 255 205 157 110 248 74 103 86 113 214 223 78 278 225 191 279 179 0 264 246 179 121 92 277 115 264 271 101 179 208 103 72 267 73 207 77 82 81 248 197 135 278 183 165 208 77 156 193 202 244 199 249 200 256 84 91 201 258 162 70 174 85 122 232 265 84 104 130 153 181 219 195 256 229 123 86 98 208 103 239 207 106 111 279 271 78 209 92 134 87 246 239 147 171 72 198 97 171 164 138 271 182 183 165
187 150 78 242 203 181 73 268 249 110 78 228 136 133 134 184 170 155 139 132 158 136 248 257 88 116 172 146 234 171 107 210 160 125 168 264 161 104 243 234 104 115 127 109 194 251 267 224 129 217 200 261 259 167 0 181 100 113 267 250 237 71 108 146 163 203 104 73 171 194 200 70 182 159 70 77 173 140 125 146 81 138 212 205 104 132 217 92 262 124 119 123 172 209 76 129 214 188 107 191 251 105 198 80 103 151 193 123 210 149 105 184 147 164 216 168 115 214 240 107 255 102 166 204 132 269 93 141 171 216 238 206 182 119 264 110 197 262 264 149
168 270 112 237 179 95 236 200 229 233 161 263 112 184 179 257 98 200 131 204 198 82 74 74 208 139 244 109 77 206 267 250 267 250 229 277 145 107 265 255 249 277 163 244 173 268 164 192 97 158 123 174 173 95 176 0 181 161 247 213 239 227 200 96 225 86 244 179 238 115 211 125 92 95 91 161 154 164 253 279 111 183 141 132 211 111 260 86 224 221 234 187 209 222 173 131 229 200 186 82 180 249 222 76 154 235 112 212 156 101 113 77 263 126 240 184 239 280 105 195 135 233 189 243 89 98 191 174 214 114 128 86 130 126 230 277 116 238 181 259
122 274 249 231 246 99 118 192 147 84 261 76 136 256 113 257 145 262 272 125 118 167 232 178 168 177 262 202 231 279 164 256 210 83 241 247 106 184 187 162 228 99 72 262 128 196 156 189 162 184 142 255 113 80 271 231 0 71 151 261 208 175 216 228 72 257 114 153 242 235 272 148 94 142 242 116 241 174 128 107 148 108 171 214 91 191 98 76 93 183 180 214 139 258 206 166 87 119 208 150 206 160 88 227 127 242 221 254 104 197 149 184 235 110 232 112 104 87 126 152 243 197 194 153 119 163 132 80 264 90 139 167 80 242 187 172 92 126 178 252
224 74 175 111 184 277 77 142 167 114 80 113 105 255 100 166 235 250 165 203 159 236 158 114 247 238 141 153 172 94 255 151 111 189 201 73 165 111 85 266 144 201 191 233 234 125 74 117 235 99 112 98 91 171 88 188 151 0 131 187 70 187 201 208 139 148 178 142 260 166 275 219 256 279 146 198 252 234 247 237 111 213 87 212 189 94 116 149 153 181 174 182 188 95 170 182 197 131 144 204 184 104 111 181 139 251 163 118 117 255 165 126 224 213 230 170 112 94 199 106 118 273 120 122 203 222 234 87 239 150 245 227 256 140 131 187 99 118 155 135
242 105 98 81 247 149 250 269 135 110 257 174 199 148 107 174 234 89 146 224 107 125 166 171 217 109 70 270 156 243 81 98 265 121 175 131 233 161 101 261 168 143 243 118 226 268 145 254 131 162 189 183 221 141 98 260 171 226 0 163 230 269 233 137 163 274 125 271 227 107 110 182 140 224 195 99 109 149 212 107 279 145 205 142 99 228 246 79 182 167 102 197 265 231 222 222 272 198 72 270 189 136 258 141 136 255 89 221 122 99 179 125 90 160 85 219 180 89 227 173 265 230 145 100 184 162 104 92 176 270 248 81 212 139 172 227 280 260 155 219
214 71 167 202 74 243 173 168 158 198 247 174 75 274 222 274 174 263 252 95 206 81 217 139 180 75 129 255 235 134 173 155 268 135 170 132 134 255 101 239 91 208 272 224 248 144 215 277 241 211 264 255 278 70 238 266 78 101 77 0 92 263 235 133 164 233 153 118 81 166 94 76 277 203 107 154 100 224 216 278 181 273 140 200 125 189 111 133 101 265 190 184 144 183 71 190 208 77 188 144 83 211 194 273 254 99 195 113 160 228 244 228 125 203 217 246 188 237 138 148 169 111 234 88 147 196 246 151 279 138 256 189 186 114 182 71 195 97 227 99
259 266 178 148 117 177 157 257 207 89 115 236 133 216 273 249 161 102 104 118 258 105 238 84 176 138 279 256 270 244 77 196 74 72 105 116 219 92 240 256 265 276 120 259 92 155 272 223 195 245 202 183 112 116 203 154 121 202 164 182 0 138 223 153 97 260 112 126 268 142 149 194 174 256 136 180 78 119 187 84 165 78 138 189 116 114 187 194 191 236 126 187 142 159 200 217 227 226 245 181 131 235 97 255 219 228 259 182 257 279 140 248 153 118 117 86 269 171 175 124 152 179 148 134 72 118 244 250 92 148 248 234 121 165 119 244 78 87 280 260
238 260 275 126 195 218 279 278 231 194 272 183 84 213 161 189 140 191 211 95 216 133 165 197 255 120 176 206 123 276 215 226 108 178 152 78 220 131 154 183 80 145 154 234 103 196 198 156 174 176 244 277 119 233 123 132 126 226 225 267 158 0 182 73 215 102 139 99 264 114 152 96 147 201 279 79 166 223 191 265 165 106 259 150 201 170 193 270 255 87 90 253 153 85 256 182 142 239 102 118 217 157 135 253 135 94 86 270 95 159 122 230 133 231 80 234 230 166 243 165 252 144 89 261 158 237 242 250 116 99 194 233 223 250 261 94 199 129 175 196
165 275 99 89 240 183 181 119 98 271 122 100 71 78 91 219 257 251 247 263 223 162 225 218 272 267 157 83 252 247 167 80 265 85 109 74 154 78 162 143 70 93 234 92 274 147 247 190 218 151 131 82 214 233 272 277 144 141 201 156 125 239 0 154 140 273 279 252 223 73 143 146 276 111 89 270 194 173 278 193 85 159 123 94 160 116 172 260 168 244 217 101 272 254 260 234 280 102 117 259 132 127 202 192 190 109 201 231 229 76 128 228 181 103 275 233 230 202 209 133 90 128 143 92 177 199 84 93 261 111 272 209 85 82 176 215 193 210 79 207
280 88 271 265 99 77 233 73 267 236 91 126 108 258 253 187 252 172 136 194 71 252 267 107 247 242 112 112 198 238 73 276 239 195 77 110 72 86 168 138 244 191 175 148 153 260 153 178 76 260 122 205 109 103 165 183 110 225 92 128 77 250 118 0 108 148 231 273 207 180 113 142 104 136 94 178 184 153 83 221 160 230 237 123 75 150 273 191 142 135 107 113 272 205 76 76 96 186 75 145 152 262 86 85 190 173 88 150 87 131 153 95 238 228 164 170 113 146 161 235 249 249 158 180 190 258 181 238 138 157 80 88 131 100 190 277 194 108 204 187
96 276 262 128 127 179 86 275 273 265 117 270 223 189 118 177 171 85 176 70 203 258 179 195 257 176 230 267 252 190 71 102 162 105 250 247 83 110 163 92 220 278 204 234 139 259 178 199 178 154 205 269 126 115 233 172 77 221 249 208 148 111 81 89 0 179 184 180 176 266 198 140 255 129 225 129 239 171 78 267 173 266 83 189 215 150 274 127 269 172 178 160 183 267 174 245 138 228 174 277 173 227 150 270 185 210 224 249 118 259 89 197 273 135 186 200 256 152 215 154 230 102 223 75 217 172 110 91 132 73 138 237 100 168 230 129 134 140 258 181
237 203 104 180 104 122 168 122 267 204 137 82 202 228 222 199 180 81 274 90 214 92 211 165 221 92 245 204 222 228 119 120 252 172 142 142 239 267 203 257 121 270 154 96 146 84 199 258 148 232 190 167 204 114 273 270 100 166 233 210 258 187 233 91 249 0 101 262 123 147 130 93 201 259 238 84 119 206 238 198 149 239 164 186 155 183 248 148 274 243 180 175 130 159 81 198 232 138 261 248 222 226 177 186 173 130 189 146 245 230 171 238 233 258 157 100 153 269 125 162 199 218 192 267 171 214 267 84 141 217 176 139 243 255 140 154 175 80 218 123
91 175 201 82 156 122 217 196 252 235 279 137 255 131 198 245 141 102 101 200 101 89 202 268 102 240 280 154 271 246 82 212 77 199 235 243 168 101 153 213 152 101 86 241 260 211 191 148 228 111 74 236 81 238 85 206 165 134 258 92 221 165 214 118 277 100 0 96 180 248 138 249 227 208 126 77 182 230 136 197 95 204 104 95 71 263 77 154 213 176 144 154 230 198 259 141 182 214 225 256 203 103 135 224 268 233 201 255 273 85 258 214 97 218 182 111 140 212 139 233 210 173 203 208 148 238 216 265 183 84 173 116 164 234 280 144 218 128 104 218
187 158 132 153 256 232 74 112 263 90 116 205 241 180 190 213 79 157 146 102 182 71 86 144 90 220 89 232 95 116 280 259 102 175 161 137 259 218 199 111 73 268 242 101 138 239 228 144 279 162 196 161 126 235 120 135 262 117 116 221 194 127 161 167 124 166 233 0 162 99 258 95 250 141 113 267 95 172 151 146 133 110 70 151 195 73 192 132 233 139 194 103 240 243 135 245 207 150 238 180 70 147 141 235 138 127 123 258 171 257 199 205 212 189 264 96 88 218 252 228 120 191 89 176 101 225 86 182 173 234 74 73 213 195 213 137 249 214 85 154
70 118 72 274 80 271 200 223 277 159 145 120 165 88 225 99 138 254 125 204 261 216 76 206 199 108 131 272 240 210 154 235 211 238 129 211 94 126 221 106 270 83 252 266 141 93 113 208 115 277 71 125 142 145 265 212 87 102 187 238 270 220 201 244 164 260 231 92 0 74 271 256 210 165 114 242 108 225 163 111 278 238 142 143 77 131 105 106 83 102 90 270 147 244 72 204 89 172 102 114 214 189 242 207 261 118 193 183 102 238 196 95 125 205 238 235 262 217 202 257 198 89 84 229 255 256 188 190 133 136 73 169 139 239 147 254 201 226 78 274
236 207 211 226 246 169 172 279 236 256 98 192 157 154 87 262 193 191 261 123 101 88 250 188 155 89 155 260 118 260 252 70 109 248 122 84 214 109 127 97 253 264 119 91 261 149 81 233 175 279 104 184 170 234 123 190 182 166 184 204 233 268 245 242 132 83 256 152 143 0 279 110 217 223 222 155 140 127 142 218 268 276 83 232 154 169 236 130 120 234 124 136 103 236 228 144 145 92 207 231 182 215 255 95 171 248 181 263 260 151 81 227 162 246 243 263 280 260 255 197 261 169 268 194 133 223 189 116 188 105 241 144 119 255 251 280 166 113 187 115
217 266 262 252 117 206 134 101 197 85 91 192 200 218 131 217 138 197 127 92 240 227 225 186 90 167 178 86 209 248 105 254 95 89 241 225 147 134 164 84 92 205 258 142 101 114 267 255 279 157 173 111 205 271 129 226 97 188 266 265 161 243 144 229 116 103 247 89 200 96 0 144 144 124 218 252 70 183 101 251 110 170 230 223 251 250 116 164 137 252 235 188 267 194 221 167 159 149 186 124 188 165 114 74 144 128 211 93 147 232 135 248 94 112 148 215 229 212 78 250 253 253 165 166 236 217 207 263 144 140 88 190 242 275 158 83 111 159 259 199
274 169 112 75 269 131 235 94 183 225 174 114 267 95 249 149 182 83 245 166 145 173 106 124 212 176 138 144 246 137 272 216 122 79 234 226 147 227 96 116 251 72 214 99 107 135 123 159 256 247 202 254 207 199 127 167 176 188 185 187 151 223 255 156 165 81 273 252 242 257 243 0 177 112 257 263 161 101 96 266 113 75 203 170 119 207 128 199 239 179 167 215 257 145 96 193 106 275 241 150 260 83 108 118 248 260 161 198 70 221 237 260 280 245 78 138 152 230 144 90 137 178 277 140 169 152 207 71 229 173 82 220 125 124 194 149 250 101 222 183
154 248 264 263 101 71 186 119 98 196 115 250 136 91 240 235 183 186 111 113 236 274 176 142 174 252 270 201 165 98 71 143 203 84 142 82 138 158 148 133 214 199 81 184 275 165 220 166 96 210 208 145 223 125 276 210 140 103 180 274 227 198 210 87 167 251 237 79 222 264 80 187 0 147 70 167 153 268 280 211 133 215 219 76 75 155 258 160 95 98 258 227 141 95 233 89 278 188 241 87 95 223 220 71 110 246 240 253 108 243 145 113 117 248 153 70 202 151 156 70 237 135 222 267 212 127 156 80 167 214 131 221 101 203 165 246 271 273 223 235
91 99 277 183 225 122 188 243 84 103 88 109 203 141 197 209 182 256 126 75 251 255 173 264 262 233 72 255 135 70 89 70 159 169 183 180 70 258 202 82 251 229 270 233 181 264 147 208 264 220 105 75 267 183 138 263 267 99 94 116 168 92 134 252 92 184 153 184 273 181 193 213 118 0 200 140 128 77 265 150 240 190 219 98 109 109 153 231 185 273 114 96 155 200 125 143 201 253 85 261 251 242 276 97 220 232 249 165 79 267 199 146 243 196 272 263 125 276 143 119 87 238 258 130 252 240 174 237 279 275 257 182 254 123 276 164 116 160 73 208
117 177 152 211 152 126 172 212 140 224 144 160 144 234 111 105 109 227 259 240 106 162 129 156 159 238 134 194 97 161 113 236 92 92 201 228 279 210 259 237 222 257 75 112 125 272 136 118 248 267 149 170 146 160 191 243 242 206 107 179 214 104 178 235 160 254 170 193 112 177 205 159 145 74 0 144 201 185 136 189 106 280 237 91 233 148 264 228 114 276 93 278 149 277 117 94 208 137 98 172 252 93 79 123 119 198 133 109 76 200 253 221 234 261 175 112 265 210 258 243 94 112 173 246 258 74 177 158 110 157 104 185 178 242 210 208 278 119 154 159
81 130 127 215 232 221 207 194 124 242 272 114 166 145 263 114 75 248 236 126 137 225 90 217 86 143 73 212 216 125 151 79 190 253 115 116 94 144 202 276 219 262 222 263 152 199 129 70 129 81 201 146 75 271 130 230 279 194 272 104 218 153 279 93 155 256 189 88 183 123 270 155 169 189 265 0 157 187 264 139 176 154 270 120 195 171 280 190 116 196 231 247 73 182 201 241 122 112 99 210 164 81 82 267 215 188 120 142 118 87 135 273 88 257 160 102 218 171 164 280 170 247 76 124 118 261 164 199 139 80 143 170 87 118 176 130 170 260 219 109
100 128 243 82 265 157 164 185 124 245 142 159 87 151 75 199 174 79 133 205 121 151 275 90 280 96 243 185 148 96 232 232 273 250 263 267 253 202 207 144 212 260 88 95 153 189 124 234 276 181 120 221 89 112 125 164 243 197 211 73 74 138 155 259 134 200 267 116 204 169 225 153 81 141 83 279 0 136 84 232 91 274 187 132 263 187 93 123 75 146 145 184 243 228 255 158 169 226 195 209 178 176 268 168 239 214 206 222 172 87 206 245 73 152 221 153 275 202 170 229 138 249 255 170 136 152 217 170 222 78 146 135 184 84 253 175 103 97 159 99
77 250 152 130 203 95 217 165 79 138 129 98 250 183 73 268 272 87 279 217 79 160 268 89 81 103 114 118 229 129 105 115 100 179 253 223 74 194 222 200 249 73 77 120 101 260 128 76 199 262 182 93 75 120 124 175 204 227 91 151 205 259 266 258 280 195 219 277 78 252 206 233 227 250 77 112 82 0 118 167 81 75 98 225 276 164 81 165 144 255 257 171 202 201 98 156 97 223 117 103 77 191 229 114 155 246 252 127 239 163 186 263 168 171 162 131 135 175 216 272 216 156 82 145 229 134 254 83 195 145 280 198 143 158 209 196 113 267 262 247
135 81 195 198 234 128 206 276 250 190 133 120 244 116 204 120 105 79 235 259 149 84 70 264 210 274 141 203 136 117 242 222 143 103 114 117 192 91 161 106 141 184 164 226 277 270 209 214 270 194 231 232 273 147 222 151 102 168 107 181 242 155 262 179 101 241 200 162 198 143 73 218 252 166 268 180 101 189 0 245 261 169 200 102 188 220 185 88 85 278 71 94 183 279 175 273 152 133 138 104 116 262 184 204 189 229 175 71 273 188 118 163 145 279 277 109 97 174 118 256 172 191 119 217 146 222 246 187 192 262 90 109 178 86 225 182 161 134 112 108
251 216 238 216 230 171 279 268 101 107 118 108 93 107 138 241 206 80 114 218 107 144 88 249 79 230 248 110 140 153 143 106 138 104 169 206 217 71 168 244 259 261 220 77 210 249 142 251 186 252 177 220 141 209 213 118 149 82 111 118 217 108 217 278 242 115 112 108 100 195 204 83 123 161 181 105 238 263 159 0 79 236 105 162 171 231 201 184 269 152 117 81 209 173 217 146 101 253 156 101 100 203 256 184 258 78 112 164 239 213 190 72 204 128 279 142 163 135 99 230 150 197 227 124 101 174 82 160 154 192 163 115 236 100 259 87 198 149 106 71
249 154 100 78 190 270 140 148 262 81 191 165 100 110 207 208 114 115 165 134 238 271 243 122 119 85 153 209 188 200 263 134 161 109 255 255 209 150 233 227 133 272 125 267 197 203 275 253 159 147 96 225 263 272 168 176 122 230 117 276 174 130 164 200 259 167 273 96 119 221 188 157 100 268 160 261 232 127 86 216 0 243 89 184 73 186 268 172 246 107 263 160 176 235 132 118 270 172 108 83 195 161 256 268 267 279 275 178 214 132 73 156 127 214 245 237 82 233 181 112 222 198 173 254 249 215 99 80 169 108 144 77 277 181 77 248 117 246 273 148
99 83 240 200 164 245 137 161 245 214 214 243 78 199 178 106 103 122 252 209 223 138 183 88 119 124 268 278 120 280 211 233 168 267 119 188 222 120 116 100 190 275 126 203 238 129 80 157 124 105 277 130 153 176 225 111 276 143 245 115 94 150 230 280 195 278 97 167 152 175 212 136 188 144 159 139 261 265 198 263 195 0 205 157 72 226 211 76 218 186 157 240 246 178 208 99 142 81 244 131 104 138 140 200 174 189 95 245 254 202 273 245 216 129 200 126 223 126 120 112 184 200 162 216 264 255 277 180 138 107 112 113 190 204 113 170 145 241 250 275
131 131 223 183 230 263 169 99 177 221 275 166 173 202 133 179 175 211 156 237 273 148 193 238 206 211 258 225 264 92 279 151 211 210 82 78 152 208 278 93 95 275 242 244 162 74 137 265 111 169 169 279 152 150 143 93 157 120 266 73 180 242 82 126 259 220 228 99 122 216 107 75 187 179 223 253 188 206 230 237 224 97 0 207 220 84 108 152 208 139 117 223 222 207 229 76 174 246 126 135 206 173 84 93 152 263 230 122 279 146 250 167 100 147 216 125 145 140 95 213 94 150 244 130 222 268 106 233 152 146 184 105 181 191 81 84 172 148 267 123
103 247 179 242 239 90 143 225 103 92 166 245 83 271 119 198 204 278 108 268 197 241 224 271 88 202 226 162 279 214 202 98 126 154 271 77 184 272 166 229 109 83 79 258 277 82 188 108 128 89 75 170 153 184 192 142 124 109 202 150 168 122 262 119 271 274 219 70 233 133 197 169 167 265 183 227 128 223 83 199 147 163 218 0 201 280 93 263 107 273 212 190 111 245 103 276 191 140 71 107 108 124 94 120 161 244 79 77 145 115 151 248 234 276 160 182 174 242 175 93 256 70 261 223 235 278 190 80 189 165 216 236 218 206 82 95 80 146 251 87
89 79 82 238 270 104 112 109 168 258 105 240 88 259 93 192 268 216 222 264 176 220 226 255 275 243 83 249 238 235 241 244 197 279 145 190 116 165 205 218 180 117 245 270 183 101 198 222 227 170 246 80 181 75 77 242 134 71 174 199 254 173 228 141 226 141 118 117 278 175 78 109 91 182 231 85 270 262 134 122 134 197 173 256 0 71 195 187 275 89 275 164 76 97 154 242 209 109 97 192 188 177 229 184 221 116 257 194 223 95 222 247 231 104 148 209 278 233 148 273 279 185 99 263 77 166 227 237 124 122 160 244 243 251 136 218 248 220 263 162
272 243 152 122 270 226 259 158 172 131 190 157 261 139 258 234 111 223 222 94 217 218 245 254 115 97 262 213 258 246 164 240 208 152 91 164 180 190 193 163 137 125 221 150 122 146 94 91 248 186 226 76 113 215 199 216 134 242 259 136 108 162 235 219 111 145 215 144 244 85 265 170 81 243 157 86 149 128 162 114 254 90 128 225 151 0 214 186 226 191 188 114 245 153 206 172 131 220 215 187 245 251 205 119 260 203 138 96 203 228 72 136 126 96 232 213 124 141 170 274 149 221 247 162 246 72 108 192 106 111 153 156 277 274 112 210 124 221 189 177
206 134 122 88 111 230 86 231 129 81 206 181 165 83 175 260 136 263 244 201 185 122 116 119 205 73 225 137 199 224 233 177 211 236 272 261 250 190 99 177 125 244 247 258 226 208 242 265 161 276 185 245 226 159 71 253 110 216 89 185 133 172 232 181 251 184 162 251 113 70 78 275 179 128 264 228 253 162 216 130 190 192 237 147 154 153 0 154 157 268 148 156 133 124 207 155 172 213 230 231 165 175 125 230 209 216 128 114 213 214 246 106 224 171 213 110 111 147 176 242 261 103 139 251 130 71 110 256 207 157 102 172 77 106 91 264 193 271 159 113
138 176 165 216 235 211 192 108 201 276 167 253 71 236 130 223 98 188 102 147 188 160 139 114 89 150 175 99 228 111 165 274 94 205 87 75 167 250 270 249 237 226 261 123 149 165 243 93 231 165 133 105 227 176 212 84 214 276 254 117 210 91 256 87 231 226 273 259 123 270 191 238 144 274 158 152 155 101 161 92 224 224 251 132 214 199 245 0 140 126 137 265 142 262 217 225 147 236 155 254 182 207 183 272 76 254 173 245 243 170 219 129 138 163 220 108 240 219 85 227 159 112 190 238 185 124 178 209 280 158 224 233 213 269 193 146 221 267 167 259
221 178 133 140 182 150 77 237 106 201 189 135 79 246 109 261 209 212 198 178 89 225 161 149 144 280 230 92 161 255 202 247 79 209 228 239 115 195 96 174 219 100 108 146 257 198 106 181 217 182 273 154 120 87 95 216 274 76 219 166 267 111 224 178 92 84 104 263 128 130 252 125 81 204 142 181 221 230 209 97 179 275 203 249 145 71 103 78 0 113 172 264 172 98 196 278 229 226 152 98 94 263 77 180 159 228 263 203 248 199 257 84 125 196 265 161 159 183 265 71 165 278 172 116 235 159 255 150 216 182 140 135 143 167 181 85 279 172 263 75
268 127 271 201 119 239 135 112 208 222 162 209 112 264 172 130 247 129 124 194 108 124 88 192 196 167 90 220 278 259 158 231 264 112 255 250 80 148 274 136 135 230 270 174 216 107 181 253 261 98 188 158 260 218 211 133 182 199 84 118 93 114 77 168 122 154 134 252 146 178 135 207 265 163 203 244 189 143 158 75 170 159 118 124 84 227 221 145 98 0 169 81 204 247 113 111 135 235 206 88 116 186 173 104 217 115 226 210 129 132 235 168 130 160 201 188 176 242 205 215 103 107 99 193 132 230 207 82 156 144 206 119 129 239 279 234 107 178 154 164
234 258 269 109 191 198 146 278 153 260 173 181 249 185 162 112 195 199 185 223 119 84 208 108 256 238 250 175 240 257 268 216 216 71 129 278 182 221 248 230 82 144 252 190 202 75 121 140 174 228 257 195 96 204 248 220 138 116 175 181 231 261 227 263 166 172 214 255 139 207 249 73 202 155 117 240 263 131 111 131 227 177 99 277 147 275 194 266 166 121 0 92 218 175 110 84 248 153 171 125 203 91 74 79 241 168 278 156 174 221 94 216 73 122 111 115 143 154 92 233 189 162 94 76 86 177 268 97 263 96 142 267 222 144 174 266 229 110 122 138
183 221 216 199 234 219 269 174 278 276 185 132 99 205 111 233 129 206 176 130 252 211 199 203 132 222 167 262 269 243 106 98 280 251 109 261 239 138 76 177 86 234 207 231 125 128 239 278 173 210 133 124 270 89 228 87 103 234 78 131 117 269 144 168 119 128 129 159 131 77 133 240 174 274 196 92 111 188 275 131 258 82 278 94 80 206 258 72 78 167 224 0 138 229 84 198 90 147 200 197 159 93 247 259 183 214 230 198 194 234 111 133 89 265 122 259 160 85 127 90 267 146 265 256 138 272 142 244 257 245 126 195 260 153 264 273 248 75 104 269
129 96 235 169 99 163 99 100 205 253 126 102 265 267 147 129 207 214 210 155 100 257 177 192 128 84 264 98 216 271 202 116 174 133 205 104 190 239 154 159 270 230 261 159 251 167 232 161 103 112 107 219 214 80 221 151 177 217 221 197 188 203 155 151 210 277 129 158 158 182 180 107 207 240 111 183 139 279 121 219 97 157 106 133 156 75 175 98 86 128 213 167 0 248 229 170 177 135 88 241 268 148 270 92 136 193 186 269 155 264 184 112 259 199 229 192 77 70 280 190 221 121 150 202 273 242 185 115 210 82 84 85 164 168 136 264 180 99 115 152
268 103 118 206 177 276 186 125 165 221 77 249 151 221 138 105 140 245 225 177 215 212 238 217 133 261 207 236 152 264 84 152 176 129 115 148 190 265 220 87 107 167 146 167 251 151 184 215 110 197 86 167 212 250 186 264 145 107 138 242 155 168 104 222 195 80 144 205 114 239 166 72 249 171 137 147 159 166 217 100 90 214 276 111 147 208 109 130 278 211 193 160 121 0 75 151 75 233 261 173 158 102 167 276 230 203 181 227 89 80 213 106 214 115 258 237 185 263 254 153 179 89 176 75 167 258 215 125 170 114 192 95 263 243 247 246 104 280 87 87
239 178 146 134 176 83 144 183 248 81 106 113 141 141 122 232 170 251 128 161 237 79 95 218 156 167 105 146 259 219 248 235 96 270 274 275 89 111 139 142 262 104 268 222 262 177 155 251 132 104 210 215 95 267 135 159 98 95 196 219 250 73 255 269 206 94 76 214 225 220 263 74 192 114 280 253 210 181 165 152 172 106 253 71 152 100 231 74 172 234 275 228 270 209 0 228 114 92 168 232 152 230 189 211 257 133 152 103 117 71 182 254 240 98 265 91 75 81 75 82 102 274 233 132 208 83 112 145 271 157 118 113 230 128 279 111 280 229 228 123
75 109 88 257 87 164 187 75 158 249 189 187 229 277 181 153 91 237 205 204 93 239 155 212 227 225 121 263 127 91 90 233 280 186 264 94 175 88 79 137 164 153 152 115 215 236 116 165 92 193 75 116 272 264 93 141 160 186 205 165 89 108 95 88 79 213 216 208 196 177 148 85 268 79 176 174 116 106 212 224 133 146 104 145 262 266 153 199 135 263 182 96 276 117 225 0 208 172 157 153 169 86 188 227 220 280 109 235 138 221 153 195 130 177 267 234 85 73 87 184 271 214 275 179 152 97 211 140 181 196 264 192 141 109 255 72 182 229 192 216
223 170 206 161 265 244 127 97 247 120 127 105 245 177 167 257 75 86 209 139 116 220 219 146 101 210 108 134 217 118 122 99 150 277 153 257 240 124 263 110 153 268 73 128 114 71 74 195 274 107 166 209 171 168 136 178 111 242 204 220 125 193 259 180 84 81 149 111 155 162 169 138 119 196 236 161 151 208 177 202 144 98 261 216 196 154 167 126 212 143 201 174 92 278 268 215 0 147 115 198 249 161 172 255 151 163 208 88 74 223 183 192 124 96 216 91 270 104 250 107 142 258 158 215 78 246 79 100 90 223 157 195 92 255 146 81 184 223 234 113
202 111 186 136 141 226 133 138 259 214 191 232 213 187 252 178 215 85 140 145 258 163 270 137 107 158 227 97 112 228 222 192 137 84 125 278 256 273 259 152 265 251 117 92 96 151 181 139 96 166 226 133 266 208 261 199 226 73 111 142 271 107 186 208 94 192 167 219 155 70 178 145 90 158 214 139 137 275 127 93 273 92 183 240 93 145 250 97 127 118 88 206 202 82 204 187 156 0 247 260 105 259 115 221 176 197 110 249 219 123 199 260 77 132 97 189 162 278 144 228 166 85 238 132 78 247 264 191 145 279 275 246 139 167 188 237 169 241 137 121
160 137 79 114 280 128 240 205 261 270 142 131 276 243 240 181 104 255 235 196 273 151 175 190 245 208 87 228 159 73 79 143 237 138 238 264 208 170 202 264 137 190 70 237 213 107 243 211 280 272 161 206 209 116 135 132 175 186 205 153 89 191 96 171 253 257 254 274 132 120 79 138 124 153 144 145 102 153 73 279 127 220 88 273 155 261 236 280 236 267 116 201 195 86 239 257 130 84 0 98 93 84 128 205 162 247 264 198 83 183 126 266 228 122 151 147 105 71 134 225 139 270 133 247 131 257 266 105 78 219 110 233 128 278 181 111 178 110 172 182
261 276 143 86 130 145 173 205 153 161 188 136 271 237 163 145 76 89 168 70 198 235 164 135 97 164 275 264 144 230 240 228 170 197 153 117 156 252 155 120 176 262 199 181 152 213 96 206 172 115 155 201 221 247 266 254 226 105 217 191 191 261 195 206 199 175 119 107 99 94 99 238 246 242 247 135 206 77 205 197 218 155 220 195 230 278 88 82 272 241 223 152 241 110 175 87 235 205 142 0 223 176 75 159 135 130 193 207 184 158 193 101 102 141 83 97 239 226 81 148 196 257 144 110 199 165 206 147 236 132 150 277 84 264 215 86 106 104 238 108
202 201 259 222 271 239 225 128 86 132 272 78 227 180 259 136 237 210 153 232 76 189 127 148 82 190 124 84 245 256 263 147 193 242 84 111 120 104 78 146 178 272 233 262 130 108 182 267 115 251 90 159 74 136 222 81 177 104 255 255 256 218 185 244 267 201 202 108 236 103 162 97 160 158 92 165 236 185 186 149 161 229 214 100 279 164 96 257 181 175 202 187 99 115 214 87 87 84 129 83 0 114 230 181 273 118 163 188 136 216 185 214 235 162 257 243 203 155 85 127 176 270 160 197 201 185 219 172 90 242 126 156 277 204 275 74 270 73 141 260
220 142 239 159 177 91 188 132 70 181 168 258 186 190 174 191 102 164 214 88 149 95 135 121 88 227 231 142 280 155 118 267 170 269 78 232 251 208 208 169 103 223 147 264 116 121 114 84 172 148 84 155 74 95 89 198 79 134 244 163 72 202 276 206 247 124 190 209 143 220 248 119 153 207 190 223 243 144 148 230 269 116 269 90 199 196 155 169 246 248 159 153 125 130 218 168 101 82 222 259 165 0 239 190 243 127 243 204 277 92 176 244 129 162 262 229 181 107 152 83 238 204 121 95 71 268 248 102 269 238 198 180 186 158 162 143 77 253 123 125
251 240 107 164 82 151 247 104 248 219 170 205 96 135 86 170 205 88 202 118 114 187 191 171 154 252 141 124 213 207 153 93 89 134 215 140 202 162 221 232 133 244 171 243 103 270 102 232 125 240 135 214 196 128 202 111 148 153 257 233 171 269 183 225 103 187 233 123 217 122 79 139 220 88 115 225 217 244 155 141 113 274 244 74 85 110 253 249 216 237 96 227 265 229 126 70 168 136 239 71 154 171 0 202 70 103 123 272 169 274 158 218 78 115 226 109 185 203 252 126 80 185 264 148 265 251 88 182 181 229 227 112 171 140 249 130 98 210 182 211
209 99 257 236 176 176 180 147 121 189 175 148 252 87 242 134 206 117 258 142 168 166 199 187 156 273 270 191 104 202 72 228 271 153 166 261 211 170 148 144 262 198 74 265 243 151 114 91 72 234 241 124 140 134 202 111 212 223 183 216 174 87 190 222 262 155 179 189 218 141 99 202 280 251 263 135 134 241 260 244 273 137 250 120 156 175 152 237 163 115 178 109 111 175 177 261 87 234 188 153 240 200 110 0 266 123 127 117 81 271 103 128 200 203 182 127 134 256 183 211 207 258 102 172 184 232 101 120 171 148 162 233 159 122 100 197 87 159 109 127
177 74 204 215 152 135 150 271 241 192 208 75 149 95 169 228 215 71 234 70 196 144 83 197 190 214 225 114 238 71 209 223 256 215 226 216 181 168 232 232 258 72 100 213 279 197 126 206 233 245 133 77 115 100 202 236 208 257 194 118 112 218 204 250 119 190 243 250 96 84 264 128 86 276 216 180 242 136 118 106 100 269 237 110 132 169 204 142 140 178 115 278 100 244 215 184 218 184 94 149 120 271 77 206 0 84 213 266 158 194 185 134 190 270 190 178 230 78 221 274 257 119 201 221 176 163 234 78 115 235 218 99 211 159 202 85 145 119 197 167
273 94 78 153 168 175 130 210 158 265 254 189 103 78 236 168 134 131 85 258 175 246 194 118 280 229 178 272 267 270 154 110 227 190 173 204 123 192 122 200 127 247 104 81 132 193 209 71 118 200 93 234 77 267 167 200 97 274 128 90 144 209 238 156 275 143 277 270 160 88 259 153 127 139 132 112 162 157 253 244 240 184 166 93 138 93 223 275 107 151 264 121 182 234 229 113 257 252 105 231 138 226 82 200 113 0 241 256 79 73 219 246 134 240 240 73 205 128 248 132 258 146 224 159 258 276 157 207 88 194 129 116 187 280 99 234 89 81 223 94
131 232 81 181 179 147 89 272 273 162 97 258 229 272 224 242 83 159 235 155 119 183 128 273 168 210 145 162 243 245 142 242 261 145 256 106 94 166 173 180 135 96 215 259 193 274 105 172 74 277 134 131 227 172 168 191 99 248 275 135 107 265 106 231 191 202 121 180 117 115 184 78 226 243 139 111 218 88 79 277 216 166 232 90 132 125 170 256 142 117 140 131 194 200 177 253 238 178 274 226 256 276 81 109 113 191 0 229 202 138 110 113 222 123 174 226 217 141 261 136 280 80 240 135 276 126 252 220 198 279 147 102 236 237 191 83 119 189 246 192
161 101 106 258 273 261 73 74 71 251 87 80 147 157 259 132 84 182 93 252 84 221 126 77 93 239 229 134 70 200 122 93 269 242 115 160 167 206 192 183 78 256 187 161 220 129 123 172 85 266 84 260 204 166 275 239 81 93 230 154 201 164 102 215 234 92 278 115 142 148 236 176 229 193 231 145 100 255 243 235 149 219 147 192 135 108 138 205 174 239 164 142 213 148 224 192 182 219 132 217 265 92 253 147 258 143 87 0 239 108 267 126 173 103 174 195 126 194 217 248 151 190 210 71 147 233 88 175 107 260 146 80 186 82 129 193 242 273 79 80
90 124 72 197 153 201 219 230 87 105 262 85 198 258 235 272 146 107 135 143 234 76 131 106 74 102 81 168 90 236 162 171 204 194 107 240 253 192 78 273 75 141 125 246 247 172 70 248 223 201 156 199 276 141 244 196 214 102 204 175 172 167 276 255 83 278 100 232 213 140 87 114 160 197 100 255 236 74 233 187 206 175 244 268 124 175 194 225 124 84 111 99 233 83 186 229 190 89 167 269 232 167 249 224 165 165 147 124 0 157 196 248 171 151 155 271 153 240 213 232 105 81 258 96 225 194 240 170 99 278 209 258 157 207 93 204 150 128 166 147
122 188 232 175 164 101 165 207 109 183 271 270 260 236 225 198 188 169 77 231 252 210 219 227 147 263 233 138 119 137 105 247 139 74 174 84 244 256 89 126 73 219 149 216 146 174 258 239 81 194 201 148 90 123 260 152 152 79 255 243 179 212 248 265 252 217 114 218 246 123 262 115 102 263 162 227 235 169 134 89 190 190 73 169 115 279 221 197 120 126 224 72 103 206 248 117 256 98 115 188 150 135 210 200 214 109 193 211 247 0 87 253 182 249 86 256 76 225 165 74 84 193 165 241 201 108 262 176 280 116 119 108 73 228 248 156 280 213 182 216
159 90 105 79 200 71 83 163 223 117 179 275 272 111 70 211 97 174 251 237 197 240 131 204 191 181 241 248 138 216 273 278 135 95 107 209 172 173 260 207 111 130 231 124 236 230 159 95 78 224 201 215 255 210 112 256 255 244 219 256 228 195 82 256 82 270 195 116 112 171 191 205 241 70 117 127 115 276 131 103 195 207 210 102 85 219 261 276 275 274 279 92 138 116 111 225 105 278 162 73 204 260 85 106 233 225 134 101 104 84 0 106 184 219 157 229 177 170 225 95 151 165 237 133 80 111 260 268 99 209 182 91 105 85 275 198 104 101 76 232
166 80 169 256 150 255 93 84 252 232 195 203 168 216 93 233 271 166 129 157 236 171 270 163 124 182 78 79 268 163 210 265 276 130 167 88 218 152 160 221 254 252 223 245 95 198 177 252 118 134 112 278 198 85 178 159 76 96 203 243 177 122 203 213 155 255 122 171 265 99 90 226 274 246 223 268 86 144 226 130 121 173 278 205 166 75 116 231 263 164 111 269 125 142 114 256 169 210 279 234 207 134 195 162 275 144 129 167 70 223 114 0 178 84 156 85 191 199 217 242 163 78 95 212 175 199 207 128 208 144 228 233 98 185 194 252 278 198 79 280
139 106 275 221 234 177 223 129 210 253 178 120 123 114 71 228 141 213 90 150 122 168 264 260 134 270 255 110 207 209 117 194 153 107 259 159 198 76 256 263 212 184 261 202 250 109 255 272 236 254 105 209 144 187 135 264 81 86 192 176 125 90 261 134 279 137 215 231 75 126 123 232 86 109 229 220 211 105 225 113 119 201 279 86 116 81 112 209 124 191 219 221 107 133 232 112 200 150 130 171 112 107 228 259 227 96 104 87 159 145 141 112 0 91 71 76 80 104 170 72 160 144 148 242 79 273 92 214 233 237 157 136 187 175 178 89 257 246 261 225
136 172 172 199 245 260 76 127 137 276 276 120 89 170 247 108 271 168 141 263 262 212 175 233 137 196 261 118 106 157 182 201 113 81 221 75 237 95 111 278 262 157 194 192 155 143 215 248 193 95 241 175 84 73 127 261 144 123 181 117 203 189 89 250 160 97 177 83 132 192 241 102 160 277 174 81 143 177 141 156 182 194 123 247 243 136 189 271 222 248 244 124 104 261 236 208 269 173 186 230 154 138 258 232 143 190 101 138 275 103 85 244 255 0 222 142 277 106 177 102 274 152 153 96 177 140 176 127 75 214 83 268 275 235 133 178 128 73 219 244
240 272 260 262 128 268 167 170 267 162 121 87 146 97 271 87 159 143 177 114 237 174 200 150 187 250 214 182 105 170 185 107 278 255 79 131 267 118 235 190 188 230 249 94 161 99 209 216 249 216 141 201 71 265 278 259 119 181 205 219 94 204 104 182 279 157 111 222 189 245 180 168 242 116 271 221 197 177 177 236 203 206 95 218 269 201 212 269 117 74 196 245 212 82 226 222 211 155 224 155 89 180 159 280 162 71 73 120 78 233 222 162 122 189 0 173 265 227 134 79 229 157 96 265 246 228 169 114 222 255 116 280 265 150 236 179 167 89 155 190
222 83 131 269 115 156 132 90 184 143 80 95 83 123 225 263 184 136 140 218 185 252 183 96 74 103 229 112 79 132 251 96 270 86 197 270 126 153 231 75 126 275 76 117 232 214 126 158 169 171 91 201 160 95 195 226 240 157 193 109 153 78 86 184 81 172 133 153 124 77 97 229 197 279 241 180 243 102 135 105 232 150 159 254 207 179 94 151 126 157 123 252 113 171 74 198 130 255 254 119 178 265 191 172 143 276 85 219 185 258 167 267 169 256 220 0 125 113 272 182 168 261 73 219 171 206 275 152 90 70 272 224 159 132 184 168 88 204 117 115
187 86 108 193 228 207 213 71 83 84 185 128 106 276 237 231 196 79 266 187 180 267 198 155 255 203 242 93 114 78 201 130 269 112 86 103 108 172 232 271 217 249 195 267 148 180 140 83 236 78 122 234 259 102 137 239 131 253 245 74 224 110 254 127 196 242 152 228 189 132 87 105 207 120 240 81 176 265 88 87 164 153 239 113 155 117 268 188 231 228 201 144 167 267 198 113 173 215 210 133 134 107 160 111 228 108 134 94 189 194 211 161 219 214 157 265 0 133 91 200 269 279 70 267 142 248 159 131 87 179 161 148 209 77 74 209 80 122 265 246
177 95 92 102 198 95 184 117 152 122 249 185 169 135 271 121 270 156 190 85 131 71 189 279 243 246 77 214 111 156 268 109 202 83 246 78 254 237 141 88 107 216 111 174 275 87 183 189 267 261 99 146 182 268 95 235 189 194 200 225 206 263 180 116 261 154 192 137 188 279 277 246 218 157 119 93 71 88 165 145 112 113 178 203 80 216 176 229 182 248 201 206 273 254 278 240 243 221 189 280 105 168 114 201 93 173 261 98 202 232 256 176 104 182 173 263 125 0 237 92 202 161 70 116 188 92 209 190 199 264 217 92 71 91 137 279 163 115 234 231
177 185 81 230 251 272 210 103 96 109 110 109 156 240 179 234 119 155 266 86 153 112 88 98 194 204 234 115 99 216 123 110 73 93 268 155 85 120 140 177 200 248 270 75 120 123 246 138 271 247 150 204 101 150 224 206 87 191 142 250 77 109 128 81 149 175 123 73 109 145 278 225 128 280 116 231 131 181 133 132 233 95 203 195 148 198 183 266 147 144 252 148 80 138 118 156 213 114 209 223 167 73 73 137 229 223 114 192 204 267 220 214 81 118 242 149 95 214 0 80 140 250 233 248 254 270 278 204 102 75 91 237 195 112 257 167 255 189 250 203
98 93 163 216 129 278 114 213 104 279 190 97 145 161 270 265 223 123 121 251 92 233 217 121 280 171 128 278 96 162 156 151 211 94 191 262 163 176 91 186 257 91 110 105 231 146 181 141 104 146 129 195 82 184 154 140 96 203 176 188 118 159 81 117 75 84 211 190 233 156 206 109 102 277 157 247 248 198 97 261 244 206 187 103 82 157 135 73 105 104 101 188 81 108 161 201 214 102 166 117 175 120 148 150 202 121 233 267 226 115 80 216 182 97 165 71 126 74 236 0 230 168 277 95 198 109 138 139 97 265 80 201 228 196 110 204 117 269 136 124
219 194 165 87 97 244 88 130 130 152 80 124 217 72 83 139 104 85 269 100 81 202 114 276 254 190 109 266 278 182 226 216 176 270 183 117 142 192 87 225 241 169 236 249 115 145 194 79 110 102 250 201 233 263 127 179 113 205 118 250 96 209 80 145 76 123 244 116 92 170 147 75 222 116 154 71 231 128 271 143 207 190 262 177 167 157 119 279 240 245 244 280 114 104 272 254 73 139 243 117 217 137 121 87 87 212 215 157 94 271 160 122 166 230 135 205 85 74 131 110 0 172 152 246 276 222 97 135 134 71 171 212 223 144 92 184 206 273 263 248
214 122 117 268 170 78 148 177 269 200 124 185 228 223 181 227 250 247 250 246 134 257 261 231 80 224 82 154 182 131 98 96 82 256 133 129 126 271 136 207 187 185 211 268 100 72 95 237 102 136 210 127 225 171 96 119 241 101 82 141 213 220 200 217 105 195 144 280 186 275 176 125 226 221 230 252 157 192 198 234 74 127 71 123 229 143 258 216 89 179 235 94 266 185 270 168 177 114 239 227 134 256 254 271 76 168 208 138 91 214 82 155 189 255 77 217 218 143 112 174 176 0 183 250 279 80 270 110 122 230 174 133 137 278 137 230 94 206 191 278
134 116 108 155 75 279 113 145 267 102 244 143 217 244 212 208 248 86 261 209 86 265 80 201 244 261 86 147 124 74 203 273 173 278 230 221 125 220 248 223 130 136 234 161 193 235 235 168 213 213 177 250 247 187 129 98 128 225 232 241 237 271 123 125 157 216 113 138 244 108 170 267 195 81 112 102 81 209 179 192 209 141 271 279 152 120 273 105 208 267 271 266 268 218 248 198 99 228 166 266 93 137 176 211 270 79 224 103 211 181 232 142 180 95 239 112 188 124 168 71 267 143 0 112 120 186 116 210 149 104 87 175 266 262 238 148 273 98 185 159
164 266 237 269 113 167 160 87 130 233 242 213 178 271 150 185 274 99 265 84 79 174 145 224 157 160 235 146 73 229 107 173 259 213 90 251 206 124 159 118 232 101 186 199 117 159 77 280 266 167 142 143 257 256 212 280 123 252 193 179 182 134 126 106 260 85 187 70 270 247 205 223 270 201 280 190 277 226 248 165 169 132 87 222 210 129 191 124 142 152 244 280 224 190 88 236 85 95 262 229 247 84 231 260 72 179 140 229 155 269 129 147 225 254 273 249 115 113 214 194 185 198 75 0 118 78 175 255 76 70 117 208 115 125 144 139 216 219 152 190
262 155 218 237 172 77 161 81 243 73 219 136 117 256 133 80 130 246 238 205 264 266 101 212 168 201 241 82 138 251 265 236 190 241 259 86 231 146 226 180 260 230 213 251 187 250 255 193 150 147 116 109 191 132 183 133 97 213 175 112 204 155 238 88 271 247 105 143 226 188 135 150 242 233 224 246 151 277 173 96 105 89 200 85 188 141 162 167 146 128 89 279 148 147 276 108 222 135 197 193 71 236 277 256 231 234 85 182 242 178 278 78 216 176 162 74 244 238 215 143 75 250 105 220 0 177 135 271 194 86 87 127 271 243 260 111 235 102 194 198
204 156 164 82 127 102 268 141 278 104 123 133 237 208 194 244 77 113 145 145 181 247 244 127 182 208 208 124 115 242 263 279 222 158 258 171 136 275 150 198 169 263 168 222 223 191 219 209 127 142 225 244 88 201 173 108 267 201 142 135 84 257 252 265 133 171 213 165 261 213 266 250 210 261 153 242 234 249 268 182 266 154 87 209 183 118 147 175 240 207 127 98 225 133 232 111 187 77 95 265 115 157 206 204 89 128 112 251 149 127 105 135 83 182 201 149 124 75 252 144 136 120 212 159 127 0 194 106 201 118 225 103 161 86 277 185 105 219 179 260
81 71 277 273 199 142 160 83 269 95 279 276 188 141 173 222 222 96 183 256 253 278 253 238 88 247 179 121 179 159 107 146 171 241 121 229 71 261 234 236 220 131 75 246 145 279 119 182 131 166 160 127 238 108 241 161 196 204 127 85 271 89 143 225 212 216 228 129 110 134 92 257 213 71 160 133 183 154 202 160 78 111 164 103 226 209 181 167 158 238 192 233 208 234 196 242 101 86 235 122 121 116 109 226 184 104 234 188 74 122 73 157 278 254 89 227 196 177 140 220 80 107 203 204 82 220 0 209 222 191 264 205 116 128 192 191 81 256 83 256
246 140 229 70 186 124 234 238 221 142 121 262 249 271 92 191 97 127 174 264 248 86 211 222 85 97 274 166 122 193 264 206 244 234 265 87 122 146 75 123 85 97 251 250 80 95 70 138 126 111 160 172 252 141 115 172 173 124 224 225 119 71 79 134 246 258 215 277 80 243 202 249 197 182 154 151 192 219 237 230 235 211 260 262 198 123 224 143 129 199 218 103 156 113 129 81 149 163 113 107 253 199 178 109 231 210 122 233 215 140 195 90 78 226 77 252 266 196 276 195 278 272 231 217 194 280 258 0 83 207 154 270 269 240 240 243 235 159 146 240
155 250 224 233 209 133 108 260 182 228 209 264 155 83 168 166 160 125 85 123 247 88 75 157 88 146 168 88 188 170 95 130 107 248 278 219 189 180 120 103 209 230 147 167 182 81 154 247 232 190 221 180 272 239 174 134 125 225 130 157 171 217 149 191 83 92 87 255 201 272 80 218 248 280 122 205 196 229 269 147 180 135 197 78 86 91 149 259 199 137 257 146 195 225 94 102 214 235 171 139 201 184 106 256 133 89 275 210 202 220 245 72 196 213 112 248 210 251 138 117 157 273 201 251 111 238 167 130 0 199 145 123 130 251 205 208 167 94 187 176
239 136 78 189 84 263 97 252 169 143 251 169 109 170 267 70 217 199 106 258 189 72 149 147 97 85 201 257 161 228 214 118 271 80 185 82 247 213 230 121 87 111 263 135 75 97 239 217 74 259 78 269 171 215 149 242 143 127 235 121 116 210 121 240 181 110 242 140 91 85 273 196 248 271 85 214 225 186 136 276 222 243 120 155 243 245 264 176 265 78 220 206 171 227 267 229 255 165 112 114 270 199 125 142 220 140 98 208 141 86 106 173 165 234 175 80 145 162 273 137 105 128 181 263 222 226 153 123 118 0 209 229 250 125 143 110 156 226 85 239
221 70 250 209 205 204 215 151 87 117 245 117 280 261 260 100 209 202 111 213 113 261 255 118 268 248 155 239 127 225 163 147 252 77 127 170 229 157 105 205 91 126 172 108 101 276 154 218 127 231 171 180 113 120 249 73 225 134 217 233 115 265 207 120 182 198 89 77 81 276 142 280 140 202 76 248 74 194 70 244 71 136 104 230 130 90 120 250 157 255 268 222 186 203 224 264 243 251 83 239 206 169 134 160 110 95 118 85 91 86 177 191 88 151 137 254 89 204 146 132 92 182 203 209 231 227 238 237 215 172 0 107 134 241 235 145 187 176 177 230
206 230 157 230 185 79 106 153 153 117 84 117 189 72 108 147 166 259 228 245 260 198 87 170 243 70 140 276 73 71 252 82 96 258 151 149 263 274 231 122 129 106 112 183 92 128 164 279 175 162 223 123 79 79 238 212 178 236 140 139 80 96 122 78 114 141 193 262 131 159 256 187 94 218 84 126 182 261 279 254 166 86 277 70 227 255 267 218 144 233 164 71 250 87 88 276 128 225 203 267 101 103 164 85 101 144 190 205 188 160 243 157 274 274 249 181 249 177 148 157 102 121 216 266 72 215 225 241 270 228 212 0 131 116 108 104 175 178 176 229
262 163 71 199 108 220 132 143 151 275 226 187 226 140 71 96 266 169 237 79 117 228 222 197 75 171 275 265 270 75 255 149 128 270 143 174 210 158 251 129 169 158 85 104 185 123 191 71 259 210 96 201 157 192 171 120 191 201 118 137 180 97 97 119 231 80 195 184 108 175 117 222 94 194 127 137 123 231 195 194 156 273 251 159 100 251 255 96 111 201 174 94 164 275 160 121 187 259 220 104 104 279 72 91 144 89 155 232 172 87 91 179 133 99 101 262 87 274 186 182 130 215 147 221 148 280 118 135 186 210 165 185 0 132 84 277 127 108 231 105
245 269 124 125 154 216 89 262 241 159 142 277 153 222 166 170 86 72 85 123 211 178 232 129 244 113 147 187 151 146 252 227 270 196 131 83 232 279 102 193 240 99 77 87 241 118 269 214 197 147 238 164 94 140 170 117 238 216 108 107 221 147 218 235 246 118 220 143 265 180 186 253 234 175 229 262 134 157 250 186 74 210 232 97 236 230 91 232 226 240 230 212 118 160 221 262 113 191 196 154 89 226 266 131 73 279 265 175 111 273 263 130 267 260 242 140 268 75 138 161 230 199 266 272 241 272 218 231 178 144 81 252 179 0 118 213 86 247 179 251
177 277 225 129 92 82 262 262 157 199 91 138 225 92 195 227 262 192 202 196 181 205 177 124 132 225 133 230 140 249 278 202 175 214 94 230 261 258 116 168 231 232 89 279 95 253 139 241 275 228 199 208 271 114 190 193 76 270 176 239 244 152 120 158 207 209 157 265 78 139 128 210 236 92 190 99 179 90 162 129 74 187 204 215 273 190 220 178 136 192 238 220 198 278 175 101 75 280 232 113 213 261 223 71 242 159 122 164 217 262 176 248 204 74 172 86 257 200 93 143 169 130 160 112 196 259 262 130 232 170 227 239 137 276 0 239 212 120 216 135
261 247 197 225 138 122 214 225 123 225 162 98 132 223 144 135 95 203 97 253 187 137 79 248 136 112 173 203 181 198 173 256 80 232 217 117 272 144 159 158 130 248 246 196 280 219 151 194 171 178 236 222 104 76 156 235 129 232 257 165 279 111 152 124 212 243 141 209 168 179 116 102 70 209 210 201 209 259 115 77 206 143 120 274 237 194 263 257 272 271 171 130 80 89 81 239 171 272 117 77 157 230 142 85 122 206 181 210 219 186 214 176 278 202 227 165 218 115 224 146 264 102 155 119 263 241 254 142 226 127 149 144 99 181 129 0 125 138 219 234
118 134 160 182 262 132 211 242 250 273 90 157 219 216 174 255 206 136 246 102 263 218 93 188 277 78 206 155 142 237 88 227 115 139 174 162 189 71 265 245 241 250 193 251 135 261 205 80 91 163 83 81 82 243 71 74 259 116 113 125 94 120 136 170 117 205 189 213 133 168 250 213 88 146 171 245 233 172 176 186 131 88 234 170 201 83 94 95 159 84 231 191 80 110 263 158 189 214 278 81 224 259 134 91 73 98 164 245 122 126 97 189 142 194 108 77 135 160 150 173 170 179 247 259 102 201 89 113 122 97 250 93 130 232 273 182 0 78 207 234
110 262 258 149 233 249 205 146 195 244 125 220 233 117 252 113 249 263 117 222 138 102 91 276 234 168 96 192 248 112 104 244 244 207 263 204 167 205 97 252 236 129 254 258 248 90 79 71 224 100 157 217 247 205 264 242 97 219 118 156 225 200 222 231 248 166 87 105 165 153 260 105 85 187 114 151 209 163 142 163 86 264 277 275 229 77 237 263 221 81 121 232 128 166 117 97 132 203 145 280 280 208 105 119 71 119 84 189 253 221 73 79 93 221 159 132 210 107 119 136 191 130 78 77 119 119 202 155 179 112 114 104 269 215 239 244 94 0 269 254
214 271 94 228 117 173 239 130 188 225 88 189 259 193 88 186 253 212 219 121 196 143 95 73 116 177 165 246 101 231 195 78 101 278 112 186 234 104 196 235 200 206 176 245 117 129 153 276 94 158 153 183 180 262 241 140 108 98 280 181 261 248 111 100 204 168 143 143 169 276 93 249 182 237 269 78 231 225 127 221 220 261 140 71 108 196 135 274 114 106 261 118 144 263 274 111 109 218 84 147 264 272 158 255 261 247 132 229 137 74 148 105 236 99 182 244 230 88 272 235 115 218 226 201 230 141 83 248 114 73 239 136 244 129 216 124 182 183 0 198
81 252 117 101 251 192 259 275 255 81 135 177 224 71 214 90 129 149 270 250 142 112 123 153 149 276 100 252 228 219 91 227 251 267 177 196 158 87 194 158 140 207 226 254 125 252 150 142 234 151 154 213 118 84 256 72 235 127 252 197 108 161 212 83 72 131 203 251 168 203 156 231 87 231 91 118 219 156 190 273 247 90 213 198 255 203 104 195 144 223 228 239 76 152 198 258 154 237 269 80 262 120 127 151 104 145 87 216 128 121 259 161 236 262 146 256 210 213 228 229 232 77 174 257 150 97 108 148 134 220 115 251 266 166 217 109 144 224 278 0
