140
0 17 12 8 16 12 19 12 19 18 14 5 5 11 16 16 15 17 15 9 9 10 10 15 8 10 12 18 11 16 5 15 8 9 13 8 9 14 5 13 9 9 8 18 7 6 15 16 10 14 20 13 10 10 6 13 11 10 11 9 8 14 20 14 12 7 6 11 11 7 9 18 16 12 17 11 17 20 18 17 9 20 15 15 15 15 14 11 12 10 17 8 15 15 17 13 7 17 14 18 13 11 10 10 5 16 14 10 10 20 19 14 17 12 15 10 15 8 20 20 17 11 10 5 5 16 6 13 13 11 6 12 15 15 8 5 20 9 16 7
0 999  315 353  306 559  522 926  239 597  335 462  340 586  175 525  504 760  220 571  467 704  401 536  187 644  280 357  345 540  403 698  328 360  289 502  158 373  374 829  278 527  273 755  343 415  338 635  221 300  479 553  196 438  301 351  251 386  224 591  297 590  189 694  323 600  261 664  275 343  455 629  301 811  143 488  377 735  369 875  462 564  300 508  420 928  237 493  341 507  338 615  207 714  405 740  200 475  308 439  196 294  162 442  429 602  319 638  331 545  352 786  198 439  211 545  227 339  231 722  330 732  260 642  285 481  383 842  432 609  275 354  519 930  296 728  361 763  234 620  344 752  252 644  420 688  337 554  240 308  307 813  377 790  379 591  324 818  381 817  296 615  282 505  216 627  306 759  384 874  223 288  505 869  351 410  271 715  417 806  403 552  144 603  372 873  247 365  503 970  415 919  555 995  342 850  116 618  270 474  278 532  361 650  279 474  267 477  217 667  324 509  248 332  426 904  317 783  416 458  355 686  422 594  360 468  271 521  253 703  191 247  299 426  347 529  178 411  474 941  285 424  455 900  288 403  280 337  261 352  251 424  273 526  392 545  499 713  277 671  340 496  355 486  444 786  359 415  306 652  197 577  351 591  328 389  363 850  264 662
0 246 200 255 195 131 197 103 245 211 277 257 124 254 238 138 275 205 130 178 86 224 269 144 137 232 95 177 217 167 104 85 209 230 162 204 144 135 206 208 264 263 144 124 125 221 78 213 104 88 177 127 231 102 138 87 72 115 185 135 240 140 86 178 177 129 271 146 163 73 264 124 268 154 159 234 113 264 162 132 214 161 106 156 260 112 226 157 213 245 271 74 124 213 269 245 276 110 76 182 170 277 157 155 159 153 112 202 145 180 254 147 111 141 75 185 201 161 124 274 250 253 132 120 196 100 170 254 242 115 210 224 192 278 222 95 271 230 273 250
265 0 211 255 85 213 269 211 233 215 92 119 175 215 77 100 74 186 119 263 91 197 255 138 145 152 82 234 116 264 171 76 204 169 213 181 77 194 119 277 136 270 187 161 107 123 201 168 234 86 231 96 271 121 216 89 214 115 83 181 196 213 106 132 238 267 208 181 191 275 114 169 162 106 76 271 106 129 213 200 79 104 164 213 163 146 236 82 79 239 105 77 258 233 193 272 185 227 222 203 253 152 124 112 216 134 209 248 182 276 101 89 103 250 195 89 201 73 237 252 170 152 160 113 214 82 152 113 209 258 104 136 70 276 115 256 219 101 163 70
269 164 0 173 197 84 138 226 137 100 156 245 275 261 221 96 84 155 203 229 156 225 168 153 86 223 132 278 224 74 256 156 208 212 153 90 125 114 119 118 142 280 81 169 272 135 274 70 103 201 179 158 198 255 259 84 234 157 275 81 76 241 171 160 105 159 82 160 257 97 174 93 137 251 127 149 112 109 249 192 188 188 224 94 118 232 110 123 128 252 137 121 194 90 276 78 225 124 197 259 279 144 200 205 127 175 136 239 230 234 260 222 165 181 157 194 109 250 244 269 229 252 211 129 256 176 84 274 271 129 78 146 208 239 115 130 115 248 99 234
174 136 79 0 219 164 131 202 163 113 143 80 151 203 132 209 108 255 115 226 243 119 84 243 71 259 111 256 226 108 144 166 152 267 185 117 177 133 176 142 266 128 198 195 134 225 112 235 219 259 213 199 168 241 188 272 260 84 72 188 261 212 192 118 249 95 90 239 91 192 181 260 190 135 133 215 257 201 239 234 104 200 133 219 251 94 123 78 222 229 92 258 136 118 170 220 221 264 218 77 208 89 253 125 161 170 261 94 239 78 244 90 217 206 181 194 140 186 220 279 155 152 137 189 103 120 257 126 160 199 191 223 238 204 98 80 228 195 221 101
176 80 237 221 0 74 145 269 135 198 189 75 107 82 165 238 142 263 150 163 147 218 116 227 224 179 241 255 158 270 258 250 275 212 146 130 211 87 132 255 255 197 112 81 199 202 258 239 108 121 81 120 205 114 243 197 187 80 224 217 143 105 192 250 180 261 186 174 72 128 207 260 254 79 270 124 199 277 226 177 113 246 78 189 211 183 223 169 241 271 144 121 173 165 103 267 188 187 276 102 94 77 150 75 242 261 210 139 137 73 250 182 226 208 159 271 210 212 227 267 134 247 193 71 128 206 240 73 151 220 134 136 253 186 81 214 159 101 183 147
100 138 194 197 159 0 109 270 121 271 101 183 151 92 161 222 191 192 243 220 166 243 278 218 203 180 124 216 178 204 170 208 209 131 218 200 108 204 151 155 105 241 115 227 118 267 222 273 259 187 84 122 201 93 158 134 259 216 259 141 157 173 130 244 136 218 166 212 169 157 250 155 74 256 246 139 268 212 273 211 218 120 270 135 148 216 231 96 90 245 94 162 173 103 187 120 98 237 215 116 246 147 193 172 89 109 85 259 156 101 168 206 184 250 145 262 108 190 106 103 184 145 213 119 216 183 198 179 190 95 88 260 147 178 223 274 185 155 191 196
268 89 139 242 110 195 0 237 266 115 240 94 73 201 261 147 74 87 177 231 217 169 143 116 164 237 199 80 280 237 278 132 91 255 205 70 241 83 260 88 148 97 158 191 246 257 230 168 268 125 233 128 126 201 92 220 146 277 268 125 241 261 165 85 110 129 266 236 260 145 179 78 247 258 89 77 135 244 176 152 261 245 280 187 109 209 114 186 146 153 150 226 183 247 77 149 268 223 241 82 276 191 163 198 260 195 89 267 157 185 214 189 272 174 140 70 146 189 171 177 114 122 188 262 89 195 203 212 127 164 215 93 260 269 197 278 225 184 116 107
184 210 198 233 243 199 218 0 129 227 196 97 171 173 114 112 164 263 161 206 200 84 230 126 105 217 124 157 279 230 228 208 74 245 202 126 88 247 272 219 213 201 111 216 212 127 214 134 162 226 259 225 187 268 182 157 247 247 194 191 151 265 151 128 133 147 158 194 204 186 102 244 245 263 127 128 117 128 199 182 161 100 233 98 77 240 227 214 151 204 80 231 207 259 201 122 178 76 202 154 161 262 157 243 185 85 146 133 220 103 99 200 123 162 97 143 227 234 258 123 71 111 254 179 78 186 273 170 202 146 152 147 189 194 278 263 114 122 213 187
149 241 139 144 100 193 202 272 0 230 248 161 248 182 74 168 141 255 269 270 115 119 104 124 261 197 180 186 82 238 230 91 151 124 197 254 176 138 228 232 144 196 121 85 255 111 92 181 90 276 214 87 254 164 240 263 231 232 78 176 70 107 149 78 132 94 120 108 209 89 92 74 76 163 253 186 82 269 263 277 241 144 228 85 135 230 248 229 120 265 171 250 158 135 96 152 82 146 187 165 81 169 238 218 211 87 151 124 263 182 165 84 111 97 196 169 164 199 98 192 168 198 103 238 220 138 265 255 157 191 256 248 120 99 96 109 190 137 215 111
117 165 278 233 174 196 135 259 211 0 70 149 131 73 206 156 251 136 199 158 155 140 199 198 92 150 255 108 146 229 245 233 149 120 100 238 167 270 224 72 142 151 119 176 84 268 196 136 176 130 269 200 85 95 106 224 111 215 136 137 180 218 232 119 242 120 220 174 171 125 130 156 151 178 198 202 142 261 195 143 219 128 149 84 81 145 273 149 204 265 180 111 103 86 138 93 156 73 211 203 110 110 116 76 124 218 189 249 239 127 219 102 188 209 78 235 78 280 76 173 275 104 124 103 182 77 191 117 213 89 171 83 205 74 143 270 246 235 238 202
98 133 140 270 277 150 156 111 240 123 0 73 248 106 139 238 115 192 152 155 207 236 147 244 181 280 178 274 243 250 195 84 95 193 245 191 244 219 156 191 209 109 255 73 107 226 117 231 88 83 267 139 128 168 104 104 187 131 159 77 180 161 205 211 160 112 113 98 202 96 156 208 276 172 240 221 114 70 125 231 139 144 204 272 214 113 155 152 204 83 229 268 243 114 136 215 140 207 211 235 270 175 239 185 260 280 183 218 177 119 194 150 169 95 152 94 108 179 128 271 155 265 279 86 261 133 260 151 124 88 273 179 183 236 219 107 131 191 160 266
163 255 161 117 278 177 237 135 246 211 114 0 139 147 230 118 178 198 110 122 250 227 167 175 170 273 103 253 256 230 103 105 132 238 93 176 268 252 222 187 233 106 276 75 86 212 192 144 100 257 247 167 137 201 109 90 154 168 266 112 125 179 258 130 100 147 258 233 264 168 147 210 112 112 268 155 198 92 214 78 133 265 146 242 99 169 157 190 192 74 279 240 82 257 89 190 74 214 277 137 279 140 87 91 189 167 274 229 123 142 235 245 180 198 101 209 132 133 139 108 267 196 232 163 104 246 175 112 217 76 214 167 195 277 112 99 261 224 70 74
75 147 194 219 190 157 261 126 191 114 279 217 0 158 124 199 198 95 205 167 88 113 251 78 105 142 236 209 180 231 127 275 152 183 226 108 200 249 194 165 95 167 122 204 185 127 251 249 84 263 104 106 217 96 223 241 158 262 138 81 187 194 245 165 116 82 140 178 94 264 265 147 205 260 243 237 168 164 211 177 111 96 269 72 135 164 71 178 148 206 97 143 188 177 141 200 159 178 152 157 214 84 153 215 203 214 178 152 232 177 187 156 161 249 83 83 255 258 169 161 223 183 257 87 213 216 102 234 176 101 99 159 157 175 227 179 279 118 252 130
155 202 95 279 265 175 173 167 140 164 261 256 127 0 243 250 112 267 173 268 188 183 279 162 130 238 184 209 215 246 120 256 109 94 131 175 78 277 77 110 264 214 141 262 119 248 153 162 156 135 110 86 108 154 83 74 136 74 249 101 258 263 104 95 251 139 148 73 99 97 277 242 256 219 180 195 165 116 141 135 243 161 102 205 95 75 146 230 270 126 108 239 246 222 162 93 259 81 270 264 236 270 168 261 260 104 212 242 230 140 95 131 91 222 207 132 87 87 82 72 227 222 155 275 187 244 71 208 215 122 82 164 280 220 269 246 214 178 169 117
235 176 259 231 251 275 161 279 127 118 263 108 155 272 0 119 159 220 130 136 178 259 273 147 176 188 209 95 179 82 173 268 224 175 267 231 87 176 225 90 210 197 277 264 126 232 273 107 272 177 115 144 165 279 101 244 255 138 112 140 109 155 239 159 145 184 180 169 90 227 100 165 188 208 104 254 171 70 163 144 194 89 198 237 149 209 206 72 225 86 262 183 75 253 126 122 251 245 161 275 184 232 197 269 252 242 99 164 117 202 150 239 77 83 190 148 276 137 93 93 219 178 130 255 85 267 97 158 126 227 262 275 151 211 236 168 214 173 196 236
102 140 205 161 204 271 77 130 75 230 244 196 103 83 208 0 132 85 253 85 111 155 192 140 273 237 126 81 122 125 183 230 174 94 162 221 130 174 231 279 200 125 79 70 169 196 236 119 256 108 122 131 218 71 199 280 240 126 162 261 87 160 144 100 134 231 262 242 190 268 158 87 92 132 265 189 275 274 85 95 179 248 81 224 258 251 76 211 280 70 156 210 249 135 205 103 252 256 191 158 76 137 136 174 241 123 171 146 215 84 133 152 209 269 239 130 116 195 74 78 270 208 278 224 95 87 165 102 84 99 207 252 241 273 81 185 119 266 151 207
195 237 267 162 114 91 159 262 220 218 73 85 119 129 95 197 0 165 258 114 72 206 134 146 89 173 102 191 77 214 98 82 104 128 83 96 204 205 78 229 145 112 141 120 199 135 204 151 119 148 126 89 196 209 276 72 163 258 192 71 275 114 232 203 72 122 125 263 92 221 74 81 86 204 150 253 193 207 91 158 215 179 206 175 249 192 249 105 203 277 265 135 272 246 78 147 250 240 258 230 228 188 118 266 238 253 160 271 180 241 196 179 127 91 148 195 193 119 219 278 237 231 103 275 240 249 201 191 148 204 279 258 96 250 192 86 244 70 83 171
143 214 199 179 173 178 211 79 179 168 109 247 90 161 157 105 218 0 175 254 188 127 208 276 265 238 248 158 279 98 246 252 168 271 249 269 74 121 71 100 94 245 175 108 198 229 271 114 280 201 217 151 233 278 183 256 262 223 166 230 258 124 99 107 259 248 72 203 274 165 185 123 235 183 145 233 237 258 100 82 82 225 242 242 179 152 177 106 145 88 97 163 228 144 256 191 155 234 125 204 236 102 110 129 142 255 193 165 71 124 242 268 86 216 238 242 155 244 148 271 208 251 130 222 220 179 265 273 180 191 181 255 160 98 251 218 126 156 239 275
165 177 217 243 91 126 212 97 139 249 123 232 97 138 208 184 116 108 0 253 108 80 238 134 243 120 165 230 266 266 197 206 167 233 159 257 192 106 144 224 106 202 148 155 179 174 127 115 268 237 148 225 188 220 280 192 210 254 113 138 243 174 220 98 238 149 180 74 72 93 147 147 252 164 83 260 118 267 135 203 257 177 251 181 240 172 93 88 195 83 251 188 182 229 89 216 124 158 246 73 86 108 158 143 255 239 154 219 180 182 249 117 166 120 199 155 234 81 106 172 114 165 258 167 144 167 80 270 174 219 139 279 137 213 115 258 83 70 212 190
256 152 247 162 209 243 246 155 103 280 111 265 136 253 207 184 214 106 161 0 260 159 264 253 274 164 87 273 83 106 146 172 223 146 144 228 274 242 220 149 110 254 177 251 158 123 249 233 158 103 147 101 183 274 71 216 156 113 217 226 190 252 201 127 204 151 266 275 124 193 255 180 132 89 126 192 100 100 70 125 256 218 93 134 235 109 254 221 92 108 261 279 131 118 253 88 263 161 70 198 149 132 106 145 181 117 98 137 279 218 270 223 237 187 138 102 114 199 273 78 224 276 152 194 208 134 128 76 271 123 276 274 205 219 137 182 94 181 267 139
131 121 235 261 137 235 113 219 87 238 212 259 99 211 184 208 106 73 272 139 0 205 176 115 266 122 72 126 90 275 219 183 273 181 171 190 270 267 192 89 229 183 81 200 175 110 135 177 257 241 235 244 75 248 90 204 275 89 167 175 144 107 224 157 205 256 126 219 71 117 259 97 221 133 210 79 133 124 156 149 239 247 102 143 208 165 189 80 124 265 260 126 268 264 82 101 186 123 141 201 276 208 232 172 212 121 185 274 128 188 77 253 123 208 167 71 98 120 260 102 170 92 159 153 258 90 108 83 185 263 162 188 153 105 81 90 275 100 203 108
91 235 157 241 226 107 132 147 172 98 131 108 191 178 219 115 215 174 92 163 196 0 138 167 172 203 202 270 71 98 228 79 103 218 81 228 142 75 153 280 178 115 231 190 128 210 238 252 223 261 233 189 109 213 139 76 100 244 134 163 198 243 221 262 178 260 244 161 91 257 123 252 201 273 105 203 266 183 205 147 259 188 101 111 145 174 89 186 134 130 129 173 229 240 272 169 148 198 212 244 226 147 168 149 202 257 160 214 247 122 249 105 123 158 130 123 123 226 215 204 165 133 91 95 185 216 79 87 246 248 142 100 125 279 258 272 185 181 182 166
271 210 227 209 120 195 233 101 104 174 195 194 175 226 134 262 257 151 134 205 185 165 0 131 92 260 92 214 179 152 154 269 164 122 169 119 178 229 247 112 137 223 102 86 209 234 236 192 226 209 110 176 176 246 156 95 118 199 213 243 187 151 210 219 201 117 142 198 191 152 226 255 132 109 129 82 226 166 207 142 167 70 209 266 115 177 85 91 189 92 268 94 246 142 139 262 99 73 253 151 126 98 278 217 198 239 105 140 259 138 214 172 146 206 72 259 240 78 93 127 99 258 221 210 111 149 144 96 166 278 98 192 197 79 266 124 279 253 279 194
233 215 89 83 216 137 153 202 279 197 168 125 211 147 117 131 237 163 129 143 147 277 270 0 230 71 166 202 174 91 273 138 158 137 249 151 137 208 199 272 176 106 272 73 140 280 150 207 140 134 74 189 163 132 185 173 136 81 205 222 75 101 114 252 153 194 129 90 124 148 187 88 240 170 70 147 205 195 132 202 105 230 234 165 243 208 204 191 279 197 119 160 112 135 107 193 279 140 207 92 271 122 272 140 263 249 131 256 222 164 233 70 162 225 275 171 187 119 200 252 109 183 228 265 268 137 70 275 225 245 213 255 213 136 250 81 177 97 184 192
109 75 186 105 108 279 182 278 153 198 280 149 126 256 93 110 241 262 262 219 196 179 96 244 0 158 168 108 170 158 171 75 236 195 251 204 186 213 102 177 93 269 272 129 179 194 101 155 106 126 115 177 117 140 211 172 246 246 197 223 257 95 160 141 225 247 130 107 186 156 243 277 145 180 261 195 119 80 231 120 193 248 204 247 137 196 266 143 209 71 157 109 80 264 274 129 199 236 194 210 233 240 97 204 226 74 233 105 213 256 176 78 167 185 186 257 212 255 172 217 208 247 197 88 234 195 115 228 251 82 130 268 192 242 224 193 261 101 123 200
163 80 162 155 109 81 167 271 278 231 98 169 232 169 190 246 145 129 136 142 175 249 145 262 121 0 187 112 213 168 275 112 83 125 218 117 274 219 264 85 200 224 174 198 127 139 111 224 233 168 254 165 158 72 114 194 107 239 189 272 163 270 271 212 78 221 272 274 88 170 263 133 247 103 229 124 90 217 259 206 83 160 81 103 183 241 83 250 277 170 188 110 132 232 239 116 84 81 132 121 209 131 90 138 95 101 110 139 107 77 162 136 246 160 75 140 263 76 145 125 78 225 273 121 116 192 169 262 180 96 215 173 206 133 247 241 225 255 122 158
271 176 272 273 167 208 79 119 241 149 269 272 271 157 127 128 229 90 197 160 164 185 259 80 185 105 0 98 78 83 86 275 132 222 132 133 131 157 83 107 164 278 146 146 108 273 81 263 172 278 116 173 114 90 269 108 147 199 75 168 93 91 214 171 107 140 218 91 103 116 202 249 127 165 85 236 97 187 196 103 109 137 96 87 204 220 261 174 81 94 149 165 151 256 220 191 98 239 208 151 95 122 162 242 244 134 186 87 148 130 257 259 223 91 211 261 166 102 108 257 99 224 273 157 227 132 83 142 110 175 120 266 133 169 83 103 117 114 133 80
268 246 121 214 261 235 206 74 121 274 135 236 217 189 233 70 82 100 263 222 129 104 243 256 95 159 242 0 278 128 114 163 217 174 136 131 157 168 192 277 93 194 102 95 81 72 154 139 172 101 170 234 219 151 139 102 219 188 206 105 173 81 94 185 180 74 168 206 103 180 101 255 276 74 71 111 133 88 137 275 275 118 221 177 111 217 162 92 273 196 268 104 254 107 92 257 75 148 187 105 159 219 71 189 258 131 206 175 258 170 181 135 77 174 119 279 249 279 71 275 245 233 75 191 193 250 240 212 275 171 82 88 96 104 151 183 160 157 132 164
78 274 151 131 245 125 143 126 227 253 135 103 139 183 141 146 245 173 280 138 138 177 271 95 204 83 206 187 0 183 141 279 110 154 88 192 232 140 73 259 83 99 150 149 233 204 257 70 198 147 94 94 132 163 225 168 154 186 215 278 128 142 209 123 152 205 277 138 233 133 155 186 107 140 158 213 200 164 74 249 267 243 190 181 167 95 246 129 241 274 91 110 125 243 129 214 125 120 191 186 161 108 138 164 190 214 106 265 92 72 93 150 113 165 120 227 245 169 81 110 94 81 152 164 253 106 97 134 248 207 119 101 186 125 161 222 89 153 240 205
88 141 76 89 113 195 170 248 187 71 268 235 204 246 213 234 236 227 237 128 202 229 110 174 233 250 191 112 265 0 271 231 112 201 112 158 260 112 113 195 228 275 104 86 104 229 154 70 174 251 148 79 111 189 144 163 78 260 224 233 98 147 265 117 152 168 120 228 118 149 231 259 118 100 245 159 223 70 137 251 82 233 264 159 155 218 217 133 190 182 91 164 123 71 176 270 247 83 114 90 279 195 114 184 216 110 176 147 189 139 191 214 80 71 232 122 98 152 267 266 219 160 183 78 113 187 109 171 239 102 161 201 76 258 85 250 221 107 112 212
276 216 123 238 111 205 134 153 112 71 194 202 98 186 101 70 175 85 98 130 110 92 254 159 94 240 141 202 114 266 0 142 97 214 243 193 118 262 157 191 269 118 205 155 179 109 225 165 214 241 96 146 202 132 163 175 242 141 244 272 232 278 219 220 278 72 182 195 84 103 147 126 253 111 242 160 253 248 195 75 168 144 157 106 108 170 177 146 134 169 258 248 122 272 174 214 133 147 202 115 115 208 130 72 272 188 269 217 271 277 270 157 196 212 98 185 157 193 107 108 200 186 262 182 233 268 76 156 209 147 207 224 270 93 90 90 160 189 251 81
225 76 187 211 90 207 113 273 229 114 243 255 220 89 138 271 186 229 229 240 96 85 126 143 154 188 202 243 71 184 159 0 93 191 165 165 101 119 98 227 266 197 237 250 77 110 216 154 84 262 184 125 244 185 84 222 278 190 128 143 258 85 119 161 238 90 70 194 184 252 213 260 87 116 202 93 78 231 92 157 193 132 201 81 79 104 121 186 142 279 100 196 192 182 210 179 82 247 216 135 72 144 153 229 134 206 237 233 198 102 249 253 113 141 129 197 208 233 92 150 114 90 98 180 88 198 133 113 279 115 129 193 74 258 271 175 178 154 73 131
176 104 104 74 139 273 263 135 71 255 164 225 119 109 224 78 256 258 222 131 228 177 158 250 132 146 140 146 86 168 185 184 0 135 255 258 277 232 161 253 268 254 265 141 126 244 221 170 114 175 205 268 186 176 161 157 120 75 126 76 244 230 207 231 190 268 166 187 174 195 148 158 184 169 85 188 174 270 259 167 108 102 196 121 227 263 193 115 101 112 170 187 197 112 114 205 185 152 138 175 258 233 84 92 181 115 273 233 263 129 178 80 141 164 203 145 73 253 224 116 280 105 101 168 109 88 202 146 95 255 262 236 173 206 168 228 158 151 77 194
183 135 76 81 89 173 120 235 273 181 193 260 271 126 259 189 272 260 231 102 264 123 105 207 81 181 109 170 264 244 176 137 211 0 137 150 110 259 196 109 267 155 241 166 241 183 103 116 221 216 148 180 247 138 257 139 249 142 125 262 213 116 152 177 139 107 197 189 118 244 208 127 233 79 268 221 155 99 230 206 249 211 70 168 275 84 244 186 130 244 87 251 247 247 128 92 72 252 267 138 231 169 154 158 123 217 95 171 222 180 260 227 217 248 103 85 193 201 180 135 267 158 222 251 249 268 72 234 74 159 90 215 139 262 203 111 268 241 243 101
222 91 183 264 234 116 209 239 186 237 118 264 91 270 116 153 275 132 253 263 208 187 136 170 237 90 139 163 112 116 152 98 158 167 0 144 186 267 216 214 138 197 170 253 157 242 234 113 109 272 120 235 201 96 130 79 254 214 115 120 170 210 117 245 167 191 201 116 146 144 253 112 187 225 105 161 175 159 149 267 127 254 177 109 216 250 251 271 72 107 159 195 252 101 95 181 105 156 87 181 97 137 87 115 84 98 152 210 70 128 219 129 163 213 180 165 225 211 90 208 267 262 125 179 70 263 122 88 164 238 102 129 223 114 184 228 241 257 171 255
192 200 110 233 259 133 245 86 121 214 183 231 262 219 85 256 230 150 275 104 204 143 240 156 74 124 163 155 182 119 163 78 109 73 258 0 198 171 92 185 156 245 262 143 166 93 150 259 219 278 251 164 242 179 239 89 118 123 167 266 261 236 269 92 128 104 188 203 81 83 101 206 203 150 155 86 228 171 82 263 125 209 230 252 156 222 94 208 78 130 124 184 267 212 209 137 181 194 251 111 200 143 107 155 207 279 84 229 186 141 174 157 187 189 144 279 217 208 185 278 224 236 211 128 259 264 74 273 167 95 165 107 207 209 231 107 178 200 220 228
251 143 100 114 118 144 74 146 194 185 232 188 203 134 168 133 214 86 159 255 90 239 245 200 252 192 171 70 71 182 213 207 276 200 86 220 0 114 224 211 122 87 109 154 256 120 117 244 189 198 169 238 94 239 180 135 233 102 73 212 246 232 238 109 245 158 271 97 267 195 205 223 131 141 163 134 239 163 267 239 122 228 137 241 271 96 199 248 162 129 192 116 134 261 198 264 265 267 87 139 71 212 226 152 104 182 147 271 264 218 198 189 275 218 145 155 84 269 271 139 128 101 222 114 149 224 255 181 144 238 255 179 106 87 272 210 109 95 205 128
262 268 265 112 225 193 170 246 122 119 126 112 93 221 75 174 172 207 142 154 116 89 110 208 108 228 206 251 117 173 249 91 196 78 73 86 161 0 77 106 158 268 110 77 141 84 278 96 82 230 179 180 243 138 230 207 70 237 280 120 212 112 240 260 219 149 72 144 171 275 83 169 216 228 96 223 89 240 156 194 147 109 199 198 234 104 106 213 257 108 222 123 254 260 111 280 122 134 261 98 158 219 114 200 262 111 231 216 112 122 265 266 140 259 172 160 242 269 112 155 175 91 118 243 165 178 186 256 266 225 162 248 125 128 215 175 125 187 227 249
149 84 259 200 129 254 188 113 96 222 214 220 156 158 198 162 102 168 169 234 155 249 254 190 210 133 111 130 168 114 202 241 271 224 182 181 147 270 0 144 234 94 191 83 107 217 166 120 187 275 214 89 252 234 244 280 148 264 128 149 145 161 253 72 76 73 203 250 267 129 112 102 96 265 229 103 85 153 180 74 142 89 174 225 233 202 203 150 201 107 102 112 189 216 260 85 271 136 261 230 70 224 81 207 150 182 73 231 84 89 214 156 251 181 240 201 108 267 247 101 198 277 127 148 82 94 236 270 205 272 91 104 133 98 126 90 183 190 254 251
98 229 216 188 269 86 192 274 224 132 82 176 108 217 235 272 218 271 201 108 108 218 132 184 216 208 254 73 220 166 227 80 149 98 198 235 205 270 203 0 150 158 247 88 161 113 201 196 162 177 151 194 92 73 116 264 250 240 254 234 90 248 221 191 106 265 99 99 122 216 235 84 270 138 74 199 258 84 250 188 207 165 139 108 174 188 257 238 258 272 242 194 134 247 195 100 96 105 100 225 95 167 186 187 207 84 237 188 279 114 215 90 274 114 247 127 211 124 241 205 136 149 237 140 148 269 100 127 108 123 104 192 144 205 211 235 79 113 93 151
100 126 197 115 252 189 237 153 238 208 150 208 218 99 246 95 79 242 184 263 143 93 156 212 217 182 191 97 165 219 179 164 247 266 203 72 70 134 94 188 0 175 81 264 115 78 199 143 215 249 198 187 128 222 79 103 123 141 117 230 227 200 127 252 236 173 219 172 95 149 188 81 108 228 190 134 259 251 106 253 185 95 165 97 234 209 138 108 193 278 217 91 88 89 251 242 252 108 250 184 118 159 84 103 110 260 211 234 217 93 203 262 96 120 130 247 181 82 105 248 176 92 231 229 102 215 205 220 81 253 202 85 247 143 124 200 110 178 104 96
212 194 192 271 173 75 211 123 272 236 119 188 221 90 278 210 123 188 94 156 264 210 111 229 139 184 258 257 249 158 224 254 89 252 93 72 155 188 74 193 196 0 92 138 174 113 78 259 77 156 245 143 89 249 180 229 255 254 141 203 232 149 268 214 196 84 199 209 126 215 186 177 180 135 181 216 218 100 233 159 120 187 195 275 126 168 114 138 189 235 276 268 105 154 271 171 147 135 199 112 241 231 213 83 252 200 224 163 197 95 124 97 187 269 230 262 89 81 230 103 199 122 184 179 103 173 128 130 145 234 204 269 209 230 95 249 77 275 270 274
239 134 157 83 177 94 93 110 175 106 236 139 168 108 88 269 74 199 80 143 177 122 110 230 89 251 175 236 219 237 156 92 107 247 99 162 169 80 258 80 160 82 0 279 264 228 150 212 101 96 211 277 184 195 127 175 194 116 196 131 136 203 234 141 169 233 125 202 139 265 182 262 198 127 211 277 254 174 112 183 189 125 258 280 78 102 268 270 144 252 264 172 146 143 128 148 137 193 147 224 213 108 80 128 104 202 196 117 203 163 149 171 168 131 182 238 125 77 128 108 75 93 181 135 155 125 174 124 131 71 194 273 184 256 156 81 248 138 249 182
188 103 180 191 223 70 74 155 239 249 96 155 155 168 213 225 239 224 208 181 277 154 75 264 97 71 236 248 171 142 249 75 112 103 269 149 244 230 246 248 254 216 161 0 95 176 205 242 270 73 101 227 244 251 166 255 215 129 141 237 263 91 183 72 276 277 196 268 174 251 163 268 160 260 269 222 215 137 219 265 257 167 237 188 128 278 147 77 274 203 222 127 108 198 205 276 85 201 197 96 123 133 93 273 126 94 244 243 156 199 244 277 162 137 78 99 244 129 242 195 250 148 223 147 233 237 96 270 126 235 82 156 244 121 259 255 186 151 279 155
146 91 99 171 207 131 271 88 246 141 269 222 199 190 174 202 240 201 105 124 113 149 121 107 196 101 259 256 250 152 221 170 158 225 104 180 194 183 118 128 203 262 224 137 0 143 144 231 222 267 241 258 144 113 254 229 78 245 259 102 228 258 174 244 114 94 88 91 248 247 182 155 119 81 129 110 181 169 116 93 197 170 188 175 71 251 95 275 260 262 230 196 102 108 118 242 205 274 212 205 112 204 155 103 87 256 142 89 238 152 268 111 230 70 196 76 277 105 255 240 219 219 88 150 107 72 171 279 233 195 131 188 83 94 126 236 255 148 106 253
263 169 104 192 155 167 260 152 141 160 129 170 83 233 168 100 156 132 230 212 112 118 161 157 143 113 72 103 81 108 188 228 148 118 147 82 231 199 195 85 80 115 86 213 259 0 226 275 273 191 235 103 179 276 107 259 106 116 74 220 136 247 116 210 173 166 82 192 82 198 91 114 131 76 135 106 230 183 177 233 247 263 225 269 265 229 208 90 277 107 167 88 90 198 242 194 218 93 129 84 120 245 243 228 114 237 163 74 79 124 207 80 158 185 129 234 94 112 245 279 182 228 105 123 177 140 175 165 142 251 253 166 224 191 83 107 72 267 89 255
210 263 247 87 135 227 217 218 81 79 75 250 80 111 275 184 205 268 173 95 130 109 260 153 73 116 224 253 93 223 267 151 81 196 211 254 123 191 163 137 245 99 225 245 105 245 0 102 106 165 218 186 82 175 186 277 155 201 190 200 263 180 223 100 203 96 81 85 217 87 127 228 84 160 269 92 189 154 196 239 184 223 191 110 165 143 235 173 175 146 268 248 140 244 162 183 111 217 280 254 188 267 200 89 244 179 230 93 197 89 137 79 231 78 178 82 219 176 131 88 163 218 188 244 164 212 77 276 270 78 144 73 116 219 246 89 121 153 96 266
272 225 251 157 195 167 194 230 277 274 77 141 100 246 246 101 91 217 276 263 132 263 162 266 106 133 209 188 145 79 228 179 149 108 274 278 203 88 101 235 82 195 75 70 220 145 154 0 171 251 146 132 90 115 145 204 125 160 200 209 154 146 258 173 190 87 143 131 248 217 134 175 82 70 223 262 231 101 233 233 161 223 249 167 71 86 111 257 237 146 158 131 81 145 114 225 77 278 268 202 271 130 165 272 216 101 101 215 73 186 206 84 110 210 237 88 233 149 98 137 184 150 132 245 118 252 111 148 122 270 238 189 97 168 271 272 162 91 195 259
223 194 161 104 239 161 104 242 174 111 80 215 267 262 70 223 214 111 214 175 145 249 113 115 257 247 241 192 222 105 210 191 211 274 133 157 190 153 193 159 143 189 257 174 74 75 268 183 0 273 101 212 132 167 81 182 81 162 133 120 155 126 209 88 277 145 222 140 133 100 264 195 201 94 115 125 236 92 221 86 274 134 266 124 86 203 252 196 198 187 243 253 96 110 113 188 201 153 143 77 120 166 230 125 111 130 203 185 102 223 201 159 256 136 180 213 138 133 209 149 121 276 94 111 262 204 278 97 236 182 173 128 157 93 254 256 182 252 154 197
162 267 255 248 75 166 128 78 203 171 73 206 229 234 98 184 249 145 221 264 268 132 263 92 270 125 129 211 222 188 217 162 94 95 255 265 219 227 152 206 221 247 277 120 203 277 80 222 172 0 121 271 79 190 125 82 211 181 267 278 174 273 241 144 235 89 269 171 201 134 227 71 99 240 278 238 189 178 89 107 78 268 71 142 110 180 118 268 193 253 72 137 213 270 139 96 147 194 181 87 248 271 231 108 247 187 157 102 246 128 219 190 118 103 257 204 240 120 126 196 145 79 98 173 193 84 149 240 88 147 169 93 201 241 72 216 71 194 170 133
108 119 70 269 122 205 113 120 166 110 259 86 107 280 266 207 78 95 83 229 143 139 146 181 75 149 88 207 196 253 244 190 98 96 126 117 245 129 91 86 77 229 238 263 139 155 239 219 132 179 0 260 249 234 109 106 109 217 181 260 274 100 258 223 277 264 122 213 116 121 242 131 240 70 249 176 143 141 90 222 154 195 253 279 202 234 235 275 107 231 132 189 270 195 74 271 208 275 257 123 214 200 106 163 203 72 188 145 126 279 226 127 168 167 185 260 221 186 274 246 163 271 190 104 214 252 188 132 234 130 199 129 254 192 104 267 75 185 252 211
258 153 123 136 149 233 225 261 257 85 172 188 233 241 146 158 212 278 90 151 264 125 165 236 194 78 219 209 133 225 249 237 274 95 101 81 175 221 137 113 198 193 183 159 225 159 247 208 269 182 232 0 132 242 139 149 121 147 152 134 221 182 114 261 118 185 225 207 277 255 104 149 213 101 252 106 241 236 190 248 194 142 119 156 83 130 197 187 95 257 234 255 255 146 192 176 77 221 238 75 71 170 197 263 78 133 130 154 79 181 255 212 150 113 131 166 137 270 269 184 236 234 208 97 117 190 248 71 183 265 143 270 192 233 279 216 71 182 184 250
92 161 137 247 158 103 157 80 119 191 133 276 248 110 209 192 73 89 114 112 173 73 175 96 247 183 220 107 95 221 199 112 249 102 74 125 254 192 226 77 135 190 92 70 220 261 256 241 115 254 208 149 0 122 105 210 184 244 277 237 278 219 143 95 277 236 188 108 235 135 143 141 183 140 278 156 252 116 211 139 87 80 142 206 245 220 183 248 256 86 132 216 197 224 163 225 132 210 116 71 127 167 259 268 235 232 278 243 133 220 166 83 179 245 102 244 150 205 129 164 237 196 277 174 263 232 240 244 72 216 209 224 72 103 176 245 225 152 138 119
189 255 182 221 182 175 125 198 112 156 208 166 157 254 108 210 78 80 109 159 88 107 260 265 207 81 268 126 196 177 143 228 172 127 74 241 220 131 256 163 172 243 274 140 72 100 165 219 212 81 125 86 183 0 266 108 188 225 188 230 173 140 211 217 92 222 79 280 214 72 247 236 172 168 139 96 110 156 140 215 222 204 254 81 91 145 82 146 150 263 133 196 75 261 223 129 198 171 272 105 269 123 249 189 128 171 228 104 111 105 274 209 91 249 168 244 230 225 147 180 227 257 204 133 198 156 202 157 89 166 230 185 106 250 178 224 199 179 167 120
238 84 136 154 227 106 218 276 196 274 168 271 70 253 95 264 267 205 149 148 239 127 113 275 280 106 165 268 268 128 99 270 113 128 127 165 244 250 130 195 205 237 95 164 152 161 158 90 129 226 190 96 157 214 0 265 200 103 131 253 127 112 237 168 173 74 210 164 103 71 82 175 74 233 216 125 235 226 164 71 208 145 135 106 106 178 192 191 212 279 210 71 138 166 156 176 85 250 266 106 190 204 155 189 213 173 126 119 141 237 184 144 251 109 159 259 253 121 73 143 139 89 199 198 191 214 259 153 189 94 85 84 124 256 169 139 176 263 273 77
263 198 154 128 251 208 234 98 96 220 175 193 108 261 202 89 84 92 219 72 192 94 198 210 262 112 163 199 108 202 72 193 180 246 129 117 124 84 113 95 88 192 195 230 252 70 224 174 154 260 100 161 139 179 119 0 179 193 97 175 131 200 70 124 72 232 119 131 142 235 198 96 212 153 251 142 155 119 224 85 114 184 156 264 235 166 272 165 145 119 134 223 156 139 240 71 196 133 259 108 173 211 187 90 160 163 152 160 239 236 149 254 231 173 193 107 133 264 182 172 140 245 266 188 267 162 196 210 235 224 108 126 101 156 192 229 262 196 171 192
150 139 260 84 237 147 230 263 158 149 203 107 213 178 174 219 148 207 105 120 117 234 122 214 237 270 259 103 226 230 278 228 199 252 169 78 134 82 188 245 124 271 273 228 201 163 184 135 104 123 277 177 200 74 202 204 0 243 162 105 109 151 211 175 275 88 246 256 166 111 243 141 73 225 74 198 128 117 96 76 88 121 107 248 151 162 187 239 273 159 162 222 239 124 71 210 117 268 136 181 86 89 163 280 210 92 272 165 132 123 175 254 135 115 272 203 175 259 194 145 199 263 278 77 166 199 70 71 106 149 241 106 74 242 93 237 90 230 75 252
222 157 207 199 89 74 150 237 262 269 196 270 102 94 83 76 75 96 132 140 260 81 258 189 230 240 200 228 139 140 229 259 234 81 129 94 256 252 207 79 277 263 88 273 155 204 225 88 184 200 250 262 277 265 141 206 253 0 216 185 114 159 253 181 248 264 104 128 195 219 101 280 238 244 252 242 99 106 224 221 141 189 216 221 126 266 175 254 78 104 241 271 111 170 148 160 186 94 74 262 151 201 221 139 243 108 234 106 203 169 235 149 127 162 95 191 126 94 233 92 186 144 240 102 192 109 222 207 258 250 116 95 198 159 220 117 181 74 148 115
119 102 255 196 251 252 246 251 147 155 92 71 148 107 209 248 261 116 90 156 110 150 107 128 238 231 99 83 75 199 82 85 236 244 87 188 228 148 202 277 162 138 278 142 244 80 240 198 198 271 267 179 82 126 223 228 279 138 0 193 128 94 170 121 75 132 265 204 77 173 223 188 129 210 141 186 257 203 142 133 88 153 272 258 247 226 89 224 141 114 258 129 194 267 101 217 185 279 255 143 95 132 125 275 93 119 164 153 82 217 109 104 194 83 100 266 271 235 173 230 107 231 71 231 111 275 143 261 159 124 280 155 142 176 229 234 100 137 152 236
121 258 88 84 206 160 274 139 136 226 154 191 98 117 249 279 89 187 268 251 143 72 131 159 71 223 189 260 210 187 161 169 74 171 127 182 269 144 100 123 77 250 134 107 87 90 159 211 211 196 156 78 208 136 86 202 182 185 262 0 210 125 127 230 259 155 153 270 155 245 245 218 265 172 223 160 146 138 196 223 184 257 225 255 180 268 211 111 218 91 174 88 269 179 93 129 124 267 136 250 109 156 211 70 108 156 117 225 70 177 72 203 184 145 264 122 102 215 254 164 132 70 90 71 260 78 272 115 95 255 122 188 175 165 155 109 124 74 130 145
168 168 182 271 259 241 260 119 108 137 121 201 179 276 185 173 169 164 211 136 198 105 153 209 237 80 280 227 195 126 271 174 254 214 259 202 112 191 169 269 95 187 235 211 243 131 266 195 224 116 216 181 91 215 259 145 258 276 153 143 0 129 228 266 80 117 128 133 249 258 253 221 211 226 121 280 251 104 140 86 159 242 130 152 113 94 186 190 231 178 193 234 115 199 280 97 253 73 265 77 141 160 149 83 168 145 78 148 242 101 220 204 253 147 115 198 114 170 174 79 271 171 208 279 141 236 248 205 261 233 190 92 130 230 176 251 180 268 93 240
234 170 221 101 222 204 189 139 99 153 111 88 112 180 141 253 105 121 84 225 154 147 226 128 183 147 255 84 170 80 269 149 142 196 280 191 140 89 190 115 198 113 115 195 152 221 74 177 83 134 196 90 265 136 234 100 209 205 168 255 83 0 201 209 119 275 202 175 229 167 140 108 272 182 129 181 123 208 250 129 116 274 93 168 205 93 134 100 175 153 103 134 232 241 258 254 141 241 83 221 267 108 187 80 259 280 89 162 84 193 191 279 153 204 83 163 75 107 99 206 170 201 99 81 81 134 127 104 169 94 243 218 204 261 237 170 128 250 80 223
74 167 184 186 90 109 209 191 268 232 252 151 121 87 96 113 90 186 115 234 224 239 126 105 101 219 251 253 77 274 223 97 222 127 166 148 79 164 232 192 227 104 148 170 170 131 260 147 239 236 254 81 99 164 162 167 267 207 141 168 233 247 0 88 166 250 206 269 76 71 166 176 195 214 231 267 97 269 240 230 182 120 80 158 171 279 74 166 89 89 111 237 200 106 122 187 137 137 73 108 198 153 143 206 117 184 275 229 223 77 149 133 267 175 70 98 102 174 155 242 141 122 218 212 226 172 116 118 82 268 228 235 82 110 149 264 238 80 117 130
219 206 253 265 201 207 119 164 140 194 216 109 218 267 114 205 190 257 226 264 260 78 197 143 219 145 276 84 116 182 237 131 230 234 252 253 173 280 172 106 201 205 251 279 200 259 149 73 264 97 82 93 270 241 73 232 243 279 129 245 138 218 100 0 270 229 216 230 272 265 103 226 216 265 171 216 214 148 92 226 278 227 125 210 135 134 129 82 269 125 139 84 234 176 123 141 273 263 265 214 76 276 168 108 224 179 137 161 239 224 249 150 156 225 147 250 88 123 111 260 163 232 217 161 86 277 276 240 163 145 262 95 246 220 161 100 94 236 271 152
250 222 224 209 114 235 186 219 143 248 85 208 253 115 134 254 85 124 224 159 100 107 90 72 107 131 235 169 85 141 233 269 244 144 184 270 72 125 206 187 119 140 89 152 85 216 165 169 150 249 195 211 222 232 230 78 151 111 92 176 279 115 99 81 0 90 271 251 181 79 122 114 250 121 102 228 158 181 191 101 89 129 136 276 229 179 70 103 265 115 218 99 200 123 81 140 142 77 165 89 151 246 94 175 117 110 112 104 108 170 167 111 90 177 241 218 204 172 99 135 132 177 93 268 216 173 256 173 108 107 148 198 195 231 201 267 138 91 159 93
224 217 138 123 199 93 138 160 278 102 163 117 158 97 126 132 272 210 136 107 234 128 219 157 230 114 80 253 94 156 216 124 214 233 77 90 280 70 70 121 266 85 205 88 138 265 226 97 104 82 172 141 181 159 113 98 188 217 103 279 143 230 180 225 253 0 174 70 91 101 73 114 276 94 175 263 241 134 208 199 208 99 274 234 238 184 104 119 205 187 115 261 106 123 212 175 201 73 107 212 204 201 94 113 239 163 178 229 254 171 160 85 163 198 277 213 141 263 110 174 229 272 179 173 152 160 151 228 168 91 101 120 114 74 159 248 114 167 269 234
264 246 271 122 199 237 180 205 209 166 256 236 237 188 136 190 187 223 265 167 261 87 223 87 107 215 148 114 204 195 220 186 99 236 148 229 101 226 253 192 217 267 105 109 211 80 129 272 268 218 246 84 110 145 186 98 141 113 206 122 72 177 116 76 111 140 0 82 279 240 103 217 188 199 82 278 241 116 242 231 225 153 150 230 154 213 103 157 227 93 101 141 149 173 110 185 224 145 239 162 258 144 82 130 110 241 158 155 264 121 268 270 208 162 130 279 208 199 183 274 177 139 258 199 268 189 135 148 155 114 115 152 105 167 117 115 108 99 136 141
82 86 91 243 278 114 139 208 70 82 123 127 146 176 83 160 111 100 81 144 139 106 221 167 81 92 195 260 249 240 184 110 230 253 153 182 232 116 243 115 257 176 146 118 202 112 108 105 75 138 224 143 171 97 99 261 81 171 216 174 90 265 75 190 246 272 194 0 226 209 262 267 250 273 223 230 146 209 265 250 167 73 71 185 253 102 105 154 265 134 203 93 203 71 164 178 139 270 174 227 224 127 249 96 98 146 118 73 86 197 91 184 244 77 207 77 247 109 195 126 189 129 103 250 74 197 224 245 70 90 84 214 104 182 219 198 238 230 133 215
273 239 128 223 143 120 176 225 189 161 135 236 257 276 249 74 204 125 216 217 250 77 77 126 243 160 154 115 96 134 148 151 103 256 136 119 276 183 242 242 231 134 196 205 266 219 114 173 99 133 237 256 275 257 168 83 275 267 214 212 73 268 242 88 197 273 234 137 0 254 162 268 175 232 95 83 253 226 237 157 236 206 255 262 115 168 76 120 153 216 260 255 137 165 205 171 184 109 175 103 118 260 105 213 142 117 114 121 115 233 170 205 201 120 228 265 108 178 234 233 226 75 171 205 251 211 120 269 213 265 81 214 103 188 203 165 182 195 240 81
78 100 204 178 180 80 217 204 207 80 125 113 215 92 266 236 265 84 153 247 216 222 138 275 168 88 101 270 224 145 171 133 136 273 71 86 178 130 160 151 206 278 268 156 246 155 218 259 263 261 269 243 191 89 79 168 192 178 254 233 106 89 109 274 123 154 82 165 164 0 183 225 86 261 252 197 223 223 268 142 219 181 227 251 86 111 168 242 239 202 96 167 103 75 148 237 139 87 237 136 172 196 141 127 137 70 243 100 227 216 109 190 236 155 187 200 102 99 270 168 182 256 143 149 80 160 241 124 79 107 248 198 275 142 186 187 80 150 147 146
77 145 82 239 258 204 226 204 273 73 190 145 210 147 244 179 180 181 223 90 220 164 262 180 234 277 156 166 150 234 232 231 264 129 270 148 267 86 217 109 103 228 151 164 166 84 88 144 96 275 87 80 191 223 275 189 165 269 220 175 168 212 111 225 76 151 245 199 228 223 0 212 116 88 114 82 252 129 135 237 174 217 260 101 128 185 265 80 162 104 239 274 204 132 172 207 134 271 74 114 156 250 239 86 96 88 136 256 200 114 162 140 183 244 235 166 204 239 123 141 93 180 107 122 127 164 177 73 189 183 178 70 151 91 111 163 93 185 96 105
145 227 221 165 97 78 172 109 153 134 139 273 98 138 202 231 162 207 263 113 137 228 79 185 206 83 273 262 199 215 166 219 170 162 138 255 220 192 135 110 133 91 174 262 131 150 112 253 122 141 232 162 75 218 113 259 274 176 101 195 142 88 140 119 77 273 94 83 181 258 272 0 134 148 264 218 276 262 202 158 169 136 103 119 189 138 258 182 92 165 193 189 79 216 263 258 130 149 211 116 77 203 82 165 79 165 219 72 228 98 212 198 197 268 86 216 198 77 127 179 263 118 102 235 134 272 269 70 81 165 265 196 179 189 131 251 210 238 218 120
183 130 209 71 162 164 237 280 124 161 258 245 161 98 98 205 240 226 172 137 239 266 278 136 149 112 197 171 257 209 74 158 140 245 113 184 115 231 101 274 207 150 280 139 254 229 153 256 177 162 122 253 171 191 141 177 233 220 227 93 108 280 212 78 195 212 137 90 116 79 232 209 0 175 192 115 258 181 220 198 144 77 195 176 245 72 208 258 168 269 219 189 196 246 204 254 119 133 141 257 254 97 72 256 76 211 83 122 271 130 99 251 182 142 168 227 139 167 84 211 129 189 280 123 154 217 259 116 101 276 254 261 210 231 194 248 74 84 241 218
152 107 178 243 141 168 207 278 159 269 242 106 269 279 178 160 272 122 206 110 208 142 272 180 261 150 137 266 224 184 211 117 273 94 124 172 99 86 257 222 222 209 195 125 151 200 137 195 268 79 236 110 249 160 180 250 258 242 155 198 136 93 136 275 82 211 99 195 182 106 227 232 237 0 172 279 176 188 181 94 241 131 186 105 169 85 176 268 261 233 116 165 229 147 252 223 77 110 170 194 109 88 234 70 151 160 262 203 187 201 254 141 266 129 186 212 228 206 199 77 223 84 126 280 184 116 142 80 167 82 145 82 201 107 78 139 263 147 96 147
160 222 242 126 248 259 117 206 186 179 130 158 268 272 159 132 101 280 125 74 188 279 244 149 237 70 267 234 72 197 237 164 229 211 217 228 248 277 154 269 272 168 117 107 120 87 262 158 114 245 229 90 149 218 107 100 132 101 238 250 213 274 83 134 268 79 208 272 102 90 267 186 143 126 0 95 221 254 90 238 169 235 208 71 129 98 265 132 72 224 221 103 114 111 174 166 221 101 248 232 219 263 230 97 272 74 153 223 85 199 75 83 118 249 149 140 131 164 274 221 83 70 147 269 158 241 118 180 170 265 85 95 118 227 111 200 187 255 134 224
85 199 124 214 248 91 133 111 89 180 208 208 84 204 78 72 275 126 92 103 110 92 87 90 126 253 218 114 253 92 198 263 227 92 101 99 173 182 102 166 194 212 185 239 101 172 78 242 120 126 208 251 191 90 104 244 267 167 200 233 264 214 264 229 131 224 184 162 239 89 169 231 221 119 123 0 267 203 205 196 261 221 81 80 182 150 114 161 152 140 195 279 138 139 222 255 167 92 189 160 272 167 155 127 224 98 75 145 243 261 156 192 70 237 70 108 192 246 240 258 167 73 254 73 167 113 149 120 278 207 226 257 77 168 163 137 159 263 99 233
200 211 194 148 246 158 201 258 186 239 107 104 225 200 276 71 98 278 99 89 232 215 214 216 166 121 81 200 154 160 224 133 208 218 110 205 109 218 109 229 101 86 258 146 243 151 276 211 210 136 138 144 86 220 185 240 274 252 170 211 210 265 81 203 271 72 95 85 155 175 231 129 243 218 192 233 0 211 170 106 168 163 177 223 76 132 101 148 207 85 88 188 176 232 213 122 206 122 127 131 160 250 221 264 123 244 240 268 107 190 138 263 167 87 209 247 229 208 181 99 106 220 185 134 134 258 115 259 270 195 170 125 161 131 240 203 166 251 167 74
250 141 209 119 198 256 263 208 159 218 171 109 129 132 91 118 148 111 211 256 111 219 115 88 147 75 221 268 154 120 93 242 180 265 197 250 205 219 194 193 139 125 178 97 220 226 231 186 169 280 269 71 135 254 193 209 78 161 188 263 165 101 185 157 113 200 159 76 97 192 118 110 114 252 221 137 184 0 203 114 178 212 249 227 86 185 71 115 247 129 187 175 272 105 190 104 122 104 190 196 163 262 251 109 112 261 152 182 84 136 258 96 199 125 222 108 96 279 216 213 274 170 223 120 165 193 130 87 198 209 166 175 180 107 220 220 130 252 245 70
93 72 128 160 86 109 251 72 76 275 92 117 102 79 137 276 158 268 166 247 161 270 185 120 75 226 70 119 141 278 130 173 107 105 82 161 107 86 113 189 128 175 114 199 82 250 277 234 164 129 186 86 247 219 171 131 161 124 244 274 193 274 132 173 266 187 91 149 169 202 77 263 280 159 227 189 156 213 0 274 198 76 76 147 82 184 141 198 95 239 227 274 82 268 95 117 129 273 81 229 208 211 116 111 99 232 95 263 111 158 236 109 71 253 224 86 259 223 186 81 203 212 111 118 265 231 154 182 143 133 242 103 152 84 146 116 171 183 199 205
82 219 260 227 208 128 91 139 258 266 200 145 225 145 262 190 103 123 99 92 119 98 232 83 241 131 139 180 228 265 88 190 245 115 276 142 262 71 163 154 223 222 99 227 264 262 191 132 167 217 91 100 184 101 273 78 186 257 177 278 241 229 111 191 207 153 245 153 179 107 278 107 175 221 256 93 167 125 265 0 115 140 227 225 80 231 275 71 235 149 265 273 76 147 120 207 262 154 82 147 193 88 108 98 214 84 189 240 173 206 260 200 250 258 108 175 182 195 117 201 75 273 131 238 225 86 104 242 273 114 241 202 189 150 261 168 100 71 100 247
85 270 79 252 166 146 196 119 152 218 233 133 102 151 176 125 279 89 96 175 190 91 239 261 115 71 219 148 139 121 173 264 203 191 272 240 74 211 131 130 114 267 127 278 195 225 145 124 118 195 129 193 212 202 132 200 216 221 201 171 232 187 213 124 99 274 239 71 241 164 142 256 205 82 148 242 130 142 234 180 0 106 205 167 177 225 185 151 152 151 111 125 105 71 228 104 71 171 101 275 224 201 94 185 170 155 202 231 241 272 129 130 128 118 188 184 103 86 197 243 174 78 117 162 74 95 107 78 201 179 276 138 258 120 262 118 133 219 121 130
247 248 76 163 169 238 205 166 185 213 132 216 272 89 74 201 269 127 154 139 195 189 219 232 88 167 123 234 155 158 86 75 138 257 127 108 86 223 248 153 227 170 204 271 152 242 198 99 205 242 238 186 146 116 261 182 225 268 119 72 167 181 230 193 206 144 71 152 259 164 71 112 253 198 100 277 155 93 208 95 71 0 192 120 167 141 257 155 188 223 270 246 241 162 211 115 160 178 237 265 108 215 175 119 101 102 206 201 156 163 268 155 222 212 128 100 230 180 107 161 262 218 151 124 269 155 236 156 162 92 95 175 256 238 84 183 79 124 211 227
143 84 192 142 234 263 154 165 85 261 207 231 86 82 240 263 266 88 261 235 105 105 98 268 252 258 132 90 212 116 111 138 186 228 195 276 278 183 250 151 169 91 164 147 170 182 167 82 248 230 208 101 260 149 75 237 189 120 92 81 110 228 132 88 204 134 163 126 213 180 95 158 184 207 271 133 198 261 246 112 120 172 0 167 107 130 254 197 274 222 136 144 137 198 190 100 141 261 116 144 232 185 95 174 131 225 162 134 201 197 120 121 113 107 142 163 228 131 85 97 110 98 161 103 115 153 191 76 130 197 110 173 146 94 211 97 255 222 166 110
176 130 202 135 133 171 207 244 182 204 206 159 90 180 228 186 89 114 150 161 178 98 137 229 238 118 201 234 197 207 223 141 201 208 208 165 184 93 268 73 154 108 239 217 84 138 145 142 236 231 129 74 92 79 124 136 178 268 89 182 184 149 115 85 229 193 147 212 204 272 81 237 223 255 205 155 128 270 252 274 200 250 162 0 213 115 217 191 116 108 119 150 278 258 251 165 262 158 259 146 182 229 127 161 106 114 136 197 188 155 161 139 233 83 261 138 155 106 135 111 115 133 107 190 203 153 219 210 105 119 162 73 176 195 160 125 84 96 157 112
233 177 108 76 140 226 276 95 139 75 217 254 87 253 242 129 203 140 261 124 132 278 217 242 203 215 149 90 261 86 179 189 102 170 249 114 178 160 145 83 150 254 164 172 205 190 132 73 120 191 185 118 242 166 104 192 108 131 250 118 203 182 146 232 237 132 206 78 266 278 106 103 198 278 280 177 152 82 88 214 235 78 109 109 0 110 115 260 165 238 201 75 169 177 95 151 91 217 264 261 228 209 152 206 163 180 146 156 204 112 146 263 106 213 125 209 138 104 83 231 130 187 146 269 103 250 131 107 244 251 84 241 130 216 134 164 210 119 76 242
265 173 241 133 262 184 140 157 80 222 127 223 158 97 160 171 226 273 105 249 261 274 105 112 107 79 127 261 261 158 193 203 275 71 203 108 129 92 128 219 121 93 212 180 74 110 148 223 109 109 123 219 279 179 231 104 93 149 163 139 148 277 185 192 179 181 109 111 271 149 139 268 93 261 151 82 239 169 274 178 145 109 231 182 176 0 140 216 187 253 91 165 223 227 125 258 129 230 109 249 261 269 172 225 213 249 158 261 98 279 267 97 125 228 126 118 271 185 160 72 226 183 137 236 265 144 182 208 84 87 254 87 176 106 200 243 232 212 73 133
272 193 94 268 176 191 154 229 105 91 89 135 94 211 121 210 191 206 128 256 91 198 172 238 70 201 101 144 152 279 173 193 150 203 179 109 78 224 273 232 272 141 186 97 234 85 172 168 109 213 155 119 280 241 274 109 171 141 207 99 139 263 137 222 210 233 194 158 263 255 184 109 159 137 171 119 209 221 136 75 197 172 257 172 257 133 0 95 262 164 199 147 270 127 257 77 118 115 91 112 95 210 247 181 78 151 149 143 139 245 181 122 209 227 184 192 121 216 271 182 191 190 119 138 94 273 142 232 248 195 275 196 200 180 222 201 172 252 113 126
257 203 235 96 136 151 186 143 95 270 138 166 141 102 143 256 183 84 153 156 75 210 234 128 170 171 234 139 226 109 269 251 132 154 160 92 234 85 238 77 116 170 277 170 204 241 168 195 78 141 82 178 223 76 191 135 206 87 276 88 76 278 227 175 256 175 187 136 237 178 83 164 182 118 212 222 79 136 107 220 229 126 233 110 142 115 249 0 228 129 103 193 189 266 94 260 173 108 152 204 275 77 213 79 96 247 271 188 266 245 81 238 239 184 165 202 271 98 91 192 76 251 262 150 85 184 229 274 234 198 273 114 216 82 229 109 105 243 147 278
235 265 117 245 128 243 134 191 162 102 120 174 125 212 254 176 140 171 168 130 182 194 79 270 237 148 89 197 132 235 245 146 251 174 74 107 147 229 181 262 240 200 88 84 158 234 87 223 211 160 240 242 267 207 214 82 186 112 217 129 192 86 110 279 92 267 169 83 264 130 86 103 111 251 231 113 218 274 161 260 216 91 168 173 181 253 175 90 0 75 75 252 82 70 140 270 140 109 111 149 204 192 205 176 108 167 272 238 240 138 259 258 274 127 225 168 275 256 106 73 270 158 225 244 193 98 211 78 121 84 107 95 94 247 122 225 213 265 82 273
261 115 184 193 157 194 280 90 278 85 102 168 234 143 210 134 123 256 123 128 134 76 250 142 253 189 164 84 260 88 265 224 278 157 251 102 120 224 118 136 85 168 226 243 272 221 105 121 133 224 214 171 199 139 83 237 226 214 270 157 219 96 191 94 123 205 169 164 198 213 183 85 102 244 124 200 216 141 235 178 177 276 211 147 205 103 180 107 276 0 174 163 193 130 136 265 183 142 152 129 222 108 88 94 225 98 122 78 274 166 70 245 128 200 262 141 151 276 232 122 120 219 100 175 234 73 77 210 201 137 119 113 133 226 147 133 276 151 226 174
144 114 208 232 108 235 221 127 247 270 115 129 117 244 91 169 177 133 170 224 128 77 266 221 183 140 269 116 176 228 128 166 260 246 178 160 183 200 191 201 193 188 199 98 136 88 263 249 244 84 172 243 95 172 90 199 216 227 200 87 274 232 139 74 165 242 180 113 254 269 242 128 105 123 225 128 161 210 166 156 242 80 102 163 173 201 111 151 231 239 0 87 213 74 215 214 98 252 154 134 162 103 142 130 108 105 235 114 80 153 264 78 189 202 189 233 120 103 276 274 221 237 159 197 223 81 274 143 203 228 271 228 162 251 141 135 236 190 233 169
97 114 84 91 149 129 226 273 114 267 237 154 208 247 234 81 73 75 267 132 151 274 208 223 151 131 172 195 244 137 182 243 124 144 98 160 183 128 273 275 234 183 116 240 218 78 159 172 135 95 107 153 183 100 137 177 72 173 219 70 155 94 234 123 147 155 236 81 179 93 73 203 105 183 70 114 210 123 101 269 270 139 242 184 111 186 255 211 178 122 187 0 277 227 219 167 279 242 84 105 70 89 111 115 249 77 79 257 264 192 118 104 257 74 204 196 115 136 92 85 187 133 234 241 199 244 141 81 256 176 189 120 168 117 220 75 217 87 75 142
111 85 183 255 226 222 239 95 75 199 93 197 198 251 167 234 255 152 98 247 191 168 156 163 135 132 280 210 72 72 104 132 99 242 72 83 260 212 258 205 103 138 268 229 163 158 174 189 145 241 180 184 273 75 213 245 79 143 112 247 130 112 90 90 115 114 211 110 271 210 164 125 235 80 189 115 211 126 92 81 257 222 268 257 77 108 190 139 194 258 138 163 0 91 142 123 150 138 118 108 186 72 94 199 264 187 245 150 128 237 230 114 200 213 114 164 158 171 98 188 269 274 197 212 142 253 81 233 177 269 209 139 202 255 76 179 268 150 147 118
96 125 103 147 216 223 156 271 131 267 240 152 229 85 276 81 252 211 100 220 278 141 72 250 222 132 264 194 111 182 105 91 226 209 166 245 272 260 138 192 199 255 204 83 143 175 171 256 166 259 111 146 250 275 262 76 208 194 145 150 245 120 97 83 187 152 181 181 92 80 270 267 153 232 157 71 119 101 194 175 259 146 277 83 251 192 261 88 261 183 227 213 238 0 126 166 188 278 250 263 210 106 86 253 124 86 117 149 166 265 154 80 249 139 176 127 237 271 154 98 93 144 277 73 279 83 117 133 160 170 104 228 248 166 198 218 267 140 105 139
99 209 230 206 225 189 238 107 189 200 177 71 144 157 202 253 217 248 135 251 178 146 231 151 161 79 252 84 180 137 78 169 88 230 92 119 277 74 112 179 216 231 137 123 232 122 147 121 263 225 72 82 172 176 133 81 93 184 273 230 259 152 270 244 150 87 163 280 197 118 126 192 105 146 95 224 209 224 112 140 86 230 160 94 174 108 142 75 133 231 94 131 167 75 0 163 234 178 166 239 164 193 99 262 254 254 201 138 208 73 97 88 100 138 156 147 133 268 280 230 213 181 246 131 130 187 221 183 171 270 274 202 260 95 233 263 184 271 154 202
243 91 256 247 94 191 188 155 89 104 160 276 216 169 224 81 197 237 81 130 195 209 154 206 163 146 258 121 233 71 213 84 146 254 219 158 227 92 115 85 124 132 134 101 173 105 160 102 84 231 174 74 156 224 113 173 166 249 214 275 126 224 220 222 106 215 168 175 271 256 226 152 79 112 229 112 279 74 202 208 149 270 222 210 164 206 221 208 110 213 91 85 269 241 145 0 223 265 218 83 126 238 186 159 239 168 168 246 209 91 217 229 233 221 103 252 164 102 118 234 172 245 212 155 255 224 206 193 221 150 239 162 207 134 176 81 242 214 263 211
270 78 95 90 149 187 248 169 214 110 124 155 212 163 219 111 230 172 179 196 175 164 201 92 219 175 269 114 265 185 210 213 223 153 84 204 121 153 122 190 105 117 222 204 74 81 133 92 184 127 203 246 131 119 278 132 143 131 125 138 147 170 93 217 247 184 97 256 237 137 139 73 103 111 203 229 229 128 76 110 163 98 222 204 234 178 125 96 119 241 96 247 142 103 123 81 0 167 192 172 150 150 250 249 97 176 153 238 149 239 156 108 107 219 126 256 169 269 179 167 156 86 257 166 224 73 91 121 100 160 276 153 98 127 161 190 260 75 119 206
200 118 276 179 185 124 124 80 254 107 101 231 252 132 180 159 173 216 140 206 134 151 87 75 131 265 235 161 206 150 224 121 171 245 227 221 237 214 138 71 183 273 111 232 194 251 254 116 151 245 258 196 110 87 213 247 241 187 171 102 178 122 257 249 92 79 74 264 246 167 117 144 104 245 116 151 189 160 133 105 221 132 99 115 92 221 204 160 161 77 74 94 193 122 191 198 223 0 275 266 83 280 168 92 123 278 155 203 232 183 172 175 149 78 268 100 70 87 165 124 81 161 91 109 78 174 176 145 172 139 229 221 266 206 148 79 185 107 95 114
104 269 87 75 98 223 165 106 217 114 130 252 214 229 144 196 254 276 127 197 261 163 85 170 143 247 269 269 270 99 211 237 115 84 173 209 192 236 179 210 252 103 94 166 204 181 187 224 203 84 235 156 221 259 213 263 217 274 127 270 193 240 155 256 256 273 222 139 249 199 139 188 72 183 100 220 141 231 127 275 227 107 146 148 168 92 108 128 70 259 261 98 278 226 186 181 187 225 0 276 72 249 241 137 256 186 229 83 153 216 136 84 156 237 123 87 146 76 234 171 201 267 264 172 99 188 196 267 89 157 230 216 158 270 164 130 70 71 164 175
212 88 144 169 97 168 168 89 205 143 232 234 129 252 129 211 156 174 171 200 264 234 231 200 175 109 99 75 127 156 90 151 134 209 147 107 172 105 70 213 147 256 265 90 216 241 192 197 181 245 162 93 206 188 137 99 85 187 73 83 246 252 264 104 126 156 271 113 185 138 270 134 106 253 275 73 178 210 226 90 83 196 153 86 262 209 218 85 230 196 264 235 196 166 242 141 111 175 230 0 169 160 232 111 200 226 182 117 222 131 192 253 212 265 218 188 140 208 130 132 130 70 240 148 201 276 100 106 228 276 88 276 182 153 121 109 116 243 277 212
70 86 161 156 217 245 220 108 233 164 229 223 243 199 227 229 106 146 154 236 89 177 275 236 270 234 236 127 90 173 206 93 88 268 276 109 72 237 112 221 85 223 234 273 258 135 212 226 252 128 220 169 240 129 88 111 148 118 79 135 266 102 218 203 199 253 164 231 225 111 158 168 212 260 111 254 274 186 247 226 252 142 137 254 201 99 177 259 108 249 129 154 173 211 149 75 244 248 129 155 0 201 274 157 234 177 169 120 274 219 251 273 103 252 108 84 72 118 229 159 88 201 133 263 268 104 186 142 268 83 140 275 85 260 144 154 204 166 177 169
230 116 243 222 204 108 195 222 107 200 184 203 199 104 163 239 249 176 248 242 208 147 159 84 161 254 135 278 110 163 87 231 234 251 143 164 244 136 172 223 186 130 175 227 78 73 198 232 274 169 234 259 171 271 268 217 164 96 181 259 246 185 112 183 121 205 243 87 205 189 160 148 138 115 206 74 258 266 159 265 88 240 163 147 115 237 99 272 127 259 246 197 126 211 204 246 226 275 273 230 71 0 112 258 241 274 122 227 145 124 108 266 195 168 100 217 189 142 202 275 185 205 255 203 275 127 86 204 268 228 113 96 210 265 131 91 177 192 164 159
243 186 167 217 224 252 235 272 222 194 82 250 258 221 95 216 78 164 152 158 165 117 264 217 92 108 167 229 246 77 93 196 110 123 85 190 130 123 189 160 202 274 174 134 151 202 210 277 222 129 136 176 197 213 205 185 94 246 275 262 118 137 187 179 265 280 78 114 115 157 145 171 151 200 186 216 243 272 279 248 155 232 71 196 142 119 183 169 157 78 79 188 265 143 162 230 219 135 263 200 245 263 0 261 277 111 93 83 214 186 201 153 182 189 151 132 193 220 270 102 124 280 192 206 146 71 124 253 173 142 131 202 236 115 256 255 277 129 269 271
251 236 279 192 182 229 167 265 187 158 210 157 180 170 256 251 206 276 90 151 195 193 268 96 82 276 181 269 138 207 100 190 105 259 131 146 252 186 197 199 169 146 146 85 274 156 151 231 247 92 105 275 206 271 116 210 154 241 148 258 252 174 265 157 175 190 223 247 224 261 273 267 72 169 75 134 263 251 229 151 145 131 105 210 151 115 98 280 206 178 140 159 72 136 95 213 93 201 235 80 198 280 116 0 249 188 248 258 224 240 113 217 222 137 267 109 275 151 278 117 145 115 78 162 251 140 220 115 126 242 97 106 262 118 116 107 129 214 212 106
211 143 187 146 109 244 158 79 218 125 243 164 181 205 170 222 80 98 208 135 163 118 145 201 118 212 238 73 256 245 188 178 120 279 219 234 127 195 246 152 111 98 144 135 248 161 200 216 76 75 127 264 86 153 199 266 244 88 225 251 202 184 160 279 265 183 179 234 201 233 253 221 279 104 87 180 79 188 175 194 265 190 222 181 121 155 120 201 248 196 225 234 86 131 106 77 233 122 153 100 175 182 224 257 0 100 257 193 269 113 211 262 187 93 185 99 250 83 121 162 219 150 153 211 101 160 190 248 120 216 220 229 210 182 109 231 279 147 215 231
183 132 235 203 76 178 141 238 210 276 256 81 277 113 89 75 255 82 142 145 162 175 171 119 248 172 190 103 263 240 202 274 80 122 148 234 264 199 231 230 238 144 194 171 201 87 83 81 249 124 251 121 178 235 90 235 79 106 159 201 158 91 135 261 123 182 127 249 107 92 143 270 112 181 106 265 138 258 78 86 176 261 218 223 70 85 82 228 174 239 158 142 97 185 128 260 142 123 117 129 154 196 275 188 181 0 88 83 98 109 207 258 100 191 216 186 158 250 181 175 219 203 232 75 249 223 166 168 85 127 136 169 213 155 99 78 257 128 141 242
260 251 163 232 83 78 193 159 193 245 92 217 107 248 210 147 230 216 257 163 182 234 166 172 267 280 119 264 254 166 116 150 89 130 95 101 208 206 137 181 144 251 104 229 267 260 186 210 74 196 132 72 168 187 187 230 226 86 133 126 149 177 104 196 194 233 240 171 75 191 129 77 184 238 197 120 213 154 155 276 193 235 158 77 195 252 121 121 99 201 172 70 226 199 277 204 92 271 179 152 89 184 246 138 117 135 0 214 244 99 213 121 253 278 132 181 271 77 260 125 136 207 211 188 262 142 197 201 127 99 173 175 245 234 164 85 132 91 142 216
243 106 264 262 123 84 252 88 70 159 166 175 168 218 141 89 94 129 238 78 225 136 190 98 76 223 228 153 94 273 167 88 208 156 251 186 123 81 244 164 103 196 174 143 159 260 93 170 215 92 229 172 134 203 90 129 72 100 80 70 104 112 122 120 97 241 221 278 251 154 129 241 221 204 163 78 269 218 181 188 191 261 236 218 208 133 141 267 110 186 142 164 174 277 83 221 211 218 168 221 82 244 138 157 93 245 189 0 97 116 151 147 82 129 114 223 71 164 79 143 123 257 204 101 108 261 126 264 140 84 215 98 278 71 278 205 222 251 251 93
237 280 86 216 256 174 151 109 276 77 110 178 216 246 226 201 250 180 240 209 213 262 146 114 222 279 242 83 117 199 86 76 176 103 155 125 233 109 246 223 95 87 133 179 206 201 277 231 194 160 206 271 70 189 72 149 237 221 238 248 228 169 151 198 146 138 160 155 188 78 220 151 257 251 217 104 167 196 258 141 147 246 266 134 248 208 95 91 84 117 139 87 189 153 273 142 227 135 174 143 72 78 207 275 212 149 165 124 0 93 175 224 232 235 90 133 168 212 232 164 277 227 206 165 109 128 126 144 122 197 111 168 255 107 244 228 195 215 237 103
159 239 153 125 129 145 76 83 270 255 170 220 71 241 201 240 233 97 260 243 176 267 175 133 216 180 84 220 280 133 231 236 168 74 124 234 84 266 158 266 234 157 249 236 140 212 75 198 179 162 177 126 204 176 91 174 174 274 130 138 231 248 109 234 91 166 256 214 80 137 231 200 230 222 275 126 220 153 200 171 86 136 108 144 203 137 192 163 210 97 101 134 265 187 163 125 94 240 272 75 142 85 256 231 150 266 237 252 161 0 236 157 145 133 227 81 153 113 279 235 268 261 251 75 169 224 267 237 149 211 226 233 271 204 94 144 141 180 252 102
81 180 259 125 227 114 198 250 78 107 276 112 189 89 209 158 109 157 212 266 185 79 102 82 252 193 100 247 190 153 76 245 155 217 279 85 188 91 120 213 251 185 164 72 175 169 78 186 254 173 199 225 158 146 257 166 129 272 225 187 170 236 255 192 193 123 97 203 266 212 160 245 178 268 252 118 134 117 257 176 135 189 208 106 242 168 197 138 245 152 236 221 257 180 253 246 221 208 265 76 133 76 258 198 259 144 118 76 212 192 0 259 280 161 164 74 267 280 79 109 203 177 244 192 132 71 196 242 206 120 89 82 237 249 175 156 105 234 111 74
100 169 243 262 211 138 237 128 161 120 78 224 144 71 111 108 198 87 213 190 228 151 152 246 173 130 150 84 120 97 104 90 76 154 106 133 149 257 166 257 168 276 200 250 173 181 142 168 211 153 195 86 236 135 200 205 165 143 277 169 121 231 279 141 268 251 206 206 228 230 103 151 128 196 198 103 170 226 147 266 276 214 174 271 228 129 130 202 107 170 205 266 220 172 185 185 138 121 122 186 263 261 204 210 272 151 142 213 108 123 244 0 71 256 221 263 249 261 186 124 216 202 244 170 155 169 154 178 227 189 183 187 214 277 262 181 178 258 108 160
169 96 150 238 253 178 268 273 145 100 221 155 110 220 135 213 86 189 172 79 216 126 218 222 216 236 208 164 260 241 251 145 242 257 249 253 216 161 190 138 215 212 255 127 274 107 222 223 225 224 260 176 179 231 129 208 122 149 129 206 141 109 110 142 125 202 223 242 164 242 213 141 268 162 75 202 173 269 277 163 252 106 83 216 73 204 165 189 118 77 274 244 124 102 253 113 226 225 130 80 264 72 243 83 79 196 243 85 135 110 200 85 0 217 249 112 217 151 98 155 262 94 116 99 88 121 164 127 139 72 79 130 103 231 111 193 91 169 275 154
261 194 79 182 197 241 213 162 76 208 126 270 213 199 141 239 157 71 156 232 268 213 117 93 266 169 134 128 71 90 157 211 89 273 75 178 112 158 134 151 124 205 249 179 179 139 134 84 166 196 186 262 269 179 80 186 86 84 159 183 205 121 160 216 93 87 189 147 205 185 206 220 117 254 136 108 231 280 246 159 157 118 179 225 169 93 92 148 280 120 132 125 108 157 143 101 208 268 150 245 211 172 142 236 91 277 218 200 270 140 200 272 90 0 240 280 191 259 89 125 174 106 255 77 94 93 187 222 119 215 259 197 81 153 170 223 90 191 102 188
278 112 263 267 88 203 81 168 109 256 264 264 242 242 76 161 153 276 196 136 267 241 142 85 76 215 134 255 207 260 205 186 103 140 266 228 120 272 100 218 237 161 85 151 193 260 225 278 222 207 173 178 229 190 272 211 160 127 106 180 190 226 93 202 126 250 220 242 171 164 183 198 225 79 138 126 234 114 113 75 144 131 249 185 122 77 161 123 277 203 260 124 275 245 105 206 240 254 144 176 111 237 156 199 134 108 152 208 172 133 80 247 206 92 0 266 114 250 215 81 194 87 205 197 96 155 192 237 273 144 277 198 235 85 93 127 130 92 121 213
257 234 177 76 131 271 228 140 180 140 240 214 173 88 143 167 98 119 177 89 120 145 187 130 124 78 128 124 99 214 133 87 186 255 193 205 104 217 111 205 157 168 150 92 212 237 178 101 130 126 153 114 215 166 213 131 164 174 231 183 87 93 238 235 251 122 114 133 200 79 222 273 236 251 137 115 269 267 130 220 208 204 80 173 78 266 170 125 105 221 128 99 131 156 166 91 110 270 85 243 107 80 212 192 280 216 123 97 217 274 104 152 98 167 176 0 156 209 80 208 89 165 91 111 105 280 156 247 183 160 195 255 118 159 129 127 235 173 143 74
262 174 213 253 80 117 197 126 238 111 137 110 253 103 171 112 203 189 211 205 180 224 125 73 277 141 182 258 131 230 162 146 133 155 76 232 158 119 252 84 225 157 191 175 171 139 277 203 134 244 251 111 107 97 102 71 240 158 158 142 144 240 92 268 137 216 95 178 91 269 232 236 212 225 256 90 217 218 261 270 185 81 138 241 87 112 217 199 143 253 245 171 234 137 168 117 260 142 209 256 167 156 83 113 263 130 98 153 73 143 235 124 198 147 279 259 0 193 154 280 120 210 199 202 219 266 84 165 125 248 191 77 103 178 276 173 237 192 120 98
223 95 137 88 228 162 131 132 214 197 95 201 218 171 171 240 161 110 84 213 156 174 205 159 108 103 237 149 271 189 130 115 171 187 139 117 245 214 234 203 269 244 255 247 121 172 83 247 225 83 186 228 131 110 145 235 151 255 194 178 260 168 186 186 168 154 251 83 219 272 222 83 227 127 89 107 92 203 126 253 163 162 219 97 139 258 223 261 204 183 249 157 218 98 222 86 169 230 215 183 154 216 229 160 187 137 226 257 190 219 133 87 87 150 109 277 187 0 214 89 159 184 150 256 70 223 232 129 111 263 94 265 226 79 145 111 218 260 163 138
181 149 266 84 272 267 89 245 230 78 230 254 109 205 209 235 148 107 256 212 183 214 97 215 242 192 137 243 145 263 251 130 206 166 86 175 93 249 244 175 247 244 204 196 203 160 96 266 81 115 82 193 74 255 121 222 259 190 133 154 229 204 73 195 180 164 244 231 269 248 252 258 208 234 207 89 235 118 203 224 174 159 196 191 93 268 115 70 273 261 248 214 94 242 139 275 265 245 153 222 275 261 80 253 155 206 232 160 110 239 73 257 226 145 131 117 196 76 0 208 140 234 250 264 202 137 255 155 203 150 135 108 195 108 126 129 156 144 71 225
96 107 248 120 189 233 233 202 93 185 113 195 220 112 273 138 208 151 268 262 93 140 259 155 123 171 122 234 230 108 220 174 260 103 262 131 165 163 265 158 222 280 201 182 73 113 83 233 72 128 177 174 280 93 208 280 187 115 149 161 156 190 188 186 91 107 217 78 118 263 210 90 268 170 234 105 78 144 231 74 99 245 99 90 100 221 84 126 148 239 186 138 152 181 225 202 180 122 72 219 210 243 215 177 111 85 278 230 197 276 110 117 279 152 71 260 115 119 131 0 170 81 77 133 279 136 229 159 105 87 125 75 134 112 111 234 278 254 253 158
252 183 99 92 186 225 107 248 134 186 158 260 170 274 278 200 185 221 135 78 268 153 183 124 215 123 275 168 146 134 276 274 76 269 251 240 102 191 250 271 72 134 260 74 112 75 236 275 159 91 103 154 143 148 76 130 177 132 209 120 155 265 215 156 82 146 237 114 261 118 71 98 261 130 120 259 243 271 157 198 242 266 257 182 280 101 176 136 208 257 203 192 85 234 224 112 115 133 150 241 127 109 192 252 70 76 131 145 161 137 196 157 89 72 199 258 195 154 208 236 0 240 121 135 90 221 140 227 183 165 264 259 181 94 147 193 119 254 201 180
246 268 205 117 234 175 264 231 257 100 185 137 219 133 146 229 238 191 99 243 158 158 261 172 83 164 242 70 247 124 145 128 244 199 156 91 86 134 143 117 166 75 230 95 171 140 280 148 86 73 223 243 132 190 175 103 167 113 136 226 127 152 176 199 133 125 174 179 253 240 251 156 271 240 130 121 110 162 119 94 203 183 84 233 187 147 199 273 156 280 246 191 250 242 272 227 96 156 265 267 89 176 238 88 273 239 76 121 105 129 207 127 203 138 263 74 130 133 151 144 134 0 99 79 258 210 113 225 73 258 176 106 211 152 133 261 197 75 198 150
178 232 218 135 250 185 272 263 247 107 166 84 99 173 112 124 242 105 225 82 241 168 144 269 246 173 144 160 164 186 109 166 213 142 192 146 127 83 217 122 264 200 260 95 135 158 269 169 190 120 226 88 154 86 124 191 236 191 125 154 178 90 135 219 77 190 214 205 203 195 174 229 154 270 262 91 156 273 90 159 79 74 103 204 166 242 209 240 149 246 116 98 87 116 104 191 79 202 186 215 138 270 209 72 82 141 100 192 207 214 173 118 232 192 169 177 172 190 279 78 173 85 0 273 175 82 217 83 159 139 221 279 120 275 259 104 231 180 153 150
183 122 101 130 155 180 219 105 98 125 146 228 94 261 156 240 158 92 237 264 173 155 247 133 192 159 79 211 251 182 126 273 148 213 145 96 189 275 155 279 279 137 202 165 195 96 162 162 99 216 89 274 168 148 205 183 92 254 180 234 228 187 234 135 255 190 273 149 278 99 128 124 138 216 178 92 201 132 214 260 205 218 74 259 240 110 201 92 96 188 149 184 264 107 170 218 208 74 187 160 164 258 189 183 196 249 208 209 215 202 228 183 232 115 78 132 103 112 239 197 108 121 161 0 106 90 123 144 244 199 97 171 93 133 120 221 106 107 274 142
257 194 89 107 204 254 106 232 84 263 164 182 216 137 110 118 207 272 123 246 73 225 239 200 225 160 155 124 208 243 146 276 137 101 90 80 268 74 115 257 202 258 197 267 257 143 182 232 277 188 255 177 159 229 112 248 142 236 212 99 238 233 170 252 84 245 118 138 155 232 124 109 258 161 165 94 183 256 134 269 253 168 280 159 217 119 194 223 88 159 214 110 274 190 181 146 225 276 108 127 93 220 152 244 253 94 71 279 117 148 104 75 93 126 225 142 201 108 197 232 237 160 203 73 0 104 229 252 143 223 87 161 145 124 162 253 264 82 161 249
267 199 247 233 90 236 157 183 260 155 211 201 250 155 254 159 168 127 192 94 111 280 156 245 211 268 121 108 273 240 83 139 197 77 164 129 227 105 220 244 140 111 241 272 92 79 223 70 112 237 244 135 198 82 101 152 198 189 226 90 216 260 111 265 159 133 207 263 141 178 252 120 270 110 252 181 206 179 252 115 172 192 230 121 166 163 116 196 259 148 175 183 233 259 251 118 262 223 199 175 278 135 98 91 87 204 215 117 128 139 227 144 124 208 110 259 88 244 186 154 242 274 75 240 236 0 208 183 89 187 212 276 85 185 116 264 107 116 84 94
202 154 215 104 115 128 84 267 178 258 175 243 171 262 247 123 220 150 170 207 187 236 136 202 116 228 170 197 211 271 236 274 269 218 211 273 270 117 178 235 263 212 175 258 156 178 279 181 205 198 270 89 122 87 112 260 231 244 72 226 275 234 186 225 209 210 121 159 87 198 100 117 223 276 78 85 231 258 76 259 173 79 210 101 219 193 275 145 245 222 258 165 242 106 266 165 180 133 146 121 172 182 232 122 136 165 153 237 70 141 74 111 185 134 72 261 165 259 258 228 199 240 155 77 189 132 0 155 269 267 208 106 182 219 213 280 237 71 171 200
119 221 241 97 197 75 152 176 222 273 235 244 165 204 86 100 192 161 134 245 103 209 81 76 166 202 85 89 191 181 279 104 89 197 79 210 73 140 164 165 267 109 91 259 250 200 103 264 242 112 134 87 120 178 114 120 280 133 242 155 91 108 242 258 184 251 73 262 167 161 225 203 125 269 238 113 129 120 236 262 222 133 276 173 84 110 263 275 232 151 153 97 245 119 188 226 178 86 99 80 133 189 254 166 223 127 146 222 119 203 131 205 122 212 195 280 128 253 138 153 213 210 96 154 219 201 200 0 223 98 153 137 173 132 133 138 81 146 75 197
201 148 165 79 266 232 179 179 122 119 270 269 102 150 137 228 245 268 267 243 152 107 271 209 75 244 240 189 157 195 181 179 238 179 271 183 239 204 159 274 77 165 258 170 245 182 202 257 74 70 172 85 150 200 118 176 255 250 82 91 256 251 156 127 278 129 112 206 194 252 252 118 204 239 94 228 82 122 134 123 251 112 142 205 176 143 214 230 264 125 85 159 237 98 107 199 167 173 232 157 180 166 277 73 232 216 82 208 179 117 97 225 254 179 122 264 249 138 96 77 168 121 133 185 203 167 131 215 0 169 98 215 274 97 129 70 150 141 70 194
268 239 219 232 201 169 180 169 108 255 200 102 249 217 115 74 72 190 164 217 77 226 232 215 153 75 217 223 210 102 269 105 164 127 121 272 106 232 158 130 207 136 217 126 171 132 198 152 262 72 215 188 169 205 115 183 85 144 80 81 165 184 255 189 75 210 188 132 122 280 241 113 201 274 214 226 104 202 151 240 220 91 234 144 104 278 267 104 77 110 205 146 106 97 255 119 159 85 132 164 266 150 81 169 138 117 127 134 71 139 207 203 263 93 143 225 109 279 238 217 133 156 279 241 101 129 138 152 161 0 190 175 268 201 242 170 271 241 120 228
111 195 161 226 138 80 109 92 211 193 280 79 99 225 78 96 190 158 77 122 122 134 205 85 238 131 224 227 111 81 130 152 271 265 117 217 280 202 273 83 106 73 141 240 253 110 207 134 238 170 173 117 201 169 121 251 262 87 218 241 271 81 93 149 155 259 189 138 238 74 157 166 130 71 175 272 204 76 256 98 250 229 103 205 147 71 140 140 200 241 74 271 193 162 195 103 93 127 197 272 147 190 91 159 81 116 221 181 247 114 161 158 108 240 146 101 166 176 224 138 188 203 119 111 235 150 205 75 98 103 0 115 190 271 148 253 158 158 75 160
234 220 240 268 122 161 225 156 165 222 180 186 154 261 85 202 142 183 193 279 169 207 146 119 174 174 171 257 84 153 212 78 186 233 96 278 72 210 166 259 185 141 138 208 89 227 74 255 124 223 77 173 88 200 276 239 178 166 109 122 122 231 253 170 133 186 248 238 78 206 182 237 199 154 145 104 210 97 182 119 199 255 184 272 170 164 133 216 170 161 260 172 194 114 240 244 252 121 141 275 98 206 217 252 249 113 117 90 220 132 101 253 243 164 172 217 134 110 246 99 269 230 174 114 120 236 216 257 193 140 141 0 246 77 170 96 209 200 221 200
275 214 163 278 233 277 157 137 153 133 113 215 144 197 107 186 196 236 97 227 244 201 180 125 200 182 115 157 102 270 181 187 273 142 206 89 245 265 279 156 271 179 196 163 115 107 85 160 147 254 130 183 266 233 78 131 97 137 206 217 74 143 163 120 110 197 78 90 98 239 91 185 163 163 116 251 81 237 181 195 236 244 237 274 130 180 153 176 183 140 189 187 153 184 267 227 140 178 190 126 156 208 230 173 264 220 144 115 278 154 164 194 262 98 260 208 186 235 259 221 182 70 280 131 224 230 75 242 110 94 191 118 0 159 221 79 228 186 219 111
272 174 154 83 82 128 229 176 187 260 110 137 231 151 201 259 123 216 131 143 155 235 234 154 152 102 219 221 253 128 141 92 222 276 199 274 235 71 106 160 100 223 201 112 79 275 186 154 128 275 149 129 213 202 193 121 251 207 105 97 174 225 199 213 98 195 272 89 83 160 116 202 274 140 250 86 178 180 274 210 236 171 164 186 272 178 134 103 72 124 145 91 202 72 154 273 135 145 148 107 236 93 97 168 234 280 158 81 236 106 189 71 191 145 122 104 214 121 267 228 265 105 80 78 154 189 97 125 272 170 213 247 217 0 241 88 274 107 280 80
262 259 243 91 187 216 236 162 202 108 96 195 199 100 103 212 78 81 274 217 101 198 193 124 213 186 140 228 134 104 201 92 249 147 112 83 218 240 187 277 105 124 93 94 91 270 153 241 226 236 277 253 274 163 200 88 268 152 268 211 138 238 130 222 80 230 168 259 189 237 229 266 276 265 268 238 186 270 260 174 115 259 187 138 134 117 106 214 236 99 203 190 139 89 136 234 102 237 85 71 206 159 126 216 234 121 124 223 237 179 79 169 114 202 175 235 274 255 138 210 75 88 195 246 170 151 164 193 220 263 177 194 216 104 0 105 187 143 73 272
96 226 90 192 260 241 129 136 212 171 206 231 245 245 163 219 87 210 173 180 258 78 179 140 166 204 151 150 188 155 181 75 221 143 263 214 262 195 266 140 174 258 228 163 185 111 225 214 248 78 91 164 218 71 121 211 142 248 279 114 215 254 133 110 211 171 202 174 179 133 203 218 95 164 257 236 134 174 113 208 70 177 79 87 272 199 157 233 156 156 170 171 220 240 155 278 123 208 249 164 181 279 126 101 87 278 141 119 268 105 72 242 155 239 80 116 224 159 171 188 213 70 262 198 235 89 211 260 269 165 259 270 103 227 201 0 151 247 260 78
210 107 225 180 253 109 134 225 236 240 261 82 125 225 236 217 267 111 93 204 144 137 86 153 260 120 240 138 227 96 278 269 231 252 259 79 270 255 229 134 277 163 224 240 228 242 80 153 130 117 70 198 126 213 157 195 249 175 144 122 184 104 242 192 274 246 208 221 171 142 274 115 138 241 116 221 270 123 165 181 136 101 140 137 216 99 230 108 209 162 176 222 261 226 164 222 195 189 152 248 184 150 117 234 239 278 198 245 176 255 237 195 182 110 162 76 154 216 154 200 244 277 83 244 82 200 238 97 198 191 105 71 140 134 99 277 0 238 267 157
158 199 244 183 83 259 117 231 231 115 199 253 272 209 156 74 97 141 173 178 207 186 218 254 138 129 129 84 129 236 229 199 279 258 262 80 184 242 224 113 106 163 201 219 78 268 72 249 162 178 230 73 192 222 133 234 94 252 206 252 74 229 137 217 101 155 271 73 125 236 200 227 80 140 171 233 106 153 82 100 80 70 185 275 223 188 75 216 151 101 236 269 172 163 224 130 209 110 145 267 133 106 204 103 196 208 173 142 158 177 245 98 179 182 190 122 119 249 137 132 108 239 158 126 119 75 183 207 80 199 171 273 253 204 81 86 131 0 219 131
121 143 278 265 239 244 206 208 86 202 278 211 109 270 148 115 122 79 181 222 241 173 135 180 258 251 159 237 179 238 89 81 242 238 106 274 101 274 213 70 245 169 72 244 103 190 202 262 269 162 212 240 190 198 128 101 228 229 153 74 141 214 258 170 74 108 156 82 115 231 269 159 193 229 202 139 204 182 207 252 190 153 272 215 241 168 95 189 194 77 269 113 241 199 146 204 225 189 256 161 142 245 126 175 97 193 270 119 259 86 143 241 72 139 144 109 101 184 251 229 232 228 193 133 79 234 87 255 83 215 231 199 151 252 262 227 156 173 0 70
227 84 278 75 191 142 174 198 219 213 77 263 278 220 91 84 181 169 94 82 258 111 190 106 235 88 90 126 174 78 104 72 132 91 87 123 226 225 90 255 187 126 85 133 111 107 122 152 90 86 250 103 221 267 254 71 279 201 196 103 174 208 139 258 280 265 254 194 233 173 152 239 86 206 119 101 145 218 230 247 157 175 264 245 166 110 188 81 140 140 179 97 232 108 183 263 139 259 190 111 140 189 112 236 280 79 184 121 240 259 104 217 74 121 182 77 145 275 83 275 268 265 184 271 199 182 201 120 265 180 149 240 177 190 128 191 185 139 134 0
