140
0 19 13 6 15 20 20 12 15 15 12 9 9 13 20 16 17 10 18 10 18 19 18 13 7 15 8 16 13 17 10 10 8 15 12 15 15 13 13 5 11 17 15 16 19 17 15 14 8 12 7 14 17 10 6 12 5 9 11 19 5 15 18 19 6 9 9 14 10 5 8 17 19 11 5 12 9 7 17 7 9 18 12 16 13 12 17 16 15 18 15 15 8 13 6 11 14 18 15 18 6 9 16 15 10 5 18 14 11 19 19 16 7 6 15 7 14 16 14 14 15 10 13 12 16 7 19 6 9 11 20 17 15 7 17 6 7 18 7 8
0 999  415 663  365 408  82 208  375 830  195 501  221 632  319 535  532 666  168 478  293 683  125 563  151 452  277 571  282 393  351 757  314 632  460 785  225 507  224 391  492 623  492 852  288 488  340 394  373 620  184 293  396 755  499 548  382 846  183 676  422 918  391 463  320 565  343 382  391 630  232 351  251 698  406 685  304 642  354 442  525 657  243 391  458 540  431 492  268 322  362 613  105 591  402 902  474 722  251 292  302 381  427 840  150 437  280 753  289 479  391 708  398 638  446 761  192 385  204 377  346 487  296 337  476 933  445 950  380 577  256 368  412 705  374 826  437 665  529 749  263 437  249 745  376 454  287 531  439 496  297 703  452 608  124 634  144 412  203 234  242 325  285 503  273 746  302 750  419 458  147 466  195 662  281 443  214 542  240 695  339 528  314 663  250 621  307 450  338 573  303 664  201 351  170 306  335 562  120 159  282 638  479 875  267 483  237 578  483 981  247 750  449 655  258 430  402 624  292 652  186 636  289 619  412 898  500 635  468 589  118 539  543 711  283 322  371 651  365 506  457 749  315 484  238 691  216 700  335 566  282 377  332 816  365 839  241 488  161 540  240 345  323 810  296 376  427 711  358 453  349 533  405 714  338 614  502 990  360 549
0 221 152 70 279 103 141 94 269 76 187 98 88 90 185 229 164 252 134 144 273 266 191 184 253 101 157 253 128 103 190 194 270 197 276 208 241 248 200 136 253 108 224 253 111 210 76 211 196 205 161 269 105 81 214 225 279 247 185 155 247 187 200 269 245 201 256 222 230 279 169 230 207 121 262 124 267 111 138 116 212 227 147 261 223 82 114 147 183 147 210 146 111 100 147 130 163 163 226 82 139 258 226 104 258 88 176 245 224 124 86 256 209 270 260 98 276 171 229 112 280 214 109 197 110 115 174 278 141 107 87 105 173 275 242 94 223 213 249 231
161 0 231 269 141 160 255 268 170 133 124 105 261 178 137 138 132 174 266 149 279 121 179 72 223 236 205 243 206 267 155 85 72 154 75 94 162 122 211 127 77 176 84 198 258 270 73 91 161 266 236 159 242 277 225 216 145 271 271 207 93 192 159 105 180 151 225 208 131 100 172 220 230 216 231 114 111 138 233 186 207 90 221 95 149 190 138 83 131 215 168 214 115 105 166 97 87 102 223 214 76 93 257 200 254 167 117 222 181 175 213 204 123 176 118 108 280 276 196 89 243 236 252 257 71 252 268 238 97 156 78 188 124 227 196 75 205 179 268 158
177 264 0 111 116 149 130 147 124 175 97 188 126 183 257 108 206 215 263 74 256 242 118 253 203 139 222 112 197 273 258 98 125 187 236 157 77 79 178 111 118 80 211 187 135 243 179 127 152 80 257 200 226 194 193 150 156 78 85 78 90 275 202 125 265 218 75 97 191 273 269 221 189 70 162 246 274 184 252 207 119 225 189 91 135 96 238 96 223 83 182 124 263 272 146 275 181 272 177 184 107 256 170 85 268 176 204 109 76 164 181 72 236 89 226 226 144 138 90 149 73 173 84 212 157 151 150 192 272 192 198 217 201 110 209 78 256 203 210 187
230 122 106 0 243 270 165 95 192 243 213 87 241 247 102 209 209 243 165 73 198 169 147 232 115 201 131 86 200 249 210 79 87 90 72 139 128 92 175 79 84 220 214 100 170 214 280 153 274 251 98 261 70 155 100 95 255 97 228 228 105 111 183 280 212 240 123 240 257 229 252 245 167 269 165 117 140 208 105 229 91 131 146 133 82 152 219 96 135 227 198 253 152 144 117 144 86 149 79 147 76 95 87 266 247 77 104 252 205 244 136 215 145 125 177 240 87 217 166 193 211 277 165 143 261 280 255 176 173 185 124 252 92 75 206 160 173 189 256 181
70 136 136 90 0 124 135 117 76 221 252 90 127 198 213 264 277 156 90 115 226 81 182 127 154 219 265 123 237 184 246 253 257 266 171 175 121 82 268 188 196 264 126 151 213 76 216 196 193 262 125 244 222 209 231 130 164 200 249 242 207 258 263 110 144 93 154 205 153 186 185 115 147 123 169 138 221 176 170 260 177 161 173 222 87 89 130 88 249 142 189 252 199 259 245 80 166 175 107 82 93 272 184 86 191 106 130 236 199 256 80 251 238 258 114 206 100 270 98 205 246 243 231 206 240 218 125 85 118 187 264 272 181 84 177 112 256 233 253 250
248 129 182 106 91 0 86 278 142 128 249 198 211 75 262 149 204 153 262 90 206 264 267 276 89 188 246 252 126 182 208 79 119 225 259 91 250 256 191 260 183 265 188 262 268 123 205 149 187 135 119 144 183 84 185 140 154 185 184 180 79 97 257 171 71 146 96 249 194 167 98 248 122 134 223 279 185 278 190 255 172 204 136 178 249 131 229 178 117 268 266 105 199 199 168 259 256 261 131 95 165 206 119 278 104 94 134 195 245 226 249 262 277 274 129 197 198 100 217 117 124 70 209 188 129 101 239 195 124 167 235 148 103 182 213 151 102 265 203 235
186 215 133 230 159 221 0 123 256 220 205 194 152 106 173 224 227 240 127 263 230 236 109 211 154 77 258 265 155 229 231 148 191 279 219 80 118 141 152 183 237 162 170 206 240 91 263 209 211 184 83 180 142 252 173 249 180 132 200 233 141 199 257 165 253 194 132 265 77 90 123 111 232 74 216 162 155 203 113 227 82 230 81 206 212 72 248 167 111 131 139 170 78 256 137 96 237 237 184 101 240 276 219 276 269 198 245 204 250 201 177 76 225 239 178 212 213 264 100 87 90 199 197 145 255 193 231 185 270 82 224 91 165 107 83 76 172 148 134 276
188 217 97 198 214 278 238 0 217 101 119 234 181 258 149 128 274 260 150 81 209 120 169 193 125 164 271 122 152 252 279 100 81 179 115 223 166 112 217 262 251 143 184 162 259 99 163 243 149 82 149 263 163 224 223 184 274 214 226 139 95 135 252 173 240 234 212 85 126 166 189 85 261 105 89 220 116 176 156 236 211 159 269 228 107 250 201 103 115 106 144 147 198 151 199 246 237 118 197 218 74 78 149 198 258 181 107 178 237 235 139 230 100 131 120 218 190 239 124 77 199 135 96 272 256 233 216 118 245 220 117 247 76 149 202 167 236 116 120 131
280 233 128 156 201 215 141 118 0 268 249 238 256 73 115 242 274 111 149 265 87 217 122 253 182 171 246 250 117 122 111 240 146 185 244 144 210 267 150 132 165 161 212 219 187 170 256 251 179 186 264 190 100 163 148 108 241 96 78 165 81 174 220 187 138 179 105 241 87 193 187 156 106 184 219 237 171 76 152 81 134 140 223 250 212 145 156 215 142 178 111 279 239 203 118 218 257 192 229 130 156 256 268 129 71 111 255 253 129 97 141 94 167 141 254 144 218 159 141 92 275 208 91 242 158 244 186 257 227 85 96 221 276 152 70 151 115 259 121 254
255 270 179 185 156 225 125 136 229 0 157 102 237 89 135 130 128 164 173 163 179 166 80 162 253 87 184 113 107 77 255 236 176 119 231 252 79 219 77 200 226 268 173 107 245 145 188 152 275 277 243 235 133 273 100 266 243 246 198 209 101 236 82 142 194 149 254 73 258 177 126 188 116 142 94 196 180 217 105 164 232 160 267 115 103 83 177 238 70 253 105 134 196 217 192 146 228 98 81 150 248 183 114 271 76 217 135 147 90 141 254 184 85 182 127 158 109 78 74 201 125 252 132 279 278 158 231 152 273 252 190 247 257 112 180 109 150 158 208 71
134 261 72 273 123 194 261 209 133 264 0 178 92 172 186 164 210 258 250 142 245 245 134 89 120 185 176 83 194 78 150 91 70 206 153 92 105 196 98 78 128 224 189 278 242 167 250 98 170 130 171 96 150 233 111 262 137 172 161 241 205 169 246 238 196 149 148 174 175 245 202 166 269 117 172 127 250 279 175 241 207 76 80 134 142 184 276 230 132 126 168 158 214 106 123 84 169 268 116 227 209 156 168 71 226 251 149 106 231 165 141 94 243 130 101 279 99 118 206 230 275 191 94 252 157 222 252 125 212 121 146 190 168 273 132 137 87 275 171 200
200 128 82 207 259 115 219 91 267 132 105 0 175 201 211 76 87 185 176 100 237 219 202 76 117 162 190 204 149 116 235 181 254 159 83 229 221 187 170 157 221 259 221 109 248 127 77 202 94 144 224 117 225 201 129 228 267 235 279 232 172 105 191 208 147 260 133 274 168 187 83 76 112 108 77 239 95 237 120 190 109 166 114 137 246 128 191 205 84 188 143 220 98 132 163 259 182 136 240 180 136 139 202 246 148 264 168 147 207 203 77 135 260 116 143 85 114 249 113 114 199 232 126 238 194 136 113 79 271 257 172 178 108 206 101 248 88 218 108 92
253 187 135 108 174 94 157 226 179 170 157 214 0 161 190 109 149 224 82 234 90 205 206 227 203 238 114 101 173 147 190 92 89 210 107 88 122 104 160 218 274 184 252 113 203 140 156 158 136 165 216 280 244 147 270 99 114 167 119 162 229 246 220 147 242 138 140 170 163 94 277 197 110 124 195 121 133 252 164 185 180 180 276 132 201 96 184 252 210 274 138 194 161 219 75 266 99 280 210 216 166 174 183 98 74 133 181 175 277 193 123 78 160 213 245 155 83 78 132 121 216 111 161 279 268 145 244 225 85 229 157 276 152 235 188 197 229 72 180 96
235 183 135 246 94 265 253 156 198 104 95 268 113 0 280 218 130 273 208 199 176 83 110 153 268 270 137 87 192 147 243 255 263 233 211 145 276 280 146 76 260 182 160 205 268 229 188 196 158 229 205 176 77 156 111 255 105 215 253 217 111 195 232 75 254 181 126 87 79 71 159 275 253 195 231 128 218 224 103 135 155 271 181 88 187 160 124 168 118 85 194 219 193 172 168 232 93 113 181 138 125 150 251 105 272 183 280 108 125 199 101 267 128 106 213 154 262 252 231 209 276 103 116 248 208 122 276 230 178 237 136 146 253 209 84 146 269 75 184 242
146 223 249 224 179 168 253 172 97 85 255 270 193 196 0 116 167 144 96 268 107 204 242 70 125 185 135 220 84 221 88 201 101 81 265 164 137 129 74 247 232 178 222 126 234 83 135 84 108 259 265 94 170 227 144 176 174 165 220 109 273 183 206 232 102 77 102 116 272 137 83 190 110 164 204 81 88 254 172 225 261 234 243 273 217 259 111 103 210 95 103 163 108 189 70 280 99 173 172 75 273 75 233 204 133 223 79 174 135 218 121 273 270 228 185 119 105 232 197 184 131 74 154 169 113 91 217 187 171 224 117 116 268 156 256 126 94 234 252 122
107 182 153 181 145 106 189 106 81 95 140 275 73 262 169 0 202 216 100 190 108 70 71 138 143 134 107 212 112 216 187 251 104 240 216 184 131 260 177 146 127 183 214 160 120 261 82 106 266 217 239 119 245 221 144 222 241 204 95 163 237 278 80 93 81 273 139 137 267 272 180 92 176 229 181 139 120 123 172 228 148 81 147 276 116 74 70 215 112 105 111 173 207 178 245 219 78 269 98 267 164 164 116 262 214 198 191 86 219 127 184 146 224 105 240 147 246 143 88 150 265 125 256 174 176 184 278 133 202 204 246 82 93 246 210 129 75 227 262 212
209 145 82 156 165 257 117 186 179 95 116 71 94 228 215 95 0 268 254 128 211 139 229 278 266 145 96 189 101 177 85 155 171 158 178 98 242 250 257 270 190 269 265 89 268 256 90 260 210 205 83 212 110 119 210 183 262 206 218 262 217 140 172 208 173 77 194 240 121 194 111 211 146 71 90 268 275 257 189 227 190 114 226 197 183 84 208 146 74 163 187 262 87 230 151 137 267 85 164 191 245 91 86 216 196 272 192 164 121 249 141 76 262 152 228 179 117 145 84 248 225 210 167 226 238 235 249 188 112 139 70 239 233 177 179 89 169 147 197 132
228 276 79 123 267 94 186 111 168 104 71 274 195 143 273 205 214 0 250 156 274 240 76 129 164 277 202 171 106 122 184 280 272 216 233 192 184 138 277 77 203 262 245 123 95 262 175 224 165 203 263 191 210 115 148 109 146 217 128 224 244 88 91 92 216 95 270 155 147 117 239 89 224 239 112 209 235 167 94 163 116 241 134 240 255 155 189 151 216 92 258 203 155 99 236 233 207 149 206 202 115 155 72 192 183 119 186 86 247 89 200 149 75 89 102 201 203 278 266 143 258 99 103 85 97 267 280 175 260 166 87 244 158 192 77 89 190 189 70 223
130 129 120 108 104 220 156 205 173 226 114 278 133 80 177 169 276 92 0 226 174 127 237 226 255 278 145 218 151 214 85 239 165 197 113 128 252 108 277 101 259 192 72 194 242 215 186 173 137 139 154 106 202 220 152 194 275 192 210 269 182 94 148 128 180 77 245 213 89 210 267 182 158 142 87 183 210 98 214 78 89 272 280 163 222 93 71 275 86 156 192 95 78 156 234 117 206 182 174 255 242 72 150 103 168 75 94 121 115 244 179 212 131 170 219 206 93 98 129 218 249 270 111 133 245 82 96 162 168 113 254 209 134 114 158 232 224 79 130 103
176 91 240 83 277 277 85 278 186 235 187 147 149 245 140 192 125 274 210 0 83 137 173 88 83 261 97 171 247 168 188 132 184 195 248 88 117 229 197 79 271 176 146 158 154 77 76 265 134 130 247 132 266 178 250 241 189 93 170 217 199 178 73 78 257 99 252 269 142 71 133 212 113 225 112 189 91 70 74 158 267 84 102 173 144 90 188 174 271 203 81 228 131 115 154 151 104 216 103 220 104 171 233 162 71 83 97 174 147 245 127 130 254 205 177 150 254 125 251 274 198 214 213 152 229 79 270 187 128 183 232 248 145 199 128 267 249 241 76 280
200 125 72 80 252 128 175 268 112 134 159 85 85 243 162 187 138 213 101 70 0 137 124 245 135 120 227 277 206 111 241 193 147 230 192 77 186 248 209 181 143 226 119 73 126 157 267 255 272 191 126 235 169 100 73 221 185 169 230 257 214 104 231 271 275 121 104 145 135 176 138 243 101 257 180 212 242 238 218 238 252 81 125 214 152 83 155 173 238 119 129 87 70 193 163 191 227 149 269 125 109 91 258 113 231 110 103 81 227 267 170 275 102 102 236 206 82 236 203 180 168 82 184 152 263 75 80 178 80 262 250 269 240 220 86 105 276 154 161 72
150 233 105 114 104 179 241 95 204 274 226 270 138 226 81 208 113 215 277 253 168 0 238 191 203 254 148 158 82 267 197 176 121 100 257 216 164 274 152 168 273 73 112 264 80 244 271 154 197 248 149 204 167 216 123 266 135 196 173 238 145 244 162 159 115 143 154 87 185 185 245 165 211 251 190 128 132 203 195 72 237 266 93 70 259 241 73 141 166 117 215 93 132 270 211 176 245 205 236 240 189 148 116 239 184 240 116 201 241 204 237 158 198 268 99 189 81 203 243 128 192 151 96 161 206 176 101 263 114 209 157 110 211 123 135 245 227 246 135 126
149 162 130 141 164 241 88 280 84 108 168 148 254 234 165 136 202 102 239 182 270 191 0 142 75 186 106 187 215 261 204 216 109 234 183 218 227 241 163 268 142 248 266 135 148 111 262 148 278 109 152 192 177 255 279 87 242 153 142 253 235 198 163 159 73 278 199 81 95 269 120 197 204 170 246 213 91 151 254 232 209 118 209 205 232 165 223 234 150 199 274 109 81 130 139 172 125 266 271 250 203 148 189 141 241 102 131 107 279 101 154 111 244 246 235 85 144 264 75 220 131 109 175 180 158 215 139 274 195 196 93 129 130 99 260 165 157 126 182 224
78 148 91 72 207 278 212 159 165 142 158 192 263 197 217 230 259 145 127 126 272 71 135 0 263 179 193 188 115 122 271 238 88 180 189 237 99 172 266 222 168 82 120 247 99 254 273 120 152 129 84 169 196 172 195 92 249 77 274 232 119 95 118 229 151 131 266 71 189 264 104 240 264 129 207 230 170 176 108 105 179 178 170 144 93 158 246 150 272 208 121 80 157 104 112 194 183 195 146 232 144 155 168 70 224 227 117 241 118 207 220 265 119 154 181 214 135 266 182 102 222 212 123 174 201 210 211 78 125 249 255 83 106 174 246 153 98 186 218 73
116 220 118 244 196 216 257 170 241 198 214 195 105 81 263 191 164 131 70 86 159 111 179 79 0 112 146 193 200 122 196 277 179 124 267 263 74 239 159 163 267 70 216 131 143 215 76 185 77 118 123 252 121 277 102 128 216 240 184 180 171 266 247 72 164 90 198 136 90 157 174 82 126 169 80 104 221 144 262 95 143 93 122 73 263 89 156 146 251 192 224 120 99 84 198 260 262 197 80 173 100 267 257 265 236 140 143 184 160 169 172 97 240 123 268 99 268 223 143 210 164 280 280 222 91 245 274 96 187 164 160 213 99 260 207 269 96 275 214 277
151 132 160 165 195 79 150 205 105 198 186 204 88 252 247 80 182 108 98 232 232 159 271 216 71 0 163 213 148 160 123 254 113 202 202 208 227 194 110 143 255 116 221 238 237 193 192 244 109 219 131 163 171 272 254 75 182 75 258 74 153 179 162 183 189 133 215 191 101 180 202 230 142 143 212 250 119 165 269 135 221 109 260 238 146 71 95 262 152 95 147 86 196 83 243 223 259 279 268 173 213 222 225 78 194 138 230 254 259 169 162 81 233 156 263 215 199 217 210 92 257 85 118 210 102 155 172 90 195 265 86 96 154 195 141 223 268 202 216 230
196 123 213 198 94 131 179 110 243 182 243 214 125 172 177 221 280 152 114 201 125 234 81 134 226 274 0 95 178 126 180 237 99 112 141 141 201 185 241 153 275 273 70 98 172 109 86 82 197 252 74 143 85 88 107 186 125 113 209 234 245 159 252 190 209 225 198 209 173 148 72 113 182 280 219 259 215 85 177 280 240 270 229 240 118 169 182 152 199 205 220 263 106 243 164 170 213 227 173 249 167 256 185 108 231 176 160 233 115 223 192 207 238 132 140 120 120 249 134 177 204 120 267 232 118 113 139 98 206 148 203 262 102 134 219 248 263 142 104 117
115 109 199 128 188 227 111 123 252 151 111 167 241 257 210 234 168 79 187 222 91 273 236 255 259 152 82 0 187 240 266 140 135 128 77 266 144 239 150 93 262 90 122 110 96 211 99 272 124 162 226 216 136 258 120 190 149 112 130 73 110 203 117 169 97 245 215 152 126 87 168 198 151 102 262 255 153 226 184 200 158 126 124 276 146 165 132 90 268 76 83 88 91 186 280 235 102 201 138 240 74 276 84 108 172 98 100 248 110 79 163 119 72 224 73 95 140 197 94 147 253 166 189 223 98 110 222 173 208 254 127 273 108 204 89 221 243 166 137 268
177 71 138 275 231 72 233 216 276 162 157 193 231 241 138 108 160 165 236 233 80 204 268 155 116 103 269 117 0 131 157 226 136 126 117 166 213 197 125 139 92 93 222 210 110 213 73 172 147 164 110 262 159 238 279 167 172 212 119 103 209 219 202 94 188 82 119 115 190 254 261 238 71 194 146 280 146 79 173 159 154 71 279 189 203 160 243 270 160 154 139 164 223 183 280 132 94 106 115 132 160 245 187 218 183 129 168 231 210 223 135 78 228 106 253 237 156 116 97 90 270 108 211 173 106 221 87 274 186 208 226 117 145 273 200 192 204 227 183 250
163 242 122 239 150 184 247 224 208 261 269 278 210 105 189 128 106 118 269 153 111 134 212 96 72 90 209 89 188 0 277 127 220 140 163 104 107 208 239 156 241 217 190 255 131 114 230 224 103 154 215 237 279 265 100 253 116 165 258 233 231 96 70 72 162 229 277 85 177 163 231 73 115 110 226 77 274 131 259 73 254 162 253 177 206 239 211 121 253 191 120 219 172 154 218 93 202 178 157 117 245 155 140 115 124 114 267 263 120 100 114 161 279 189 161 263 200 224 71 115 101 162 229 277 199 232 227 245 237 277 70 198 238 144 120 263 161 125 115 163
134 243 177 82 190 73 186 231 195 140 107 236 104 168 191 168 184 225 161 204 239 168 164 135 251 175 253 236 265 224 0 186 180 232 211 81 135 231 184 251 143 208 208 88 119 272 116 218 250 169 261 242 245 204 226 177 105 126 279 110 266 197 218 265 194 104 203 124 187 113 190 204 159 142 81 192 253 278 82 113 199 111 153 149 237 210 252 203 267 168 156 136 273 178 162 270 219 219 74 236 216 183 101 246 144 232 177 213 270 191 276 96 101 164 239 274 117 152 271 148 256 140 213 134 105 97 256 215 220 210 235 240 191 164 221 71 79 226 247 136
125 223 106 231 256 191 138 222 73 280 273 259 166 138 244 153 86 79 130 103 101 140 210 109 178 72 241 131 258 103 198 0 215 220 88 143 169 248 203 83 267 184 239 155 217 230 192 136 74 242 223 276 190 179 198 183 271 264 252 88 249 90 72 178 149 270 167 128 177 184 243 185 215 152 203 160 248 166 98 245 136 201 96 222 103 91 238 105 151 212 89 105 152 83 251 92 134 260 115 199 175 275 75 212 180 165 221 81 164 260 202 266 267 87 104 250 130 104 188 160 117 95 118 153 72 150 272 241 266 224 192 237 130 168 274 274 135 239 171 276
165 234 203 114 118 71 232 200 222 224 278 257 89 180 195 162 199 83 135 238 140 132 218 172 200 155 179 200 226 155 252 167 0 99 270 245 131 140 94 260 261 180 222 114 95 179 105 152 228 166 236 103 180 245 228 252 74 137 221 93 139 102 81 206 270 139 90 81 248 113 85 264 93 103 237 136 228 119 154 89 107 265 123 259 139 239 148 212 127 94 78 170 218 131 240 233 75 84 83 168 117 225 267 278 174 176 108 209 264 171 79 154 137 170 240 82 189 216 236 253 199 188 93 270 179 236 178 103 280 114 204 87 87 185 204 145 171 206 204 205
223 265 263 191 142 72 192 176 108 151 124 90 265 166 220 169 184 138 120 186 107 70 131 258 143 130 196 255 244 162 155 278 136 0 158 229 249 78 110 241 77 271 161 100 129 200 105 211 99 172 258 277 149 151 244 218 214 228 87 103 200 93 113 279 149 155 175 184 116 96 213 84 132 85 235 266 227 104 271 259 235 118 118 193 94 247 115 253 181 119 80 97 234 259 153 126 244 278 162 124 264 221 254 124 172 140 261 106 247 160 183 198 127 210 145 221 115 256 232 250 277 115 163 248 230 120 268 86 213 154 205 194 159 275 115 188 125 271 272 70
209 179 269 160 264 131 218 84 86 173 113 206 216 114 75 86 100 258 263 111 136 139 192 89 152 147 151 233 146 121 105 165 204 197 0 218 84 102 279 115 253 242 156 75 77 224 240 165 139 225 99 249 114 198 98 73 218 247 117 135 272 89 159 233 152 138 111 266 98 187 211 100 258 168 136 201 237 72 106 277 235 221 181 108 87 247 182 253 256 210 274 141 241 92 93 190 165 222 177 250 71 263 183 174 92 133 245 113 152 123 237 163 103 98 233 244 150 257 236 277 164 225 230 222 223 220 160 94 178 185 185 177 126 154 195 228 127 270 236 151
146 190 218 89 219 223 230 203 104 95 146 133 94 188 187 181 185 90 232 162 171 263 70 242 111 199 228 149 231 115 267 234 193 82 173 0 229 227 213 140 83 101 94 99 267 258 232 149 238 121 246 86 149 96 173 137 279 138 181 209 165 78 124 263 155 258 129 145 236 129 262 209 173 169 114 176 226 142 269 175 211 134 233 218 199 220 80 196 102 258 149 156 83 273 118 203 250 212 198 119 78 74 268 167 100 270 245 270 152 197 70 138 131 204 251 202 254 132 87 158 76 141 92 268 137 143 177 81 82 240 117 272 246 104 71 246 165 202 173 205
84 269 83 168 103 203 264 198 258 142 111 264 251 155 179 158 143 212 227 88 179 136 167 233 261 102 269 143 90 175 146 139 87 97 259 243 0 75 222 209 247 176 242 198 108 145 193 78 265 268 135 270 159 223 245 231 105 103 257 246 106 224 222 280 229 170 111 167 106 208 267 84 177 266 202 86 124 157 234 129 119 80 132 127 92 196 103 184 146 102 121 91 92 186 89 209 89 191 202 252 274 84 94 172 86 95 232 146 109 225 190 235 165 118 272 158 224 174 225 255 195 276 274 204 164 259 232 195 165 263 163 156 278 226 227 249 182 155 73 222
199 245 100 266 108 123 106 213 247 139 259 273 174 207 150 155 275 219 276 246 119 109 98 162 116 245 225 261 261 120 265 197 200 279 123 152 200 0 253 152 175 197 134 260 132 113 181 209 228 73 111 249 194 98 178 201 206 157 129 92 269 182 199 80 119 191 145 149 174 218 163 72 243 114 137 210 264 272 118 233 152 112 253 85 150 237 143 271 81 186 115 80 90 101 223 269 264 215 245 250 84 99 246 118 231 142 252 279 187 103 186 105 94 250 208 248 133 139 91 250 206 93 110 176 279 110 202 169 89 104 128 207 231 190 131 227 149 109 125 148
264 271 245 249 248 269 181 166 152 91 116 141 276 184 180 131 166 182 74 209 254 90 103 245 119 75 199 111 70 137 91 266 93 209 189 112 159 275 0 149 134 73 218 197 217 262 232 70 131 97 150 73 82 168 123 100 241 229 213 245 122 146 216 79 112 272 93 201 177 91 91 90 148 202 224 207 240 215 253 255 73 77 74 114 212 234 159 190 185 220 78 142 261 176 271 253 71 196 225 210 198 212 135 181 81 72 143 271 196 246 249 71 236 181 74 228 197 180 101 74 174 108 94 203 146 176 246 188 102 152 144 133 164 78 228 249 86 176 208 220
278 72 235 103 274 223 234 276 121 93 232 111 277 81 148 275 194 271 89 209 92 268 90 156 99 142 174 110 195 197 86 241 153 89 226 157 83 114 241 0 235 147 70 152 99 150 137 126 226 185 240 249 154 151 188 199 149 265 263 114 215 84 87 133 274 182 259 249 151 263 220 270 163 135 128 113 261 171 218 197 82 265 74 96 217 80 232 201 96 257 204 157 185 279 206 133 96 250 269 155 158 105 128 231 134 175 175 148 160 220 116 261 265 231 244 139 264 154 96 215 79 124 137 249 190 175 83 75 126 82 223 160 107 125 246 105 102 233 162 216
265 114 142 123 267 135 73 202 270 240 195 227 199 80 159 179 276 83 104 208 258 206 214 161 165 151 256 160 274 274 210 274 175 272 213 250 185 169 239 167 0 181 217 106 239 194 145 172 238 126 192 82 156 127 201 89 238 157 100 235 278 183 139 94 112 204 70 161 170 169 83 75 129 104 232 239 142 214 229 202 94 206 84 98 75 88 147 275 222 133 115 171 225 122 128 187 187 267 178 256 144 121 173 149 234 163 119 123 127 104 70 216 92 250 201 131 254 256 188 244 211 139 89 193 157 102 205 217 255 232 204 212 184 186 125 163 275 242 234 249
210 195 264 238 173 187 114 276 106 230 76 91 244 87 100 109 162 274 243 276 113 190 118 78 219 138 70 279 248 272 221 124 144 225 129 236 87 169 235 196 256 0 146 105 162 153 229 104 166 122 95 184 109 211 212 224 228 212 181 243 173 199 231 274 163 266 265 236 209 99 120 185 140 231 278 214 274 250 199 96 253 149 77 116 240 135 75 262 213 202 103 234 115 121 183 169 220 271 115 262 219 180 236 160 219 170 84 120 205 89 262 173 102 98 179 229 268 143 127 276 171 268 107 70 221 108 267 233 237 251 159 96 215 200 169 163 215 133 189 136
98 253 122 204 247 274 266 160 176 194 258 123 152 249 273 212 199 82 172 273 135 219 240 162 168 122 165 75 139 89 214 148 239 179 161 118 153 104 226 160 143 270 0 255 126 88 100 191 175 137 88 278 100 123 177 186 104 145 188 114 78 231 74 127 130 106 161 165 154 117 269 252 231 168 208 142 116 122 75 181 161 73 266 231 121 182 75 262 84 120 276 197 204 239 247 222 224 111 94 239 216 195 181 125 176 163 237 215 113 175 238 120 133 201 148 161 111 75 70 132 105 168 155 165 271 163 130 150 267 207 273 129 137 204 166 85 109 163 259 110
160 250 73 75 188 232 157 234 79 198 187 142 202 199 141 224 128 239 267 165 127 261 91 225 171 147 184 93 149 213 259 71 212 111 156 213 138 130 231 144 263 242 222 0 188 222 173 71 238 118 149 189 92 70 277 204 99 270 222 266 185 250 269 83 180 212 105 112 152 267 169 117 171 151 195 92 213 137 279 78 152 95 199 271 140 157 95 265 188 263 98 177 214 135 76 188 89 260 87 136 204 106 179 104 154 149 126 177 233 157 136 175 186 144 236 115 115 104 165 271 238 254 119 119 247 99 175 253 255 132 108 140 238 230 111 105 133 216 115 96
230 76 246 213 181 154 80 232 236 145 76 138 117 94 182 213 122 177 140 246 209 97 209 81 225 74 161 275 101 232 205 258 240 183 133 104 221 278 106 243 213 74 231 276 0 70 155 202 182 140 121 186 140 216 159 275 104 166 118 96 105 94 238 227 215 113 128 134 175 268 182 250 85 90 226 75 107 86 261 114 248 86 165 189 213 124 176 162 136 88 207 176 250 89 121 239 197 148 204 134 160 114 227 90 112 267 83 84 251 197 146 145 109 269 90 205 105 273 117 87 150 119 150 139 185 278 147 85 90 238 225 222 120 272 234 117 145 88 217 115
264 82 158 162 194 230 147 252 90 249 259 193 261 215 278 77 117 258 278 266 266 138 73 100 182 257 232 201 243 155 246 95 266 187 152 76 241 122 220 232 117 211 182 76 148 0 102 103 209 131 240 148 197 128 238 268 134 110 225 96 180 219 184 149 142 86 259 193 259 243 126 205 86 244 255 268 190 202 79 128 264 126 79 184 244 159 90 117 216 228 175 202 183 252 169 88 71 243 177 193 177 74 108 185 198 184 159 182 96 189 117 237 97 190 192 214 132 168 234 80 154 130 277 137 138 141 273 255 259 109 102 106 198 227 72 139 152 89 192 226
100 142 194 266 95 216 145 243 191 271 149 188 254 172 225 244 248 145 166 151 77 221 250 123 83 80 244 259 202 97 155 206 120 80 184 96 151 267 246 267 81 276 215 118 232 214 0 134 223 233 118 148 118 213 271 235 230 210 270 170 103 176 120 213 246 86 129 79 120 138 108 93 130 174 109 203 275 166 269 251 193 138 176 203 136 232 118 78 213 178 134 177 77 259 249 83 191 163 119 90 157 162 86 79 188 85 259 112 70 248 94 104 148 280 74 72 116 279 226 184 133 206 136 280 267 211 193 210 190 254 159 251 108 149 118 209 229 181 106 88
275 258 152 123 100 114 170 116 90 109 71 84 113 164 244 97 262 266 204 151 88 126 189 265 203 267 139 161 216 280 233 117 267 171 71 76 261 147 174 125 238 103 276 88 154 208 140 0 174 83 80 180 160 210 172 74 83 84 171 226 158 85 129 111 152 241 216 252 245 258 262 171 197 238 180 118 81 243 209 266 74 96 237 99 155 181 218 184 275 91 192 246 239 70 123 270 157 230 221 276 245 162 198 71 190 186 212 130 233 160 190 154 89 241 136 164 192 120 134 77 254 96 279 171 168 251 178 121 83 155 98 163 105 248 199 226 79 255 228 85
80 264 264 151 169 144 203 144 272 175 210 212 233 223 104 127 114 81 276 244 136 198 92 145 164 158 242 72 221 247 111 167 135 163 83 181 113 223 97 231 199 126 237 273 146 188 119 258 0 270 257 98 97 189 131 227 265 134 232 133 210 90 272 240 148 220 180 130 227 72 121 198 221 177 86 79 229 137 113 96 98 134 195 207 257 71 216 73 103 107 95 247 182 181 140 88 261 125 280 271 132 184 190 233 71 85 212 234 123 156 207 178 207 185 113 86 120 194 158 201 145 184 143 266 125 178 218 91 166 131 208 211 170 203 242 119 248 225 185 244
218 73 261 170 178 245 218 223 94 260 259 273 225 76 163 158 150 106 168 231 82 267 189 245 133 229 112 111 176 143 161 83 111 154 153 85 169 207 123 161 260 156 273 191 111 192 248 265 80 0 149 86 269 278 127 72 280 242 233 143 252 135 114 199 130 171 227 244 136 192 71 154 202 192 257 72 260 102 150 184 94 102 245 203 200 123 225 228 234 122 229 104 193 107 170 147 94 246 252 279 174 118 257 172 245 247 189 98 277 187 168 116 116 136 95 255 262 183 113 164 70 196 146 192 227 112 211 219 74 230 204 260 251 272 164 72 87 278 271 151
179 168 94 100 103 74 83 149 156 162 123 165 76 147 250 170 250 166 170 91 174 263 177 203 103 277 263 253 124 244 89 263 72 140 87 260 163 132 104 165 200 95 204 80 89 119 222 148 145 109 0 109 261 254 144 103 175 169 270 220 234 139 238 137 103 152 167 172 157 214 150 233 115 84 178 199 76 224 243 173 93 253 214 158 276 150 163 261 143 106 127 267 165 124 109 204 185 242 158 137 141 273 248 228 210 168 164 150 207 127 244 234 86 195 200 178 150 109 122 220 170 271 121 225 145 213 157 154 164 248 277 151 219 144 180 258 163 149 209 266
268 169 210 105 235 191 152 249 204 95 266 130 73 253 280 147 169 156 160 244 96 214 239 160 165 201 158 162 132 117 167 207 212 254 252 144 218 192 147 98 155 251 106 211 269 132 78 115 267 95 150 0 222 258 280 112 254 216 207 210 95 247 232 130 156 175 90 122 107 140 133 97 169 184 81 247 279 113 138 187 122 216 182 253 213 88 90 143 253 255 83 176 229 191 112 116 140 168 81 280 85 96 123 132 110 81 116 266 178 162 186 276 204 262 234 104 152 216 145 198 110 266 143 178 226 176 123 277 209 178 159 145 75 218 197 183 246 266 236 259
152 109 121 158 242 195 80 103 102 276 122 144 101 73 262 208 98 225 78 92 218 263 155 244 91 91 246 280 221 211 229 118 152 179 250 192 194 176 125 174 136 277 222 267 191 243 185 137 279 253 72 133 0 152 229 81 184 267 190 189 112 132 86 114 206 173 188 185 173 255 201 215 114 262 210 125 101 222 124 116 274 70 202 109 140 247 128 254 171 280 232 222 188 80 132 92 246 236 133 201 127 218 149 265 92 86 75 99 170 122 169 243 135 134 270 212 126 234 200 267 84 203 70 96 228 267 212 208 72 279 155 273 74 96 143 223 112 275 97 147
265 93 81 209 181 71 261 142 201 192 139 96 159 208 176 77 153 212 165 73 119 143 139 133 194 227 255 159 239 201 195 252 162 236 116 272 187 181 92 189 87 180 153 150 210 123 70 105 121 86 222 191 175 0 175 117 117 74 257 124 133 236 208 76 198 145 220 175 276 244 133 171 144 217 136 162 133 92 105 126 274 122 85 191 97 116 275 267 214 198 169 98 206 254 184 250 167 201 168 141 149 265 194 82 149 240 230 152 111 203 143 167 101 201 198 75 113 276 77 135 210 185 71 275 174 189 110 273 131 243 264 137 170 197 139 174 91 219 130 222
134 208 236 205 111 179 84 149 187 103 80 115 99 125 82 174 109 179 93 128 144 152 170 219 154 78 179 218 167 214 210 275 215 244 222 157 262 250 238 226 280 102 164 219 120 227 118 157 260 263 224 126 214 233 0 187 238 81 228 93 128 277 189 196 215 90 235 154 92 109 189 266 224 206 274 170 163 173 137 207 257 145 152 166 166 148 210 92 235 274 88 106 147 98 166 85 129 235 167 147 206 230 176 235 131 172 76 279 254 163 246 243 149 251 267 91 170 145 119 243 201 102 201 106 205 79 87 192 126 93 203 230 126 144 141 272 200 256 97 138
77 258 202 221 182 96 171 203 126 215 95 135 118 99 102 116 140 251 84 165 141 229 140 232 192 274 82 92 206 263 170 134 95 277 253 141 237 73 272 84 117 230 264 133 151 172 237 142 179 210 180 182 239 171 235 0 262 227 193 128 144 268 170 174 151 122 131 90 142 117 136 119 264 144 167 251 143 253 83 95 129 230 165 71 221 109 254 177 254 248 250 104 80 92 87 100 178 236 212 195 109 267 156 203 182 184 142 98 215 245 96 259 170 189 208 143 267 202 247 229 224 224 170 108 79 231 247 273 150 260 192 71 273 114 268 248 234 143 81 83
195 212 124 131 243 232 207 132 189 181 236 164 193 136 76 160 242 96 123 148 263 239 93 236 194 236 134 70 138 74 99 168 145 265 255 268 141 196 222 269 267 195 94 82 191 175 166 116 244 210 180 83 212 96 195 247 0 135 275 278 108 263 158 228 122 125 243 235 278 181 114 80 272 78 133 103 203 247 267 251 205 233 162 145 114 179 272 83 213 77 228 218 190 165 120 83 141 112 143 101 91 121 137 246 164 150 202 168 113 85 167 201 249 196 197 194 239 93 82 170 264 238 162 205 169 257 226 271 120 116 270 86 278 157 193 233 239 265 175 210
155 128 234 242 180 268 119 93 169 107 95 277 134 104 148 248 126 255 162 126 276 220 151 246 200 140 138 242 239 259 182 204 238 241 251 86 130 209 217 107 80 117 164 148 125 177 106 173 274 278 195 102 145 192 221 210 119 0 170 178 275 145 188 221 89 160 111 112 92 244 98 135 184 208 185 265 147 240 77 79 72 274 130 250 229 209 143 245 185 101 280 241 163 198 76 260 230 244 212 105 280 225 178 158 179 155 206 124 87 231 225 81 109 195 248 116 75 106 173 197 271 79 211 149 202 77 276 103 196 193 174 263 205 203 118 163 116 188 254 81
246 188 149 136 137 192 110 138 269 205 221 148 186 109 222 268 113 209 206 247 145 260 122 148 233 113 139 185 200 181 201 275 280 146 114 145 175 263 145 234 186 203 135 187 245 120 200 113 279 132 275 192 267 241 244 250 263 178 0 189 109 94 135 175 182 160 241 138 273 187 135 224 279 270 210 236 139 208 241 118 117 206 169 88 106 120 182 132 156 144 205 101 126 146 152 223 155 221 97 277 224 161 247 90 93 111 113 246 165 70 142 165 111 209 199 140 183 240 159 210 165 267 146 148 201 259 273 204 126 96 270 107 78 206 202 268 177 278 155 93
113 180 244 217 256 179 209 121 223 126 252 92 266 126 121 171 278 71 114 135 263 104 83 227 262 106 157 97 249 130 82 105 198 157 169 181 144 266 112 272 201 148 144 201 110 104 215 83 181 213 136 177 77 71 276 280 144 85 156 0 249 240 112 197 271 144 79 197 110 270 188 131 174 117 188 85 152 104 273 134 229 132 210 147 266 233 82 230 202 252 122 109 81 103 232 251 135 109 153 164 186 179 223 113 155 179 128 129 193 257 158 253 254 153 215 256 269 237 197 120 230 222 119 271 262 225 110 99 199 220 114 131 95 80 175 214 140 139 136 105
239 161 164 80 167 174 195 151 104 105 276 279 251 159 232 212 105 278 275 177 252 172 202 267 192 108 168 248 77 231 104 75 241 205 148 209 183 170 174 133 246 199 181 238 173 127 278 147 123 277 155 90 232 213 143 118 174 145 90 121 0 139 172 120 250 226 210 105 74 150 248 252 126 238 89 163 191 245 245 221 174 226 250 227 118 113 165 162 185 258 70 239 262 257 78 190 146 238 230 194 279 132 157 175 127 228 214 192 135 164 116 177 236 143 105 154 183 80 211 156 155 176 200 228 106 155 231 85 211 107 197 196 168 110 278 236 124 179 107 214
156 112 114 207 241 200 107 234 95 239 243 194 252 76 256 106 89 149 149 116 264 210 280 126 182 224 235 206 243 258 201 232 269 189 259 72 118 148 238 166 116 143 169 184 153 232 197 229 211 98 145 239 234 173 154 250 153 149 85 200 186 0 202 227 164 99 279 139 116 219 223 222 123 150 175 134 107 270 125 177 126 112 192 77 254 223 225 113 247 107 225 109 103 168 172 174 187 204 90 266 163 222 275 173 89 131 105 177 222 71 203 258 189 246 224 132 122 145 141 231 197 140 196 178 123 231 170 170 149 245 127 209 125 186 223 189 88 274 246 158
250 105 225 83 190 76 234 270 237 157 185 231 183 122 216 102 214 169 90 229 106 254 269 255 228 146 234 184 130 224 204 154 251 91 182 175 79 274 217 70 167 136 202 243 257 105 143 186 116 127 145 141 238 84 201 211 146 96 127 192 118 108 0 126 98 111 122 115 199 264 107 270 231 103 76 140 189 227 81 238 256 128 183 122 175 111 206 101 107 205 174 242 197 226 272 101 130 136 258 140 254 116 249 129 96 239 247 242 227 192 139 253 108 201 124 108 160 246 71 96 225 262 203 206 250 204 139 269 153 269 203 173 237 228 122 155 245 105 150 258
221 236 198 188 234 252 123 72 253 85 272 102 245 249 275 276 276 272 194 148 213 173 196 120 172 169 149 238 249 215 151 223 136 194 244 275 240 195 193 136 207 166 222 95 243 199 246 197 117 117 182 188 208 252 146 162 263 246 101 212 188 261 120 0 278 262 75 94 131 154 75 257 240 220 100 232 251 121 146 227 211 199 113 73 143 178 122 100 245 102 276 213 145 216 188 181 107 275 280 234 126 175 160 156 242 182 221 262 114 102 262 111 236 93 154 107 249 228 190 180 143 101 179 214 217 248 92 275 119 135 144 270 258 124 144 77 145 120 180 206
232 202 274 129 231 138 124 200 144 278 270 245 71 132 130 269 169 107 229 171 154 83 76 265 222 218 193 178 90 220 106 244 219 114 220 73 238 249 240 124 229 249 182 219 261 184 280 116 201 266 176 125 72 210 257 157 103 265 216 193 185 202 110 210 0 249 186 81 201 183 237 185 251 90 89 240 264 226 78 211 223 149 200 171 179 190 134 102 158 80 94 210 187 244 224 216 189 100 201 84 162 144 133 101 219 177 227 116 140 187 207 134 91 90 245 275 91 96 97 273 240 161 102 203 128 232 116 210 172 150 120 156 76 174 146 172 247 260 148 191
208 145 149 172 106 106 279 76 88 152 218 261 244 212 151 153 92 249 263 135 182 206 90 266 99 96 214 72 188 156 125 278 128 112 111 152 182 186 73 255 107 108 145 272 183 176 184 100 94 72 241 234 147 227 170 77 249 120 93 174 139 239 150 181 158 0 118 235 179 77 214 222 266 200 76 196 101 236 217 81 131 111 276 268 266 86 93 276 157 129 268 202 92 245 220 261 85 110 70 75 233 170 142 118 242 194 258 215 232 183 209 243 248 248 114 76 261 99 257 191 218 196 166 162 77 198 182 202 136 269 215 204 76 276 258 125 94 119 213 112
210 184 157 171 182 183 176 97 267 268 220 147 134 277 120 205 165 215 109 174 136 185 177 248 243 198 119 96 191 91 196 92 149 236 80 223 187 130 121 174 165 81 95 188 101 275 150 230 231 276 193 152 154 230 203 150 172 198 218 207 149 198 160 120 119 175 0 139 159 188 194 205 79 178 128 223 199 91 77 198 251 242 109 231 125 99 276 113 264 103 182 173 156 116 132 213 195 244 233 82 152 186 233 269 245 187 128 101 97 157 259 91 229 211 121 183 276 156 116 217 73 246 169 230 208 70 250 204 120 230 104 243 122 172 271 220 256 145 215 143
250 92 88 95 83 120 188 262 226 188 212 109 135 172 262 195 127 152 71 179 201 128 152 99 234 280 77 171 270 152 210 252 246 125 254 90 207 254 111 229 261 105 165 280 265 188 258 258 127 127 130 105 212 236 177 239 188 271 241 261 88 261 251 248 188 278 244 0 156 258 238 248 165 272 239 190 192 259 245 176 94 85 269 258 164 159 247 72 248 279 153 194 136 70 237 191 138 234 158 115 85 210 200 136 215 272 107 205 173 197 274 76 260 82 165 140 78 110 233 125 184 106 96 107 276 116 174 125 98 138 241 202 157 133 265 95 105 195 275 177
228 275 189 100 209 136 276 274 135 88 86 105 180 76 163 276 257 253 255 100 189 271 124 212 134 152 180 183 253 165 107 88 131 95 257 224 173 260 216 81 142 196 131 145 132 249 243 211 137 236 173 161 243 164 228 204 230 256 198 157 111 131 84 214 159 154 178 212 0 227 94 196 160 105 114 273 201 208 226 268 202 274 106 117 131 107 218 110 181 248 93 88 277 116 274 132 244 163 112 187 130 126 186 75 115 130 213 180 102 199 154 163 274 174 241 249 275 161 249 247 117 125 269 197 225 78 235 81 253 276 226 151 87 99 112 229 231 197 95 178
169 161 256 90 97 111 224 149 117 155 140 163 235 73 269 225 249 125 241 238 232 221 187 84 77 259 192 187 92 126 142 132 278 106 171 130 177 212 214 81 116 133 220 165 82 275 81 254 124 214 82 228 238 235 103 124 218 127 257 228 229 82 247 128 176 242 129 138 94 0 280 81 113 236 211 206 160 102 178 239 107 259 141 267 186 89 207 230 256 192 76 238 150 80 215 121 128 180 184 218 191 218 265 84 242 169 255 96 140 111 112 104 127 267 104 187 217 208 219 180 95 254 216 223 163 218 254 111 195 72 197 228 89 109 259 121 90 224 175 72
137 254 122 243 144 162 158 86 140 257 175 165 210 206 125 115 264 239 139 274 122 205 230 205 130 153 121 214 197 117 188 271 272 98 208 122 274 83 257 248 190 272 251 120 95 254 209 162 223 253 154 149 272 229 257 170 196 162 214 203 202 254 79 139 137 268 262 215 139 182 0 187 268 85 161 154 201 203 205 137 237 163 230 101 146 232 257 161 88 185 278 125 143 257 106 182 106 277 277 115 199 105 276 104 143 139 80 79 269 267 72 155 146 228 90 240 195 236 160 134 271 258 229 215 270 219 208 148 239 215 181 250 259 256 190 87 261 264 111 93
105 280 227 136 170 125 250 175 247 185 87 165 180 241 161 75 256 163 115 88 246 272 139 96 189 142 253 205 108 120 73 238 90 220 109 207 163 128 279 175 144 159 201 103 81 103 276 89 127 205 276 106 97 166 195 268 147 92 103 105 132 258 141 274 117 241 220 260 103 179 275 0 244 71 109 176 277 108 225 139 174 117 172 280 177 253 116 80 232 254 211 207 272 151 213 93 199 187 156 180 115 160 86 278 92 108 106 99 103 235 204 159 261 156 120 230 196 215 160 179 201 85 123 105 227 263 272 188 157 97 159 218 248 135 86 267 229 79 188 123
149 92 147 109 184 271 154 71 256 112 196 186 185 264 151 248 274 249 85 92 196 70 231 235 189 122 218 134 133 167 106 259 172 119 148 170 143 135 158 130 202 80 147 142 206 227 251 164 137 274 163 254 135 242 205 273 119 250 268 140 81 146 122 193 165 221 207 225 236 260 195 89 0 151 225 253 209 181 226 164 121 198 195 220 230 76 146 146 99 160 158 199 200 138 155 161 178 264 265 177 193 117 213 261 162 133 192 162 163 270 207 93 147 255 214 77 139 143 70 255 214 115 75 159 124 178 146 154 237 225 265 262 224 168 200 167 234 224 200 144
242 105 168 123 94 226 84 127 254 259 238 186 263 209 88 152 140 210 246 199 270 170 144 152 264 206 247 172 106 109 227 138 236 112 156 224 165 125 94 109 224 243 179 191 120 201 257 90 226 162 201 202 131 148 186 155 82 194 226 134 213 154 163 219 249 276 95 214 184 180 190 84 271 0 80 113 276 151 275 226 251 162 88 280 221 124 188 169 263 192 73 251 280 260 139 187 221 161 200 191 165 268 80 136 164 102 126 205 217 235 118 180 275 276 228 130 77 103 142 276 117 206 161 117 219 245 108 199 268 71 153 185 213 202 80 259 249 275 267 139
277 84 223 156 192 128 152 117 243 232 164 247 96 180 125 158 250 140 89 170 204 279 110 279 163 222 122 206 196 79 268 85 111 109 90 254 169 241 159 95 86 161 119 218 94 95 176 230 99 207 261 237 143 121 196 267 197 271 131 113 264 280 191 199 164 93 167 233 191 214 194 154 196 121 0 179 267 146 92 225 260 109 212 223 274 113 275 182 112 171 270 87 233 201 128 209 156 135 107 74 179 212 192 124 109 77 125 91 123 248 204 73 75 138 173 129 178 275 147 110 114 138 103 106 178 215 261 213 238 114 167 105 216 78 173 245 203 250 221 190
153 170 155 208 232 175 102 119 212 154 219 248 125 196 179 150 222 269 100 188 136 223 80 200 85 157 145 71 167 85 127 213 93 221 234 249 274 274 216 137 214 107 247 200 259 279 257 279 74 278 271 89 105 163 195 127 159 183 160 224 93 210 76 264 265 208 168 171 177 259 250 187 173 169 134 0 194 145 89 168 139 175 199 184 158 220 191 158 205 246 138 128 180 239 200 107 161 279 154 178 92 111 242 226 280 255 79 222 175 244 201 172 261 153 220 115 137 231 85 104 150 239 113 137 117 91 168 203 172 251 251 75 179 207 80 221 224 117 184 145
76 268 265 94 268 213 197 238 121 172 152 257 274 238 122 260 272 218 257 139 260 182 113 235 259 211 272 128 205 135 279 86 154 203 74 102 98 279 157 141 132 153 233 119 159 152 249 105 140 171 175 190 157 183 204 232 194 72 149 118 73 103 127 246 159 264 183 245 134 144 101 166 215 116 255 147 0 244 191 236 179 166 131 163 147 248 271 194 164 199 132 258 170 250 241 146 80 161 211 109 207 151 216 144 137 226 134 76 175 271 272 180 268 262 72 215 123 159 127 150 243 189 130 120 176 153 214 167 117 163 104 88 207 214 72 151 107 154 230 162
247 237 70 277 196 211 192 80 254 79 248 75 241 158 89 160 176 185 187 101 244 105 143 80 138 116 239 109 219 153 77 277 177 175 187 245 136 119 83 265 238 134 153 164 133 151 264 81 106 197 157 169 84 248 253 222 134 228 240 207 121 260 141 237 238 131 183 88 199 249 153 186 268 131 167 243 277 0 244 206 201 195 250 276 209 259 224 159 256 109 78 155 85 135 97 147 96 70 179 206 88 155 143 190 230 172 125 193 148 172 148 278 221 143 89 200 102 124 233 182 238 118 75 125 118 216 257 163 227 214 191 245 205 135 100 218 220 164 199 169
104 176 272 99 90 240 197 269 83 275 208 153 236 96 205 129 91 90 89 246 222 175 260 171 102 163 247 263 106 249 165 245 269 114 158 138 138 204 103 168 113 70 73 134 100 174 157 277 115 197 232 106 248 235 94 183 158 113 200 202 185 186 187 146 106 135 146 121 216 159 195 241 166 229 102 167 189 135 0 93 267 182 80 147 213 184 121 265 124 88 116 144 82 131 76 250 152 215 223 250 280 127 132 254 211 213 101 265 214 106 131 235 93 183 72 124 268 123 118 187 153 277 272 259 222 207 269 84 274 110 229 109 77 262 263 220 157 97 253 78
203 150 99 129 210 144 252 275 104 107 93 214 93 271 267 107 213 214 78 203 262 182 229 136 279 232 275 133 141 109 113 165 177 213 264 267 227 220 268 211 180 254 94 240 218 187 248 163 247 148 237 145 207 208 91 272 102 211 146 103 189 180 240 276 230 235 113 195 168 158 251 273 168 234 70 133 106 106 92 0 79 165 74 120 77 132 102 137 272 140 95 198 103 214 81 85 83 108 153 101 209 193 129 165 193 155 135 212 159 224 221 139 241 155 121 92 93 193 234 160 181 131 145 130 198 155 225 201 170 101 208 211 105 136 135 248 140 86 228 180
157 266 169 170 200 265 256 162 273 148 138 245 73 218 223 227 216 82 70 138 198 256 186 204 232 112 95 164 231 121 130 204 116 70 179 228 267 210 189 92 72 166 235 135 144 136 134 158 221 185 119 269 234 216 254 254 272 269 195 99 226 231 280 247 95 166 241 100 161 93 207 107 152 120 212 156 168 156 190 194 0 193 108 190 232 243 203 268 146 199 198 275 79 278 245 141 129 245 220 264 275 255 146 261 216 127 114 199 99 151 129 209 220 102 80 146 250 252 179 206 81 190 158 96 80 245 72 190 188 125 212 235 263 207 264 164 203 162 108 177
125 220 179 264 250 73 212 114 123 225 184 92 133 91 89 92 124 279 153 259 186 216 216 177 85 250 185 198 113 230 81 196 146 87 170 254 259 241 266 246 129 129 198 124 166 248 264 93 92 104 104 209 117 204 258 135 133 172 234 219 141 201 165 258 146 73 124 242 220 279 265 101 128 176 223 83 96 211 106 242 93 0 192 173 74 122 217 230 101 187 208 89 113 140 94 115 231 172 229 72 189 231 79 119 244 235 222 135 130 217 192 153 151 146 280 95 148 221 135 280 226 201 238 128 139 162 207 164 270 174 155 165 218 275 122 89 276 229 280 185
239 163 145 104 180 186 104 208 129 152 102 217 132 217 161 200 270 70 164 94 83 227 113 235 205 181 230 103 191 108 229 119 153 133 246 222 165 128 195 239 118 148 112 113 185 98 108 194 260 274 224 180 194 237 231 81 132 117 92 278 88 211 114 239 89 74 83 273 209 163 265 237 115 110 170 250 168 215 121 143 83 240 0 214 164 172 148 251 250 207 219 153 80 231 220 110 164 260 209 84 107 182 180 197 105 113 188 230 258 137 197 72 208 235 203 132 163 83 216 71 190 236 122 277 242 186 273 73 199 112 176 114 147 80 203 275 110 156 83 195
205 101 112 130 101 247 108 141 91 220 272 88 84 89 186 151 252 177 156 91 221 211 167 250 206 214 129 228 172 221 117 72 100 129 156 179 222 113 195 209 165 117 118 170 145 120 280 109 277 175 245 127 105 215 219 272 228 242 212 93 99 81 147 191 210 219 260 163 160 213 279 204 93 243 162 84 240 195 230 108 156 191 168 0 152 121 73 152 183 117 274 110 278 205 165 71 87 169 158 113 168 187 275 200 98 255 131 234 148 194 80 199 203 117 136 266 205 197 86 89 210 183 102 221 186 140 208 271 262 177 101 274 269 232 100 181 157 247 204 206
149 273 106 228 146 244 113 121 270 245 235 215 256 271 85 121 106 71 263 237 141 124 248 116 268 130 225 160 154 235 72 163 153 140 270 269 239 141 279 247 248 100 262 205 165 193 154 87 174 143 95 105 152 73 192 216 93 152 149 195 142 87 158 136 275 115 257 211 248 229 255 131 123 266 75 175 175 252 175 76 237 118 130 185 0 228 247 109 157 120 102 257 144 84 205 276 127 111 134 168 167 112 195 253 187 235 100 277 181 210 92 142 147 224 199 204 216 93 262 164 92 225 123 181 111 79 260 246 189 276 269 211 183 171 263 240 119 111 99 274
260 107 143 76 144 146 134 198 271 173 124 150 85 159 141 118 198 95 175 200 249 180 182 229 193 119 179 152 116 228 272 215 91 138 273 150 124 97 254 72 77 112 158 170 212 71 222 85 258 196 269 88 205 160 148 147 253 185 219 160 173 269 114 131 194 154 168 152 228 191 236 124 246 225 229 267 110 256 174 128 163 218 233 180 244 0 105 126 221 224 102 258 160 123 221 273 170 106 220 222 133 116 106 195 97 191 197 115 146 130 103 251 223 209 217 200 207 245 113 106 148 275 178 124 205 201 134 100 167 163 198 84 121 125 279 222 193 269 272 113
136 130 147 247 274 195 91 115 75 276 75 223 160 71 91 149 252 172 275 119 246 252 144 100 101 170 203 137 116 251 129 244 153 212 134 193 153 175 131 103 223 255 179 137 185 248 277 187 70 186 105 230 198 116 247 186 135 75 128 245 253 109 165 144 113 195 86 187 72 227 213 190 242 106 208 186 247 149 136 222 117 226 149 182 248 217 0 147 242 212 128 74 265 267 193 261 195 195 173 95 261 279 122 89 205 209 223 146 236 203 183 269 215 107 273 187 135 168 93 264 111 182 109 166 106 188 165 123 228 203 115 113 115 165 128 202 133 251 273 209
264 111 191 222 201 140 155 194 254 188 80 74 178 206 191 124 242 75 104 276 107 108 103 141 180 272 144 242 135 225 212 135 88 103 161 145 167 137 255 224 155 236 184 84 107 73 184 75 91 105 186 145 219 119 192 223 244 92 86 198 210 186 135 185 275 235 124 202 125 194 214 201 190 147 83 229 159 254 139 257 172 76 73 128 87 74 279 0 172 90 143 93 138 160 98 171 112 198 140 91 89 163 270 107 108 102 232 141 80 159 255 145 95 109 276 132 115 206 272 202 212 219 217 262 264 255 154 238 88 245 144 267 112 153 177 177 109 186 274 73
210 140 151 110 259 217 200 97 266 279 113 157 137 231 81 85 127 118 160 247 78 116 96 150 101 272 170 112 132 190 240 253 149 180 267 94 230 234 170 127 225 203 213 176 131 222 140 125 213 81 215 176 219 164 199 272 77 175 107 277 193 179 198 173 74 167 122 278 73 278 241 247 191 184 146 121 209 97 259 82 244 262 271 82 183 156 89 221 0 108 91 227 174 167 122 176 185 136 270 203 153 231 267 278 169 72 118 71 90 149 152 163 219 212 218 155 120 92 109 144 137 221 139 188 225 156 151 131 192 198 202 235 93 277 137 154 185 98 121 209
157 112 192 95 138 161 138 146 166 231 183 239 219 252 89 149 184 103 113 266 106 279 117 192 92 73 266 274 269 109 194 135 248 148 225 108 276 76 223 102 206 127 134 223 187 103 191 271 203 223 260 95 241 175 84 195 125 230 78 145 262 149 163 83 196 129 259 198 113 200 273 185 188 215 177 71 225 181 187 257 88 149 174 242 206 97 115 208 198 0 112 88 86 269 92 189 90 266 231 237 212 274 83 236 170 188 140 217 245 225 274 255 228 227 77 266 233 211 96 173 255 266 155 254 209 255 227 229 155 278 73 215 222 104 188 150 178 230 137 269
143 120 273 276 146 120 254 197 71 225 117 166 118 234 117 112 97 132 86 273 76 83 133 254 187 219 240 139 133 189 225 241 136 127 203 263 214 116 187 219 231 132 205 266 176 184 222 171 84 164 126 150 163 182 79 245 202 249 74 240 70 267 245 276 138 214 112 201 202 213 237 160 169 77 95 240 199 81 86 85 125 75 252 214 186 201 153 81 198 124 0 154 251 109 75 204 104 211 131 157 144 88 174 161 80 240 143 245 254 150 242 251 234 182 99 73 125 121 273 238 159 263 190 272 239 142 228 180 83 246 158 212 258 183 92 228 225 87 171 79
155 80 179 181 165 86 214 267 188 217 92 194 219 72 116 178 127 115 144 274 92 201 184 197 104 241 194 253 204 101 257 161 243 81 73 272 220 106 273 181 117 246 155 236 248 162 183 74 177 199 209 200 261 248 227 137 180 176 194 127 225 267 242 99 218 236 173 73 175 199 268 111 127 176 130 99 173 252 135 168 179 253 176 157 225 115 280 70 159 129 131 0 78 116 254 220 93 129 258 133 162 145 140 242 155 274 188 168 275 214 164 216 245 141 275 272 280 180 136 104 266 79 185 181 132 265 192 202 138 267 211 161 132 111 107 182 129 155 150 124
82 200 93 125 177 109 184 183 121 247 116 209 259 277 146 222 239 142 214 172 222 161 81 181 213 255 192 180 201 208 88 215 118 239 161 119 219 108 223 170 74 162 218 145 77 70 245 140 170 272 120 132 147 175 148 125 184 83 146 145 272 180 214 224 136 179 115 199 273 164 279 162 255 266 253 160 248 260 87 140 180 114 276 140 111 235 208 143 87 120 162 184 0 278 227 71 151 89 248 155 227 144 88 215 133 95 158 169 74 116 159 76 73 115 154 203 114 242 76 201 151 92 248 158 238 210 136 199 80 262 231 207 72 225 84 129 214 83 118 155
201 129 121 257 225 227 210 172 218 238 176 133 219 84 215 114 79 240 175 150 253 243 226 86 197 238 216 145 266 137 168 153 86 230 262 245 239 95 108 198 125 208 168 247 196 155 107 196 247 93 139 183 98 114 166 102 169 93 134 133 242 163 249 163 212 261 127 98 139 131 277 208 155 124 208 200 152 273 70 264 213 131 204 279 197 243 147 159 232 267 101 235 156 0 179 153 183 229 240 106 271 244 166 200 145 129 258 264 76 224 83 272 80 248 272 122 158 189 158 168 181 245 152 160 229 182 147 82 124 260 87 192 226 209 179 97 165 252 194 237
123 265 180 115 195 232 244 177 218 159 263 158 104 71 146 214 103 226 141 274 127 212 70 101 116 130 210 274 121 86 215 114 192 143 103 220 171 87 153 162 262 222 249 131 157 148 246 219 77 135 144 220 92 78 93 158 98 239 149 146 113 218 161 77 158 205 226 239 104 133 108 131 255 181 279 267 128 201 89 217 82 181 70 276 263 142 104 122 206 245 212 246 238 248 0 251 70 196 184 162 121 183 82 110 227 119 199 132 265 80 142 168 104 85 176 157 202 154 83 135 181 215 165 196 212 177 201 95 215 110 207 253 240 265 106 151 117 167 123 72
203 119 239 237 87 270 76 84 89 94 189 165 158 181 187 199 240 208 239 247 188 92 142 255 195 208 231 273 262 82 170 72 155 248 151 130 73 73 171 245 279 152 264 257 248 257 176 249 90 161 112 200 207 280 127 267 72 180 127 158 275 246 266 109 111 268 100 253 228 165 131 154 140 149 157 252 206 137 256 99 139 157 122 130 194 91 70 137 221 250 97 83 242 76 240 0 158 187 156 240 95 219 224 152 117 275 269 92 260 263 107 93 208 206 177 209 151 257 196 242 144 112 268 129 136 247 117 103 223 157 135 199 229 196 169 80 105 178 224 151
152 96 186 201 257 122 189 123 83 265 265 269 214 110 172 78 188 206 99 156 140 229 100 208 149 221 274 239 263 82 200 221 83 198 223 85 272 194 263 84 152 94 120 192 80 111 146 192 191 274 269 233 188 140 227 96 106 173 226 163 72 126 217 167 222 93 195 201 84 95 222 220 187 264 199 249 206 93 113 78 274 280 143 251 148 244 197 263 186 132 174 191 189 213 244 264 0 223 118 249 95 125 120 110 171 115 226 117 112 219 260 256 257 102 248 73 226 275 163 150 233 113 248 79 100 157 95 151 173 180 170 179 159 266 193 211 279 72 253 88
155 159 133 226 144 272 240 212 175 194 78 113 232 193 217 72 72 261 100 265 264 195 114 269 252 266 123 132 96 93 126 258 250 257 169 209 164 273 195 205 97 216 174 229 200 154 217 254 130 233 264 147 124 225 104 103 271 204 243 102 101 243 226 70 210 79 245 156 201 125 82 230 163 120 172 123 115 161 195 171 276 242 116 170 148 72 242 106 279 271 142 115 210 265 208 195 249 0 260 139 191 143 274 188 270 95 96 273 244 160 212 223 107 244 223 184 254 134 83 88 121 106 116 135 85 142 124 215 255 159 197 254 143 244 267 244 160 111 88 231
169 149 100 139 154 246 121 257 169 202 269 148 274 134 185 224 102 256 218 79 202 161 113 215 242 142 230 221 174 83 202 257 158 155 203 248 116 203 93 193 146 178 189 76 261 124 125 152 225 192 108 230 187 136 147 236 210 257 258 176 220 234 76 274 258 149 129 112 81 229 240 132 223 109 231 208 199 91 228 129 152 259 249 257 211 112 122 137 96 250 186 206 220 194 216 259 220 169 0 232 170 256 196 112 234 243 268 259 96 232 193 221 135 211 123 96 132 276 238 226 241 103 123 231 262 193 204 188 264 266 112 159 115 139 268 259 255 118 137 164
160 104 125 161 146 178 175 265 210 232 152 206 174 230 251 93 216 130 188 205 118 159 78 223 102 173 242 159 98 222 234 163 146 127 75 73 191 78 274 154 210 152 245 200 279 232 263 219 187 238 118 137 173 75 149 93 191 268 175 136 164 151 253 130 182 166 116 156 87 138 147 159 85 242 208 228 271 105 91 196 84 152 245 242 203 80 179 170 263 170 255 89 147 264 177 248 219 122 135 0 266 210 128 85 245 246 205 210 147 174 242 187 90 89 172 233 188 102 115 194 188 181 128 193 109 108 77 222 100 180 176 180 87 247 280 135 104 253 104 250
259 77 114 213 237 113 265 125 212 244 175 199 192 159 197 269 190 143 135 117 230 279 154 207 92 215 121 173 196 255 221 259 273 263 104 75 76 249 131 260 95 187 90 185 174 205 126 170 198 189 76 192 154 181 85 215 147 254 124 262 95 209 157 95 266 139 273 103 108 203 169 77 204 157 238 114 271 71 100 208 143 98 222 273 277 82 231 219 229 176 270 178 268 99 167 280 182 154 171 205 0 263 124 94 90 246 205 100 150 160 227 261 221 78 200 176 105 251 93 163 141 136 235 141 136 238 81 108 70 161 245 218 83 243 208 229 118 148 246 214
85 74 229 240 179 131 201 135 208 95 128 276 236 209 260 236 256 107 96 246 110 210 171 235 174 147 270 82 238 269 134 76 254 93 278 225 208 71 202 244 230 122 106 239 94 112 83 206 117 222 173 271 93 101 96 223 82 180 154 158 115 73 184 127 136 75 189 201 213 127 276 75 168 83 175 201 236 103 149 165 223 229 79 91 182 196 133 232 156 95 101 266 267 180 117 208 231 85 241 138 105 0 198 279 218 91 223 97 84 84 268 274 75 192 127 223 222 234 162 100 256 278 89 109 130 112 277 187 73 149 262 144 163 145 228 235 100 73 90 99
91 238 173 99 124 117 172 129 276 280 181 161 151 195 162 170 242 276 164 213 98 272 126 238 212 236 118 264 188 152 263 141 190 144 107 185 201 134 83 179 247 88 124 272 151 116 82 271 76 142 132 82 96 141 259 279 204 174 199 177 173 152 261 73 258 180 133 221 163 266 164 116 173 257 79 142 77 156 124 80 179 158 191 260 85 172 183 203 202 273 77 192 195 259 76 267 182 104 236 195 164 122 0 271 176 146 111 177 214 195 205 151 191 168 89 140 130 107 213 199 162 226 188 180 161 135 166 231 116 223 70 112 116 98 250 81 243 223 133 150
261 125 249 257 73 85 255 201 99 178 231 74 91 135 145 230 241 73 245 276 142 169 102 138 143 272 275 73 261 248 79 102 144 232 182 278 266 128 175 137 137 236 96 90 158 245 142 132 186 224 122 249 192 216 218 250 213 140 212 217 90 248 124 253 86 155 163 230 191 134 202 189 252 158 232 199 161 214 267 272 245 211 276 102 159 212 261 276 203 74 176 91 263 119 158 252 91 151 169 184 120 94 181 0 83 252 132 168 166 127 199 158 229 280 268 92 250 261 132 196 161 251 244 172 222 221 269 277 273 155 132 163 157 146 212 159 168 270 248 93
78 221 202 144 172 226 269 140 131 160 90 146 194 228 269 193 150 73 236 160 203 173 204 209 279 71 127 243 135 128 141 184 143 128 267 267 252 71 270 150 136 249 175 275 278 74 106 183 157 110 74 151 76 213 91 221 182 155 116 233 212 209 111 91 161 218 213 212 133 148 207 90 71 180 258 161 165 87 99 162 139 190 198 203 174 170 91 189 215 261 165 235 233 145 124 202 88 197 125 217 260 184 118 162 0 71 187 195 100 271 160 236 164 270 99 242 271 138 82 84 85 244 246 233 131 148 235 164 216 237 271 177 88 233 193 220 206 174 153 180
71 83 157 233 211 276 220 137 171 191 100 219 274 76 236 129 86 233 167 121 167 128 124 204 234 226 127 154 136 100 171 116 174 243 90 230 195 271 71 81 251 227 178 106 236 247 264 154 212 248 137 279 132 79 228 81 132 129 134 70 243 107 261 131 114 107 222 222 171 96 75 168 220 242 85 193 198 124 245 129 243 206 111 77 128 139 179 237 80 279 134 262 248 227 242 196 167 234 101 189 228 246 234 280 190 0 98 133 268 101 187 167 255 227 225 224 140 219 76 81 173 176 246 77 98 216 74 267 249 73 240 269 253 82 145 171 115 241 280 185
241 194 150 258 271 100 200 217 279 247 228 219 174 111 255 223 134 212 174 236 114 172 181 82 169 242 240 270 164 248 171 107 85 160 70 90 241 258 234 235 225 185 120 111 154 232 73 252 251 264 145 193 277 231 79 92 83 166 204 277 254 160 255 170 275 241 266 136 108 162 139 186 199 135 157 246 110 85 82 100 124 265 176 128 221 280 93 165 262 137 238 186 84 202 86 163 127 167 173 213 272 81 225 267 150 255 0 147 197 149 158 132 244 263 254 274 142 222 255 159 279 167 163 101 158 257 104 278 150 230 173 199 91 144 264 188 157 232 269 109
130 74 158 181 96 151 200 108 264 72 99 196 276 137 248 205 156 205 119 174 237 104 124 151 123 83 186 88 220 256 89 203 103 189 177 145 226 85 201 82 134 236 162 280 85 113 261 153 189 139 98 115 185 125 160 221 174 118 128 147 269 216 175 176 104 171 274 155 111 159 174 183 265 177 249 98 71 249 201 171 86 201 107 94 224 246 174 174 202 124 103 251 153 280 147 99 98 267 128 227 96 236 234 214 131 272 80 0 252 156 278 94 197 79 238 246 129 238 75 222 162 244 236 141 193 153 261 210 198 110 81 210 211 143 140 150 106 265 164 83
210 255 120 103 202 129 240 97 109 76 152 118 279 236 208 261 182 169 267 192 158 129 271 238 195 224 265 145 252 118 115 128 212 125 226 143 165 251 131 232 147 178 128 83 139 237 115 205 154 138 184 90 179 175 148 208 192 125 239 115 172 77 181 168 175 167 138 101 78 279 245 132 197 171 71 162 176 163 194 138 123 120 129 83 118 171 151 276 100 253 268 275 133 91 223 272 149 172 273 182 144 72 271 166 200 199 253 184 0 206 99 103 270 159 131 168 178 276 111 198 125 235 116 110 262 198 169 191 136 239 252 238 189 142 120 264 270 276 70 118
162 164 228 76 135 146 156 135 114 81 120 275 171 106 88 72 230 245 117 243 253 208 161 275 210 192 169 206 153 278 132 243 254 84 269 164 76 191 216 77 264 186 224 163 225 212 176 102 242 165 231 253 185 227 214 81 98 243 151 74 236 74 136 138 270 222 268 172 77 77 228 194 169 135 163 271 138 193 130 88 233 236 253 199 143 74 151 194 201 211 254 245 138 118 107 112 205 141 249 257 126 87 234 98 187 176 191 269 103 0 135 213 168 110 206 251 138 110 204 162 244 76 241 72 132 196 144 205 220 128 238 114 239 118 183 172 107 109 272 125
104 107 211 151 270 231 185 250 251 148 176 91 214 220 238 146 207 158 274 97 247 208 195 85 70 110 242 193 153 278 152 135 173 200 105 263 211 157 172 277 272 250 103 89 151 237 203 153 118 106 131 219 113 244 93 278 225 165 102 225 136 153 210 165 89 175 242 80 280 92 206 167 267 89 271 70 166 223 256 155 201 180 252 275 181 149 71 206 247 164 133 172 156 211 105 137 262 112 243 243 106 114 140 159 111 249 168 129 221 239 0 73 121 81 91 261 169 170 222 266 164 236 190 209 226 158 156 105 202 189 228 207 178 143 76 92 215 103 242 172
88 267 79 267 249 114 237 225 75 72 141 184 84 203 89 246 104 87 261 81 114 136 172 137 279 250 211 181 264 87 150 170 162 209 177 105 175 211 91 133 95 138 210 81 199 203 150 156 79 209 173 71 260 186 134 149 217 94 136 197 167 244 141 241 251 186 178 195 198 99 125 142 124 170 114 158 87 211 249 141 139 127 237 223 164 267 244 255 204 99 173 100 157 208 101 91 201 222 225 152 193 198 165 149 83 209 216 245 277 222 213 0 126 195 251 81 147 194 218 112 219 109 148 205 123 184 214 81 211 268 175 264 174 167 95 197 218 190 254 210
226 162 235 121 190 180 188 95 104 195 184 80 105 241 245 244 279 214 196 182 275 132 145 221 185 254 87 275 167 278 146 215 168 134 279 215 161 99 70 108 263 254 191 190 193 204 130 241 139 209 180 133 126 73 77 138 237 199 140 100 210 165 161 265 262 262 194 230 264 118 249 178 100 244 76 110 130 223 146 213 249 166 267 203 228 132 252 181 195 186 199 262 165 191 204 243 172 265 123 264 263 128 108 152 73 79 76 161 78 251 168 133 0 133 201 118 192 223 129 109 123 163 262 277 164 272 229 225 180 114 193 120 165 93 226 113 261 78 88 75
195 256 274 199 186 241 243 167 268 195 137 100 140 88 222 226 160 171 235 187 99 269 274 243 253 189 231 89 82 217 79 84 206 175 227 205 136 131 179 145 220 261 82 93 121 127 141 80 72 203 252 139 128 164 94 94 138 242 211 178 131 133 261 202 252 92 161 110 241 199 198 195 200 263 224 194 260 91 73 134 244 74 176 133 222 186 265 122 98 82 211 183 219 149 74 103 145 131 270 71 247 79 245 84 204 252 155 135 93 218 173 86 253 0 177 90 78 81 271 254 212 106 266 196 108 177 113 89 273 171 273 79 78 222 119 209 279 134 90 108
82 186 95 196 110 265 276 262 110 182 217 72 86 190 243 248 101 91 160 223 192 153 273 175 230 207 153 162 87 263 268 137 269 164 169 146 78 231 173 118 228 253 203 212 259 76 89 72 278 207 275 186 85 74 87 179 88 86 245 126 265 240 214 239 161 108 239 140 266 85 229 70 132 231 88 90 213 254 74 185 257 242 154 116 131 216 235 82 128 85 86 205 235 234 272 251 110 82 146 147 229 255 224 155 262 191 251 213 197 106 131 91 278 97 0 260 102 154 246 184 208 235 142 133 139 190 230 231 215 237 218 186 256 270 112 256 86 123 91 81
130 140 257 191 149 172 225 279 174 119 187 244 145 194 206 211 222 223 198 172 223 196 145 205 158 257 165 255 133 275 115 186 136 275 209 275 255 191 262 74 171 272 90 196 255 183 132 109 266 240 233 264 86 143 256 232 146 112 84 252 257 146 184 258 129 236 216 101 115 84 74 197 132 167 210 140 254 73 243 112 82 263 99 144 155 276 93 210 159 161 262 235 246 185 228 76 204 229 167 144 104 216 213 269 177 216 102 162 279 249 204 80 115 115 183 0 96 239 101 224 114 270 90 210 165 143 206 231 236 105 214 192 101 207 100 243 235 96 176 177
92 70 209 216 231 246 135 226 174 262 149 194 183 259 139 279 152 200 222 180 229 230 247 110 172 131 178 219 267 255 135 166 150 102 233 145 109 184 147 204 103 272 127 235 152 147 279 85 90 275 102 162 206 160 141 264 119 235 142 257 220 118 116 71 199 102 130 179 264 124 113 75 274 250 264 103 153 113 110 260 208 192 173 273 223 265 139 255 246 193 100 270 98 128 125 144 165 89 76 122 149 86 127 106 243 199 96 205 260 184 117 80 178 272 97 138 0 172 224 153 129 145 254 185 110 238 249 125 167 195 221 259 252 189 199 204 272 181 140 169
234 87 183 124 218 166 160 158 184 182 174 245 150 193 200 214 108 129 177 229 191 234 184 267 150 94 224 273 243 109 275 275 97 178 229 93 96 216 203 166 77 181 123 226 142 187 101 211 206 129 176 274 84 274 135 128 187 208 74 115 180 248 177 252 252 209 189 91 193 123 180 89 147 131 161 137 231 169 166 246 189 92 106 177 252 221 245 115 95 76 251 210 123 238 92 263 196 164 160 253 198 138 222 268 108 186 132 212 111 159 212 153 218 73 110 239 250 0 253 137 162 269 167 82 87 131 113 143 204 100 116 253 94 89 158 182 221 91 208 255
105 108 153 276 182 178 203 186 123 126 88 219 80 154 139 255 122 202 96 131 191 197 73 140 198 186 88 160 79 77 154 242 227 205 176 107 265 123 145 141 225 228 252 222 75 203 131 226 107 177 195 165 99 272 103 163 145 78 269 76 262 164 146 136 93 191 131 199 84 124 199 220 125 234 266 240 121 87 213 223 178 238 227 153 239 231 151 269 254 199 148 111 272 150 89 215 188 247 213 108 221 220 166 115 163 198 238 227 75 110 172 186 179 97 263 231 255 122 0 151 189 174 161 132 221 138 118 105 84 143 190 260 257 224 167 187 134 92 226 83
221 106 141 216 227 172 241 190 100 88 72 186 224 144 267 228 170 272 185 80 249 81 272 164 191 244 145 206 98 217 259 239 249 181 183 162 244 207 181 178 71 225 238 280 246 241 149 83 114 129 89 253 130 157 192 187 71 253 220 147 153 92 95 80 195 93 177 155 202 125 130 134 179 84 158 87 197 141 136 279 147 161 259 140 93 90 257 267 241 156 203 243 265 196 161 88 199 222 75 246 172 129 221 236 235 96 141 192 112 150 171 147 180 229 90 114 240 244 116 0 167 115 186 265 148 188 250 217 112 104 119 243 125 149 221 252 101 128 226 230
161 197 200 259 93 116 90 196 146 101 207 117 261 237 164 137 133 218 254 122 95 118 127 225 187 280 174 212 98 248 195 119 231 270 161 192 204 171 96 222 210 155 270 89 181 275 166 210 185 131 188 183 250 222 108 182 256 76 170 121 88 238 191 85 141 123 250 206 89 156 71 152 136 190 271 232 177 243 222 72 262 210 170 208 146 219 226 79 92 137 185 225 196 245 99 181 244 145 266 155 171 153 177 262 136 172 226 145 194 178 236 145 143 268 96 249 101 86 215 138 0 197 92 225 199 155 73 209 149 75 111 124 217 209 160 83 228 114 186 189
142 81 120 183 278 149 143 172 249 172 204 235 158 146 129 103 220 235 223 125 227 126 192 175 81 175 70 96 270 97 201 152 74 162 231 198 200 181 83 105 275 231 236 228 235 115 203 242 249 255 145 211 221 229 234 200 245 254 279 134 279 75 260 149 158 276 225 235 269 147 268 232 192 159 189 271 72 275 141 142 100 138 250 265 249 256 256 228 96 74 271 275 133 246 164 101 210 176 249 245 167 197 73 212 216 168 263 94 94 166 261 75 191 197 107 172 145 218 149 247 159 0 80 106 268 212 175 148 155 163 182 171 172 268 156 201 216 207 263 179
138 233 186 181 215 126 267 72 263 144 232 96 212 105 135 173 267 214 189 266 276 180 129 272 196 244 145 256 213 280 137 235 237 115 280 115 272 165 75 125 198 122 257 166 107 264 272 221 264 151 243 101 143 75 268 81 201 206 231 280 263 145 251 142 167 117 254 78 243 256 153 116 250 219 277 250 241 166 214 220 136 193 76 271 140 225 91 221 115 163 96 238 117 228 251 192 257 89 142 176 140 130 87 199 268 91 159 265 180 224 116 196 169 211 240 263 157 82 78 218 157 87 0 242 218 213 255 101 121 239 175 238 77 199 100 168 193 83 219 183
142 191 94 232 79 102 79 280 168 139 164 143 115 175 263 106 91 128 255 106 164 129 113 232 123 119 159 98 181 279 124 236 168 132 211 130 242 71 178 182 107 275 204 145 251 274 217 152 138 159 252 115 82 276 111 268 128 160 188 113 133 219 109 160 152 197 111 122 152 160 122 277 250 262 127 164 106 179 279 237 276 83 183 261 225 192 269 209 255 270 263 90 138 123 97 115 192 164 265 107 96 211 100 82 269 261 250 142 128 116 278 182 227 107 218 205 169 268 164 80 166 248 185 0 158 148 202 156 260 254 150 103 140 126 243 243 77 99 218 248
185 261 108 146 93 243 125 178 233 148 94 71 163 238 203 220 203 228 152 236 219 79 278 234 153 106 244 75 118 231 256 137 83 183 204 254 246 193 256 232 275 212 179 215 90 75 160 141 180 229 236 77 213 136 72 236 103 177 178 278 107 249 261 205 94 280 280 228 112 147 89 170 194 103 90 102 222 90 174 221 84 248 124 169 115 239 246 211 168 89 146 192 188 234 105 113 199 218 262 133 280 136 225 227 122 106 201 122 71 142 111 172 199 223 88 99 111 91 169 206 88 270 153 204 0 145 196 103 189 210 140 210 111 244 86 81 83 94 134 72
112 141 161 194 185 223 100 128 94 274 244 140 162 270 263 237 95 173 144 113 153 158 147 254 233 153 125 76 118 234 144 200 177 226 206 107 240 252 161 239 142 230 84 221 73 225 97 86 102 70 105 249 150 257 279 193 241 124 271 79 81 273 166 204 255 202 119 224 175 181 192 258 178 123 209 94 85 80 212 239 72 83 112 145 97 237 151 191 87 272 181 164 135 235 273 184 115 172 124 246 223 76 277 194 212 110 80 136 106 186 262 102 86 249 181 101 93 249 250 75 118 118 103 226 280 0 192 123 279 200 97 221 168 238 125 195 171 171 238 270
130 183 215 179 107 128 211 192 213 150 205 99 194 191 158 241 131 119 100 168 247 155 230 148 83 223 79 84 165 70 257 211 149 125 152 169 93 270 264 247 231 112 127 257 124 162 249 236 70 280 193 119 161 102 259 205 157 131 167 251 147 129 75 248 211 189 71 120 144 222 163 106 135 274 268 264 250 172 137 88 219 264 264 131 188 161 137 150 113 73 178 217 205 170 268 166 118 70 195 71 193 79 122 125 146 110 150 114 89 101 245 225 75 275 190 83 144 220 143 80 112 237 165 271 244 273 0 105 188 272 130 185 136 116 280 128 163 134 82 122
278 254 121 254 117 130 128 121 197 150 77 239 226 225 130 180 221 217 104 265 216 119 98 217 211 189 187 255 104 129 105 183 213 147 120 161 88 77 173 88 169 272 202 202 174 240 278 244 236 136 101 179 71 140 244 118 73 103 135 237 72 255 271 205 96 125 181 265 98 173 120 223 112 195 90 105 193 147 280 113 259 141 143 229 221 140 175 74 191 261 157 223 128 170 170 134 207 180 253 170 94 258 162 259 175 216 235 262 103 105 259 250 122 87 111 205 162 182 172 214 165 109 71 141 107 267 86 0 152 135 218 182 254 131 115 89 227 86 135 85
280 272 113 261 196 197 242 130 212 245 275 86 118 113 270 249 235 181 115 112 184 212 176 210 185 146 265 194 225 181 255 115 191 191 148 118 129 179 124 226 199 151 178 105 242 157 238 166 119 269 216 180 235 258 97 258 181 276 141 167 94 154 95 99 208 111 241 252 111 125 89 160 81 159 256 137 272 195 181 87 151 139 162 112 71 93 126 155 125 157 231 133 236 242 220 258 73 86 73 248 146 209 117 108 220 93 182 268 168 182 145 208 95 196 170 111 144 74 249 153 155 82 220 92 94 255 102 230 0 173 134 76 183 121 144 269 110 227 209 76
114 158 272 189 265 71 195 89 112 268 176 88 130 83 136 248 163 153 139 84 134 134 82 206 236 107 270 184 97 278 273 270 169 160 136 124 95 242 241 248 181 86 232 184 270 78 120 130 99 161 232 73 148 215 140 99 76 99 231 273 210 226 144 210 250 70 215 98 258 79 197 250 188 243 219 146 126 138 263 272 201 176 238 267 137 162 187 158 91 164 279 198 92 232 123 228 121 263 257 116 73 101 136 226 236 246 185 126 174 200 208 231 133 176 218 249 277 206 216 75 189 253 135 109 136 70 133 273 272 0 232 158 74 177 267 249 72 196 223 216
165 256 248 170 192 181 244 128 147 162 243 78 168 79 117 258 103 266 220 85 176 265 148 123 173 209 134 124 95 152 161 129 259 129 152 90 119 187 277 79 163 278 188 72 71 85 198 217 86 249 279 109 209 127 245 246 163 118 153 261 235 190 103 235 104 133 89 172 180 182 249 177 225 273 102 76 278 169 235 99 275 144 196 161 212 139 78 248 266 152 149 203 125 97 157 217 128 167 150 123 191 228 243 196 214 249 279 106 143 206 177 279 161 205 183 77 183 232 84 249 166 144 202 194 241 192 178 176 121 119 0 262 280 270 218 132 277 239 257 257
258 72 244 234 182 242 150 156 173 74 235 80 156 191 158 265 276 115 197 133 167 208 192 123 255 132 121 188 124 90 176 182 258 148 269 216 243 129 142 100 176 273 223 247 166 139 267 133 241 175 243 248 145 77 116 193 111 258 215 115 140 164 135 267 206 195 258 179 138 94 160 247 222 163 111 89 224 208 158 98 116 231 242 155 246 267 239 205 170 129 262 264 71 271 204 226 138 119 231 78 240 188 140 252 173 119 92 182 134 254 165 225 236 103 188 171 143 171 102 199 258 114 163 269 167 177 268 148 99 99 139 0 190 183 272 115 119 247 202 104
106 174 239 272 107 86 247 134 113 151 221 209 190 239 215 243 93 228 216 177 120 190 273 157 143 265 100 73 105 167 179 146 104 133 273 165 108 113 169 149 269 189 197 80 153 94 205 168 179 131 178 158 148 123 199 263 146 218 188 103 169 178 237 137 253 200 249 157 72 227 255 233 134 280 117 174 259 262 194 175 274 73 195 162 78 119 187 84 124 196 172 212 226 179 220 179 133 77 233 131 149 193 70 209 177 155 230 122 221 186 184 113 72 100 71 202 197 171 120 280 151 136 214 248 149 215 149 189 117 207 143 138 0 224 252 155 190 148 156 267
142 257 230 261 219 124 238 144 261 106 174 92 246 254 259 72 165 103 261 226 185 216 267 230 209 144 264 164 119 221 72 271 123 234 164 213 74 94 267 165 106 110 187 244 233 228 82 279 140 277 250 201 75 134 138 141 234 111 139 189 86 273 180 222 104 194 112 242 248 182 231 174 78 151 80 210 114 110 76 220 144 146 259 241 155 253 248 130 187 268 179 77 259 72 179 230 177 137 233 278 209 101 273 104 137 224 198 141 145 76 279 88 186 177 169 253 246 118 92 192 149 135 184 254 170 242 99 94 116 279 132 119 167 0 74 88 79 133 121 233
173 154 161 244 178 161 208 225 153 131 104 159 263 264 82 234 75 194 248 215 104 155 189 275 245 230 140 277 239 135 139 139 139 173 113 222 191 211 70 150 125 215 244 160 96 275 152 160 274 159 199 251 174 173 178 270 76 182 72 275 79 229 280 252 205 187 211 208 157 76 187 175 262 273 116 108 76 277 252 165 242 175 279 157 226 137 240 169 120 229 80 71 72 236 174 83 71 274 212 198 245 207 220 225 162 234 279 178 185 244 193 256 108 99 279 150 274 95 235 263 96 84 221 200 73 248 87 250 177 258 162 227 251 101 0 274 117 233 128 162
224 185 159 183 216 191 233 71 141 102 72 87 89 164 262 187 253 280 125 208 152 166 153 278 251 133 189 104 220 207 262 98 195 141 71 151 180 275 142 263 239 106 109 226 221 153 115 253 213 99 133 128 175 80 83 277 193 273 119 169 160 252 221 148 162 187 71 227 219 277 170 174 95 241 210 136 264 158 180 77 178 83 208 223 251 218 182 146 124 131 165 232 158 229 272 134 187 239 229 220 174 109 88 166 143 261 135 79 264 146 195 101 104 192 144 125 252 188 258 96 151 102 98 258 233 275 176 267 177 250 73 75 262 253 106 0 144 170 76 199
116 198 170 129 190 196 151 253 241 179 92 101 232 165 147 80 115 84 250 280 267 192 238 148 175 155 212 267 135 227 268 217 187 251 226 72 221 150 268 266 243 227 153 141 75 82 98 172 253 150 107 253 190 237 94 121 190 272 147 75 197 262 129 216 152 186 244 265 278 225 230 217 237 201 78 138 275 118 226 199 204 117 218 172 120 204 155 279 267 162 133 129 180 94 124 141 264 94 184 211 87 174 252 145 279 197 271 243 254 98 166 111 258 163 150 101 85 106 126 276 99 233 106 273 145 120 89 169 117 214 219 192 272 215 225 126 0 112 243 180
134 84 76 232 253 197 71 92 127 207 226 225 181 250 164 241 77 142 275 264 255 187 227 172 170 247 72 220 70 130 210 229 164 236 262 119 138 85 255 271 229 74 161 105 157 135 108 140 102 108 160 79 215 253 118 99 256 75 269 138 247 217 76 83 194 139 71 100 146 120 276 136 210 264 91 152 205 212 246 261 280 171 97 91 134 213 81 156 252 140 166 125 245 138 226 252 225 245 121 180 171 258 143 182 121 147 70 127 255 260 146 195 198 105 113 264 111 236 245 125 82 125 127 118 91 221 148 153 186 247 202 91 129 139 101 137 165 0 254 145
247 189 248 138 205 88 149 250 134 94 76 207 217 207 267 279 248 164 137 143 194 245 159 139 80 105 233 111 248 172 101 111 231 132 175 86 212 218 104 246 270 85 87 263 106 261 231 216 156 216 79 139 123 256 245 86 147 71 128 91 259 216 154 89 227 175 211 245 242 214 85 222 202 273 107 266 241 110 88 184 258 151 112 91 186 214 262 101 167 200 205 185 228 157 83 213 264 94 157 91 178 95 222 97 151 217 178 277 107 226 93 261 280 198 257 87 164 83 244 75 143 191 270 187 118 185 130 226 267 73 219 70 228 114 73 250 200 193 0 196
126 275 124 88 201 108 97 231 240 166 180 141 250 217 185 168 118 107 157 205 136 151 92 277 117 166 171 129 276 210 196 70 105 152 121 96 144 143 267 149 162 127 74 121 173 226 151 130 215 212 105 249 226 226 244 75 182 231 214 162 195 93 82 111 255 73 206 79 158 245 225 121 256 233 226 219 89 143 271 191 154 192 235 236 117 184 100 93 176 185 271 107 162 106 81 201 96 241 83 134 254 118 243 100 264 122 265 124 165 149 268 123 80 253 208 273 112 221 174 209 134 94 98 178 153 101 189 236 74 257 238 216 92 229 219 235 81 274 198 0
