20
0 7 16 5 15 18 18 5 5 15 8 8 11 15 7 16 13 12 8 11
0 999  56 118  41 98  32 95  38 119  57 107  44 85  40 83  58 100  50 134  66 130  53 128  37 101  53 95  55 87  45 93  58 98  55 133  36 102  28 63
0 17 13 14 21 36 33 14 24 15 31 18 13 33 28 18 35 32 29 21
18 0 38 31 27 18 32 40 24 25 16 32 21 30 15 33 11 12 38 26
31 16 0 33 10 15 18 36 40 34 13 10 40 31 27 14 25 40 35 32
23 39 17 0 19 11 40 10 29 38 22 21 34 25 33 37 31 14 30 24
38 31 39 35 0 38 37 21 14 14 18 38 22 34 13 27 13 10 28 14
31 19 32 20 14 0 12 11 27 16 37 40 17 39 11 16 14 19 11 10
13 27 19 17 38 10 0 11 28 20 39 19 22 10 38 23 26 32 11 20
28 14 23 11 35 39 31 0 12 35 39 16 38 11 20 29 22 16 25 35
31 13 29 18 20 11 27 31 0 29 14 33 21 26 16 38 20 13 36 13
19 29 17 12 27 20 18 12 35 0 19 40 40 12 31 12 20 17 25 35
21 29 15 30 23 23 10 25 35 22 0 34 29 36 13 33 19 26 30 11
20 29 12 10 32 39 17 21 11 25 35 0 13 20 28 24 15 28 39 21
26 28 12 28 19 35 29 26 20 19 10 39 0 31 38 39 12 26 22 28
20 36 36 10 37 14 37 29 26 39 27 27 28 0 12 30 21 39 12 18
16 30 26 11 13 11 33 40 34 20 27 16 28 22 0 30 19 10 16 19
30 38 34 33 24 32 10 17 20 35 18 29 11 32 32 0 20 21 16 17
20 14 37 24 34 37 39 16 25 18 19 38 16 10 19 28 0 13 22 19
36 31 10 39 14 34 12 26 29 40 33 35 30 22 14 24 29 0 26 26
18 31 21 40 28 35 39 17 16 13 20 40 40 29 11 15 26 15 0 16
29 31 10 17 10 39 17 23 26 35 26 35 16 19 20 15 34 36 11 0
