20
0 6 7 7 9 9 11 9 17 13 20 5 5 8 18 6 9 7 19 13
0 999  53 132  53 112  28 61  49 86  43 132  51 135  50 112  57 136  41 109  45 76  46 105  68 110  34 92  52 130  31 106  54 93  33 95  52 112  42 106
0 27 31 21 25 14 22 35 38 26 25 11 34 12 29 10 27 27 31 30
21 0 30 18 29 40 21 10 10 26 13 21 33 35 28 31 30 24 40 27
12 27 0 30 10 13 22 13 15 29 18 40 32 30 24 25 26 15 32 16
26 39 15 0 24 40 28 13 18 35 29 34 26 27 38 17 11 20 20 10
12 29 15 14 0 38 36 34 29 13 10 26 24 38 11 28 39 26 27 27
25 28 10 35 26 0 33 40 27 30 32 37 35 20 13 21 13 25 25 24
22 27 29 27 40 27 0 27 12 23 24 28 14 34 28 38 29 12 15 17
35 27 18 29 31 27 40 0 33 30 40 33 23 28 20 29 20 28 23 23
18 37 35 12 37 12 30 29 0 32 36 40 26 23 23 22 34 33 17 27
38 34 24 10 35 33 24 18 23 0 24 25 34 26 24 15 34 15 39 34
29 10 22 12 22 39 26 25 24 22 0 22 23 29 17 12 21 34 28 40
38 18 35 36 36 16 39 34 27 40 20 0 26 16 35 23 17 29 29 18
10 11 13 23 29 13 29 25 19 11 24 25 0 32 10 13 18 17 38 30
25 12 40 12 36 38 21 18 18 30 24 28 18 0 22 21 27 30 39 29
10 28 31 25 13 13 37 39 38 35 16 40 25 18 0 25 33 13 31 35
21 36 32 39 23 36 31 35 39 21 30 22 33 40 19 0 36 13 18 33
39 21 18 28 18 12 19 17 26 40 27 36 24 37 30 21 0 28 33 31
17 40 27 38 31 11 33 17 26 25 15 18 39 22 28 29 35 0 18 11
20 30 31 32 27 29 11 10 25 32 39 24 19 28 11 38 26 39 0 20
37 16 20 18 33 25 33 13 33 23 21 27 20 34 33 28 35 38 39 0
