20
0 17 5 19 7 13 6 16 13 7 13 14 11 16 14 12 9 16 5 12
0 999  26 106  66 114  38 119  45 93  15 89  60 143  23 82  74 133  48 119  55 98  76 115  35 73  48 125  42 102  44 106  38 106  61 104  38 120  54 93
0 18 29 13 37 10 28 14 38 13 35 37 10 20 27 18 16 26 13 29
39 0 22 28 36 28 26 15 34 39 20 15 37 32 14 36 40 26 30 11
22 40 0 13 12 38 17 10 31 30 12 32 38 14 11 39 27 25 13 15
21 11 33 0 38 21 32 32 13 28 16 16 32 27 23 38 16 22 12 24
38 15 21 32 0 26 15 32 32 16 36 12 40 13 14 35 32 29 15 20
32 25 12 31 18 0 16 10 21 15 12 15 40 11 34 36 30 11 39 34
32 11 15 33 15 34 0 14 10 20 22 35 20 10 12 34 23 39 13 30
25 40 40 37 29 36 38 0 21 35 20 18 30 28 15 20 14 34 30 16
28 30 20 12 38 38 38 12 0 32 21 33 27 18 37 33 14 27 28 18
19 36 25 19 16 10 20 14 20 0 16 18 15 27 38 25 23 20 29 35
24 37 23 40 23 31 32 40 38 17 0 37 33 20 27 28 40 40 17 40
17 19 24 30 21 24 37 22 20 23 33 0 14 11 16 38 27 32 11 27
26 35 24 19 37 26 10 36 24 26 35 31 0 12 15 31 40 10 16 37
31 19 25 20 40 12 34 28 25 29 10 20 20 0 40 22 13 31 13 25
16 15 31 34 28 38 23 29 32 21 37 37 25 26 0 14 29 20 30 27
39 36 10 38 20 37 17 11 37 31 20 23 16 20 28 0 32 29 30 12
34 31 37 17 22 36 19 39 26 18 24 26 36 33 24 32 0 11 31 20
19 21 37 20 22 18 36 20 17 28 25 38 28 37 34 36 14 0 36 23
38 25 37 25 21 32 13 34 35 27 30 40 14 34 24 17 17 12 0 24
36 12 15 12 20 16 20 24 21 27 10 27 17 13 13 11 36 21 12 0
