20
0 10 9 15 16 20 18 20 6 10 18 13 11 8 11 13 12 6 18 17
0 999  47 135  31 117  77 113  44 134  46 103  61 128  66 104  60 142  31 95  58 112  26 64  39 74  64 141  62 103  60 141  43 77  32 75  61 110  28 114
0 39 16 40 34 24 38 35 36 20 20 13 19 28 28 24 35 14 29 23
26 0 38 20 23 31 19 25 31 34 24 15 16 19 28 11 35 39 28 13
21 27 0 27 12 39 37 13 22 22 24 35 27 34 17 29 18 37 34 15
32 19 17 0 22 22 12 39 28 23 24 17 27 22 34 27 22 27 34 25
19 19 18 19 0 24 16 28 31 21 17 15 29 17 28 29 38 27 30 35
33 12 20 11 27 0 15 29 18 23 11 19 15 22 15 26 15 15 32 10
12 31 24 34 21 32 0 31 15 22 18 19 20 34 28 31 15 13 37 33
10 27 18 15 32 40 38 0 21 26 29 39 36 28 15 39 15 15 20 38
39 20 29 32 10 26 12 31 0 11 14 14 34 23 40 31 13 28 13 20
16 35 29 19 17 35 21 17 38 0 33 40 30 22 19 35 14 28 23 15
12 33 30 20 38 38 11 29 30 37 0 21 35 12 35 31 19 29 25 12
37 13 37 36 23 31 15 31 34 40 19 0 17 26 10 39 34 26 30 18
26 10 32 40 13 15 30 34 15 22 32 23 0 30 36 10 22 13 23 39
23 27 37 25 37 21 15 18 18 29 19 22 26 0 40 16 30 10 36 29
29 18 29 31 24 20 35 20 12 37 17 33 19 26 0 25 32 28 35 12
24 30 18 40 14 39 15 22 17 11 34 30 36 32 18 0 34 25 40 15
10 21 20 22 22 13 20 17 26 15 30 34 32 14 35 23 0 14 28 37
28 40 10 12 37 17 35 39 36 14 39 22 39 21 18 21 16 0 27 26
14 17 26 28 12 33 13 16 16 14 23 31 29 11 24 10 27 25 0 21
31 10 29 29 18 28 37 37 13 27 19 33 16 13 21 21 15 13 11 0
