20
0 13 6 9 17 16 19 16 14 20 19 17 7 9 18 7 7 14 15 8
0 999  48 96  71 141  42 116  49 109  37 101  66 137  43 127  50 81  29 75  44 117  69 139  43 121  48 118  54 100  27 81  41 87  60 131  68 98  67 119
0 33 33 34 12 12 38 38 34 22 35 38 35 18 16 18 23 39 36 40
29 0 17 17 37 12 38 23 38 22 14 33 11 15 35 23 19 37 23 21
21 11 0 33 32 38 34 39 14 18 28 28 20 15 25 34 32 26 36 11
22 32 25 0 30 16 17 40 21 23 26 18 25 17 31 27 35 33 13 14
20 40 18 15 0 36 31 19 17 17 33 26 28 21 40 39 26 27 40 38
15 33 31 27 32 0 33 18 16 38 13 38 18 31 21 27 20 10 20 25
17 19 17 17 14 24 0 14 25 36 26 15 13 22 28 23 40 34 33 37
25 28 36 16 10 40 23 0 40 11 27 25 32 39 24 28 11 18 25 17
40 22 19 26 24 40 29 12 0 19 25 16 27 38 25 21 34 38 11 33
28 31 36 39 14 25 34 26 40 0 25 34 35 10 32 28 31 11 16 14
18 25 27 12 29 24 36 24 28 25 0 39 11 32 37 19 23 16 30 35
25 14 12 25 36 27 26 10 31 30 14 0 21 18 35 36 27 29 36 35
12 33 16 11 25 15 19 25 12 15 31 38 0 27 40 26 22 15 20 26
34 29 30 21 33 15 32 33 22 28 30 24 31 0 18 37 20 23 30 36
24 21 12 23 32 40 37 15 30 13 26 15 19 26 0 27 26 31 21 23
12 28 22 28 39 29 25 23 19 38 24 37 31 18 13 0 37 14 31 28
10 17 12 32 22 10 21 12 18 18 30 16 26 21 22 40 0 18 35 14
25 30 23 24 13 30 21 33 12 30 18 16 40 21 32 39 32 0 13 26
22 33 21 36 20 36 32 26 22 30 26 13 26 18 10 40 22 16 0 23
24 28 17 35 36 26 13 19 13 11 40 33 13 15 35 39 35 17 15 0
