30
0 19 6 17 12 5 18 20 12 18 18 17 18 6 7 9 8 9 6 17 11 19 20 6 13 9 18 6 19 9
0 999  101 212  56 180  115 184  76 134  85 157  82 125  97 141  104 142  77 108  75 156  82 154  48 149  33 155  62 144  49 118  77 111  38 109  46 118  96 134  82 156  54 101  66 121  75 169  60 142  68 103  46 137  79 125  76 198  84 147
0 50 39 55 37 29 32 47 56 31 55 38 26 23 19 44 51 31 19 42 41 18 40 38 20 47 33 31 54 45
36 0 60 23 39 49 32 51 46 33 30 46 27 53 16 48 53 57 32 33 28 16 44 41 41 50 58 19 33 51
36 53 0 52 34 31 22 58 35 20 16 33 46 24 45 39 38 29 47 37 31 49 54 22 31 24 33 20 58 57
32 29 43 0 42 44 30 44 15 36 38 51 36 30 52 19 17 15 42 17 35 19 22 60 41 59 46 30 58 39
59 47 35 27 0 20 52 27 30 42 22 38 39 53 54 47 39 57 19 42 41 47 49 50 18 22 31 49 37 43
34 17 21 51 35 0 58 50 18 24 27 17 38 34 43 31 25 24 55 45 31 59 55 54 49 36 55 18 20 34
53 44 25 22 38 55 0 21 26 60 59 49 39 52 40 41 30 17 29 36 57 50 37 52 34 15 60 34 25 50
37 17 27 46 40 19 58 0 49 44 33 26 32 54 52 28 60 20 28 32 24 37 51 39 51 44 27 43 30 15
26 23 60 40 53 37 36 18 0 43 15 23 15 32 30 52 27 41 19 26 27 51 21 28 44 36 30 51 15 54
33 30 34 48 26 21 37 22 39 0 16 38 43 17 28 52 51 23 54 20 54 25 26 24 58 22 54 55 36 15
52 50 24 45 27 36 53 42 51 33 0 23 35 50 45 33 44 17 51 32 40 26 20 30 28 52 15 39 42 60
29 20 54 39 59 26 50 56 38 54 24 0 35 16 17 15 15 28 60 32 38 45 38 20 40 30 23 37 36 51
40 36 26 32 45 23 54 18 42 33 15 50 0 47 49 40 49 15 25 51 58 31 27 29 22 20 59 21 18 52
33 50 44 26 17 21 59 17 24 16 42 45 16 0 31 23 28 55 50 38 31 46 54 42 15 49 26 36 48 31
45 56 25 26 32 35 36 56 53 51 58 57 54 37 0 28 20 17 17 50 34 19 54 21 44 58 29 50 39 41
35 35 35 18 53 54 31 20 24 52 29 30 25 39 29 0 38 48 28 35 33 54 32 46 49 15 60 28 40 47
30 17 29 40 43 60 42 47 43 41 37 51 28 29 33 44 0 18 18 38 48 51 58 47 54 21 27 40 60 56
28 29 28 45 42 43 57 33 52 32 45 25 38 50 53 56 34 0 27 21 37 27 24 53 18 21 44 39 27 21
52 51 19 34 52 33 49 60 28 22 40 60 39 44 57 39 51 30 0 57 38 35 16 57 51 43 25 57 35 45
24 58 52 29 17 20 26 15 16 55 29 37 44 58 59 30 28 23 49 0 46 51 53 29 52 47 41 22 59 52
45 23 31 45 32 53 19 58 55 52 32 38 36 38 19 38 60 20 21 36 0 32 30 30 55 15 17 30 48 60
28 21 23 27 55 40 35 27 32 49 55 50 55 25 52 38 30 29 44 33 42 0 56 35 43 53 48 43 49 15
27 37 55 25 32 46 52 57 48 53 23 56 48 34 22 18 35 55 55 55 18 60 0 27 35 21 27 29 50 44
33 38 59 38 57 15 33 32 59 17 21 52 36 54 29 27 54 47 59 28 41 19 35 0 31 35 20 28 57 18
51 48 28 26 23 26 30 39 55 55 19 52 23 30 59 50 54 16 34 16 33 33 42 35 0 53 31 19 32 37
30 20 18 37 26 22 27 44 16 57 41 16 38 47 60 20 49 18 36 16 31 21 31 53 48 0 57 30 45 38
34 46 39 21 42 15 34 38 32 28 55 29 41 44 59 32 49 20 52 48 36 45 50 37 44 37 0 57 57 53
36 60 38 56 47 31 36 24 17 20 27 45 24 58 28 30 16 30 38 35 49 31 40 58 36 48 23 0 15 28
55 29 26 52 33 20 21 46 48 47 33 35 24 51 58 54 25 59 19 33 24 50 30 24 19 52 23 47 0 48
15 41 51 49 36 53 44 54 58 18 21 52 41 24 50 25 24 53 33 35 51 40 41 53 15 18 30 52 58 0
