30
0 13 6 8 8 19 12 7 13 11 20 7 12 11 18 14 18 13 15 13 19 13 8 18 13 7 17 10 17 10
0 999  79 149  53 103  23 69  90 192  70 185  93 207  51 96  90 128  43 132  66 182  37 80  64 129  56 138  62 155  42 161  95 165  59 114  56 174  99 135  85 186  70 132  98 139  66 120  48 142  87 169  58 123  76 155  72 172  95 220
0 45 33 17 45 54 35 43 51 30 27 31 50 41 54 29 52 35 48 43 34 30 58 25 34 32 52 33 23 36
60 0 42 30 38 60 38 18 39 16 27 60 17 25 49 21 37 53 46 28 19 40 55 25 28 22 40 38 22 42
52 50 0 26 22 24 26 16 54 28 22 20 23 21 53 60 16 16 37 33 21 59 30 24 58 28 43 35 19 58
28 34 23 0 19 17 54 31 43 48 21 48 40 40 60 56 60 38 29 39 39 20 45 25 26 55 22 21 29 56
48 43 24 15 0 49 44 30 56 15 41 51 44 18 31 57 41 43 20 47 50 26 34 37 36 53 59 57 38 24
40 22 33 17 43 0 21 30 44 45 27 15 31 51 22 32 24 20 18 44 50 25 36 59 55 40 42 51 58 44
43 23 20 28 41 23 0 32 27 59 27 46 25 52 38 50 53 27 22 47 56 46 58 44 38 55 29 48 58 21
25 20 28 41 45 60 38 0 38 48 51 48 15 26 39 56 46 40 59 38 16 17 45 46 27 23 37 40 34 57
25 19 31 44 22 51 49 45 0 56 29 56 60 47 15 26 44 22 47 55 51 53 52 25 39 15 24 20 53 59
28 56 20 55 25 46 47 51 46 0 23 36 37 48 45 60 26 57 23 57 56 30 28 17 52 38 28 19 58 44
43 15 54 39 48 38 45 44 56 30 0 23 31 33 58 55 22 60 41 21 59 60 29 37 29 27 57 34 49 18
35 27 28 49 31 38 25 26 58 29 38 0 60 39 20 22 59 35 50 40 54 55 55 60 24 27 46 46 43 49
57 50 57 52 25 20 22 27 48 26 48 37 0 46 36 47 26 17 19 47 53 27 59 34 57 23 29 40 34 53
58 18 54 32 19 54 40 28 22 37 40 55 50 0 48 46 48 30 32 32 36 23 46 24 50 18 43 22 42 28
44 56 42 59 17 29 41 19 48 46 35 40 32 57 0 26 49 36 36 17 35 54 52 18 34 17 29 45 53 26
49 26 23 51 33 34 48 21 29 37 36 24 17 21 42 0 21 38 20 46 19 51 28 25 30 41 26 26 53 28
41 59 49 37 54 15 23 22 49 38 53 57 34 18 49 46 0 38 18 59 38 26 42 39 38 29 43 23 59 16
40 45 32 41 52 35 21 26 40 38 49 21 25 25 27 21 18 0 28 24 55 41 26 34 42 42 46 48 29 29
37 52 52 40 27 60 35 33 47 47 20 47 53 44 46 27 30 22 0 26 53 30 28 41 34 19 59 26 15 23
56 28 42 40 55 49 56 16 32 26 47 21 50 46 54 30 41 36 40 0 19 53 22 50 26 38 37 21 58 22
20 39 30 16 58 44 57 31 22 31 27 30 15 55 29 44 32 34 23 56 0 30 17 56 51 48 23 57 47 60
51 45 41 47 42 38 24 34 16 49 43 16 39 17 24 22 47 50 60 27 49 0 59 17 38 24 38 45 17 26
43 44 58 51 20 22 39 22 39 47 59 44 36 17 28 30 54 54 20 25 51 33 0 50 40 53 24 40 56 60
35 43 29 21 43 43 49 55 54 59 34 20 30 38 32 19 29 17 24 57 45 58 52 0 25 60 44 48 20 33
58 23 22 17 35 33 35 59 19 56 47 46 15 19 60 36 33 15 50 52 20 58 33 56 0 42 44 32 60 33
44 43 38 47 55 54 51 42 43 30 29 36 48 39 54 60 20 43 22 53 18 36 60 29 31 0 23 42 30 60
16 42 32 38 34 50 47 27 58 32 40 30 58 55 58 36 23 59 55 22 34 32 60 51 46 24 0 35 55 39
47 47 32 19 49 16 18 51 56 40 16 48 19 35 27 32 46 47 24 51 26 56 28 52 51 41 39 0 23 52
34 44 52 38 58 23 22 23 43 35 44 20 33 52 38 41 46 53 18 59 39 33 45 60 53 37 53 17 0 31
46 52 33 34 56 30 22 49 33 33 57 55 51 58 37 56 56 54 48 58 30 35 40 30 56 23 31 15 38 0
