30
0 10 14 17 7 5 10 15 9 11 13 18 10 6 17 19 19 10 8 16 15 6 19 8 20 8 11 8 14 7
0 999  61 124  45 155  89 202  78 125  65 178  51 108  62 103  50 147  47 109  27 146  45 166  80 114  96 143  83 170  61 183  77 134  87 168  51 94  84 124  103 205  45 103  61 91  114 145  73 140  59 124  68 127  50 123  64 116  50 169
0 25 35 39 30 25 34 18 21 41 17 28 38 48 37 18 24 31 41 34 51 38 43 60 29 32 41 40 53 38
51 0 25 18 39 28 22 53 18 26 22 32 15 56 56 18 51 22 27 45 39 39 16 47 45 51 41 57 33 21
60 33 0 29 34 43 43 17 41 55 32 20 23 19 39 40 55 29 27 19 26 34 19 47 31 52 21 28 52 38
23 37 16 0 55 26 47 34 53 18 49 57 52 27 34 41 38 57 50 32 50 54 43 24 56 47 57 34 28 33
54 30 17 45 0 55 40 29 18 55 27 22 34 48 40 49 35 35 43 21 50 43 36 41 26 34 43 37 33 56
41 21 25 20 21 0 22 53 47 54 20 18 59 34 16 23 51 15 37 54 53 48 26 42 46 52 33 59 15 28
51 16 47 25 47 33 0 18 38 38 59 25 29 47 45 41 15 18 46 34 56 52 23 24 42 21 33 53 40 41
15 49 55 51 29 31 55 0 42 22 21 31 34 39 33 53 20 60 53 52 48 46 40 28 57 25 19 54 23 19
37 22 15 17 32 24 40 31 0 55 32 34 18 60 54 21 33 53 17 25 16 34 58 56 20 23 38 57 33 33
24 37 34 16 53 20 33 52 19 0 16 41 60 59 21 37 31 44 55 36 26 27 46 55 16 15 40 36 46 55
53 18 16 41 37 27 24 43 57 35 0 31 32 25 47 42 56 50 50 46 27 29 46 36 34 39 21 22 39 46
24 23 39 46 58 20 24 33 52 50 60 0 51 25 42 21 50 46 57 36 44 28 34 43 32 43 40 33 16 44
19 30 29 51 53 37 49 35 17 47 42 57 0 19 16 59 48 44 48 15 16 37 22 25 54 54 20 49 22 17
21 16 27 33 24 48 56 45 51 58 41 26 19 0 51 50 49 35 27 19 53 37 51 43 15 21 35 37 22 50
42 48 31 53 52 51 60 18 20 48 35 15 53 17 0 38 34 19 22 29 18 59 38 26 17 37 34 19 37 40
38 45 52 57 49 52 30 27 39 60 19 58 47 54 46 0 47 49 37 36 24 39 49 15 56 43 42 50 56 53
39 31 20 43 30 30 42 23 60 27 60 20 35 31 59 46 0 17 37 39 56 59 52 20 18 34 22 33 52 21
49 38 30 55 32 54 29 60 32 37 21 25 43 60 15 37 56 0 47 48 39 52 27 54 44 44 43 59 22 25
38 18 17 50 48 37 32 47 58 29 30 34 43 15 16 29 58 43 0 44 52 49 16 37 36 57 30 22 51 48
39 27 19 42 26 26 37 39 18 43 24 23 41 52 26 35 46 44 27 0 46 31 42 50 41 36 28 36 58 60
55 47 28 23 39 39 44 25 26 16 17 39 36 43 16 23 32 57 31 32 0 43 54 55 28 33 33 53 60 26
30 31 60 24 56 26 53 47 17 29 23 32 54 19 44 53 35 15 36 38 57 0 56 20 40 23 15 23 41 43
31 25 59 25 25 56 35 32 52 56 49 24 19 19 36 31 36 58 43 38 50 34 0 49 36 31 26 16 21 42
18 52 19 18 42 49 24 46 39 37 41 38 49 35 54 49 26 17 55 16 31 21 28 0 21 53 42 44 19 33
41 35 48 39 34 45 15 29 30 29 42 44 39 41 50 22 52 20 48 51 27 29 31 44 0 48 24 25 60 38
56 19 56 34 30 48 41 50 58 52 38 48 49 15 40 29 46 18 37 25 38 38 24 30 31 0 52 21 17 18
32 19 53 41 19 36 49 47 37 52 59 17 16 28 50 26 56 44 60 32 36 53 28 32 45 40 0 54 35 33
57 48 25 48 24 43 17 26 30 16 60 47 16 54 16 17 51 52 20 40 34 18 41 22 27 32 43 0 22 34
44 19 37 34 43 20 23 40 15 18 27 52 49 52 46 49 51 17 17 29 19 46 30 18 40 21 44 35 0 41
28 38 19 25 35 55 15 56 50 53 52 45 22 26 22 37 48 26 16 23 20 36 37 26 26 37 44 35 54 0
