30
0 14 9 7 8 17 17 17 17 16 11 9 9 17 8 11 14 13 6 7 17 9 17 19 13 15 16 7 6 15
0 999  95 220  51 158  52 89  61 138  38 158  36 108  29 119  65 98  77 156  75 141  50 156  89 152  70 126  55 102  89 170  71 173  105 175  64 111  92 216  66 122  98 187  41 164  59 89  66 134  49 161  111 188  109 183  82 187  60 139
0 44 18 38 35 27 16 18 44 37 58 19 54 49 24 51 48 55 16 47 55 52 36 44 44 38 58 57 27 23
36 0 22 25 56 17 53 31 19 50 31 32 49 22 24 46 50 52 42 39 41 37 32 37 39 40 39 42 20 17
20 45 0 35 46 45 21 57 22 60 41 55 32 17 28 20 37 20 46 36 49 40 53 20 47 27 20 40 33 36
41 31 25 0 38 44 36 34 20 56 50 29 51 47 18 22 50 48 56 47 56 42 33 44 20 26 42 17 57 23
33 49 30 19 0 15 47 28 38 57 52 34 44 44 53 46 24 34 52 39 42 34 31 33 47 27 41 19 56 53
17 18 30 27 43 0 16 43 30 27 52 51 54 35 16 38 38 46 24 50 33 59 56 60 46 47 43 21 32 34
46 58 50 47 44 32 0 46 18 35 31 48 28 31 42 39 46 55 45 25 49 44 23 24 53 35 36 35 20 54
26 39 22 58 25 47 20 0 48 51 26 57 40 44 30 20 31 45 47 48 27 33 41 60 32 39 21 52 19 15
35 44 20 52 23 44 57 29 0 49 28 27 43 33 29 38 47 51 57 50 55 27 44 35 46 49 45 44 44 37
20 29 17 20 19 21 47 48 59 0 47 49 33 37 42 19 52 20 26 25 39 42 56 24 38 55 55 16 53 31
49 46 50 34 58 44 42 26 56 41 0 18 36 59 44 57 41 38 40 17 37 23 27 57 44 29 55 58 42 31
20 51 19 21 55 24 56 30 37 25 26 0 21 18 49 53 32 57 37 26 55 26 38 56 26 47 42 31 22 58
57 37 21 29 42 39 55 48 27 34 47 24 0 43 34 22 29 28 59 60 29 16 43 49 26 57 30 45 54 46
46 44 51 16 52 42 60 28 60 31 30 40 52 0 30 47 16 40 56 46 18 55 21 54 17 19 54 42 21 15
23 31 56 27 37 43 41 49 40 54 28 56 51 19 0 29 31 30 56 32 50 16 53 27 46 48 25 50 38 47
42 43 43 34 55 55 41 23 18 37 43 54 43 49 32 0 56 39 29 33 56 44 49 24 26 20 51 35 26 20
18 23 38 31 15 15 48 54 19 17 29 18 44 37 31 43 0 30 20 51 52 37 57 16 58 48 49 40 29 36
47 39 20 44 15 27 28 17 17 47 44 28 38 41 51 49 48 0 27 15 60 45 48 39 21 50 39 46 18 28
22 54 35 58 36 58 16 20 58 41 37 29 22 33 33 20 23 37 0 24 48 47 18 21 43 48 28 54 17 50
32 35 36 53 25 20 45 21 53 42 58 49 48 25 58 46 29 57 21 0 20 24 17 27 36 42 58 21 24 39
50 44 28 37 27 23 26 52 36 21 44 31 60 31 41 30 20 28 50 15 0 39 47 42 29 42 33 22 26 46
16 42 53 54 17 22 27 31 42 24 21 19 20 24 40 35 33 34 34 31 51 0 37 15 21 28 56 52 27 37
32 53 19 47 51 46 57 38 32 39 31 18 58 39 29 15 17 42 21 50 23 47 0 16 19 53 21 47 56 37
43 49 56 24 50 36 30 33 53 15 21 46 46 37 41 58 47 52 32 34 15 30 20 0 50 50 46 35 35 29
30 44 34 35 26 25 36 39 52 52 20 37 22 37 29 48 43 39 38 21 60 57 51 18 0 36 42 19 35 58
42 20 56 55 29 59 34 43 39 22 60 16 15 46 31 41 33 36 54 30 56 17 49 48 27 0 36 26 33 28
21 21 41 54 45 42 16 16 23 56 53 57 54 43 21 37 40 46 52 50 18 50 35 30 15 21 0 37 52 53
56 60 43 53 60 26 59 54 55 34 28 60 19 30 36 42 33 30 16 40 40 35 51 19 41 20 17 0 22 46
35 15 31 20 19 52 37 33 23 36 18 40 26 30 18 40 19 35 60 45 37 23 28 15 58 32 47 44 0 35
31 18 46 44 19 34 59 39 15 48 25 48 37 40 57 18 28 46 49 16 44 21 58 50 21 18 27 22 18 0
