30
0 16 13 5 20 13 6 12 19 19 19 7 16 14 17 17 19 14 5 13 12 17 8 8 7 20 19 7 16 13
0 999  37 116  85 131  86 119  61 180  95 147  36 76  47 92  41 112  47 115  77 166  111 155  96 126  38 94  24 106  54 177  85 148  90 152  41 153  68 135  48 84  30 127  64 169  44 82  26 66  66 140  32 98  61 173  71 105  52 162
0 20 48 53 30 43 25 35 17 27 29 51 45 21 18 29 36 60 31 31 19 15 38 24 21 25 17 54 54 45
36 0 55 52 55 45 49 43 53 58 56 28 46 41 22 25 38 35 37 52 43 49 60 55 32 31 20 35 56 41
22 45 0 38 31 56 29 58 15 35 52 43 20 38 18 27 27 45 45 39 26 25 51 58 47 27 39 44 53 21
32 37 46 0 31 20 19 36 29 37 37 21 30 56 49 19 46 19 50 49 31 59 20 39 22 31 56 17 15 28
24 16 38 37 0 27 45 51 49 41 17 53 52 28 34 20 38 51 24 57 23 54 45 44 43 42 57 29 57 26
43 22 52 46 43 0 41 39 39 28 43 32 32 31 16 26 46 57 25 26 29 59 40 16 18 35 28 31 33 34
38 19 21 59 48 43 0 35 28 46 19 24 50 50 36 36 45 20 27 29 18 37 35 55 29 20 27 19 55 41
39 27 45 54 26 54 44 0 59 39 36 36 45 28 42 46 45 32 24 20 59 39 59 21 39 42 20 31 33 35
42 44 33 52 15 60 45 33 0 20 59 23 28 22 56 15 48 37 30 49 43 24 17 25 18 16 41 34 28 41
29 28 26 46 48 33 57 20 42 0 35 41 32 31 33 33 54 37 33 22 40 45 53 32 47 46 54 42 54 15
17 18 29 45 24 29 56 31 27 35 0 39 60 44 21 32 27 41 41 22 55 41 59 30 50 27 20 39 24 25
46 45 36 46 33 29 58 24 21 36 47 0 31 44 35 55 32 34 41 40 25 18 23 21 17 30 49 30 44 57
20 46 60 55 33 24 42 16 18 22 52 54 0 56 27 29 43 27 35 28 25 41 19 37 60 21 19 42 52 47
53 54 34 30 53 34 52 49 58 26 47 26 53 0 57 21 33 26 27 33 31 28 42 20 56 37 20 39 43 25
25 50 51 20 38 18 33 28 51 20 31 58 45 40 0 25 50 43 58 17 60 49 25 26 55 59 46 24 31 47
25 34 47 27 34 57 43 19 58 17 31 25 53 52 48 0 20 25 41 58 54 40 27 16 50 32 32 31 39 38
46 25 22 45 50 55 48 32 30 37 22 31 17 35 59 53 0 47 23 44 23 54 35 53 33 53 48 15 20 36
58 55 17 41 31 53 35 40 50 59 44 17 51 31 55 59 58 0 24 47 47 55 44 23 54 20 41 32 51 32
48 32 17 29 36 22 50 43 35 41 22 17 27 29 24 16 50 39 0 16 45 17 23 37 40 51 20 27 21 56
30 16 39 46 36 40 34 56 57 53 37 46 54 40 15 55 52 27 54 0 24 21 27 40 36 54 27 56 44 43
29 55 37 21 59 24 28 35 28 20 17 19 40 35 40 57 20 36 19 44 0 20 16 54 49 50 21 55 34 16
38 50 55 28 58 35 20 22 22 51 19 17 32 52 42 36 30 55 25 26 25 0 16 55 52 40 42 28 22 28
47 15 30 36 33 24 28 23 55 28 43 53 30 31 27 53 31 31 15 49 59 31 0 34 47 15 17 45 33 15
57 31 27 40 59 17 20 42 22 47 25 19 49 29 16 46 23 23 38 60 40 56 43 0 51 23 29 46 46 27
35 40 35 40 55 35 26 18 25 31 59 23 23 28 42 25 16 47 36 35 44 57 18 56 0 52 17 57 54 47
46 39 46 16 30 44 48 40 41 34 55 21 46 25 24 46 47 28 47 57 18 35 57 41 38 0 39 50 35 57
44 53 30 39 33 57 56 50 31 40 53 50 40 47 55 29 35 24 34 45 22 31 48 60 57 26 0 43 20 32
53 19 17 52 30 21 22 49 18 17 36 37 31 32 60 22 60 50 56 18 37 28 30 17 20 16 51 0 60 57
49 26 40 59 38 60 50 51 35 56 15 21 43 44 59 21 55 31 43 33 59 27 27 47 17 30 30 21 0 52
22 45 30 46 35 21 19 27 32 25 32 33 22 32 54 22 58 42 46 25 50 55 36 19 22 40 58 30 38 0
