50
0 17 11 13 10 10 15 6 14 17 9 14 20 12 5 13 19 17 8 13 8 17 5 8 19 20 6 5 19 17 20 9 5 6 16 14 20 11 6 19 18 6 20 13 10 12 11 5 12 7
0 999  141 181  33 213  145 275  78 239  91 186  131 274  66 218  58 189  93 178  126 291  69 224  140 277  163 199  130 306  79 196  165 357  90 221  145 306  162 306  130 216  159 203  182 269  82 212  103 237  144 289  172 271  118 296  96 272  69 116  178 349  90 218  142 191  124 292  84 269  83 253  106 179  145 203  126 285  82 247  104 170  88 147  119 221  106 253  115 273  75 138  136 202  154 220  40 153  103 180
0 58 27 88 60 74 76 46 28 38 52 54 52 98 49 55 100 84 99 89 33 62 88 46 52 50 80 98 27 45 93 46 91 66 78 62 28 86 100 46 31 61 82 99 81 60 96 90 27 74
58 0 71 33 100 80 65 86 42 31 98 100 77 86 88 73 50 98 85 41 38 95 98 88 40 61 25 59 51 34 90 89 38 43 78 28 75 68 61 33 41 49 76 78 67 28 73 76 51 69
64 48 0 55 59 59 88 79 39 69 75 53 89 35 80 31 56 77 82 85 100 27 97 81 65 28 77 36 94 94 81 92 64 100 70 88 33 91 82 63 98 78 90 89 88 52 73 81 43 88
55 53 91 0 69 98 87 47 46 74 51 69 32 50 45 74 26 69 95 35 60 45 64 73 75 100 51 29 58 31 49 91 32 84 42 38 49 66 27 59 73 62 87 72 71 96 84 40 100 85
89 53 31 94 0 71 32 49 43 28 96 40 41 84 27 82 83 38 63 73 89 96 62 92 95 69 79 71 90 29 72 90 33 37 38 49 33 37 49 71 31 95 83 57 28 94 99 74 60 32
31 49 86 61 91 0 79 86 39 43 30 93 94 51 85 76 38 40 95 36 92 79 33 45 66 81 37 52 26 35 43 58 39 84 84 63 100 40 27 88 94 29 76 60 29 64 60 96 36 75
97 55 73 84 43 62 0 74 39 30 94 37 56 92 37 67 63 31 35 87 64 32 52 49 43 46 58 87 69 57 97 61 33 94 28 90 47 86 96 32 31 43 46 68 68 69 37 35 31 72
68 81 82 77 83 63 66 0 90 61 28 88 76 25 35 93 26 64 30 60 93 70 99 56 41 36 30 67 33 38 95 45 25 42 58 72 75 35 72 99 27 84 49 41 75 65 64 59 60 35
95 90 72 91 72 60 28 62 0 94 45 38 68 91 55 85 57 78 72 98 59 70 88 88 71 41 90 43 41 64 68 59 80 68 31 60 94 43 90 34 65 86 69 86 87 71 41 81 87 88
80 53 85 86 45 85 90 34 92 0 54 65 47 99 88 39 87 47 52 57 54 84 50 92 85 93 82 100 52 28 60 62 83 95 70 98 74 95 26 92 41 53 77 99 99 32 95 40 68 66
95 62 77 86 71 94 28 30 100 95 0 49 72 71 85 96 93 64 33 76 92 54 82 72 74 73 86 54 45 26 47 32 53 55 63 29 81 54 88 63 69 47 58 65 73 88 78 41 28 83
99 61 35 47 42 30 95 59 52 77 83 0 30 46 96 58 80 48 59 55 80 41 28 54 36 57 55 32 74 55 46 57 91 53 58 60 99 86 91 48 83 37 78 93 98 72 53 63 94 68
84 55 87 27 54 55 66 98 59 98 58 61 0 63 48 86 57 92 48 59 33 70 84 73 84 85 64 86 69 60 57 91 50 36 61 66 73 83 70 55 78 25 27 55 64 40 90 58 28 100
84 40 99 65 36 79 25 84 83 98 37 66 83 0 73 81 45 98 57 54 92 53 69 84 33 74 79 47 85 46 49 85 70 56 66 25 97 25 34 74 48 92 98 89 69 55 70 59 37 72
74 29 77 77 33 37 88 72 97 68 66 43 90 68 0 39 97 47 81 98 41 74 37 64 98 27 79 40 29 59 30 61 87 53 47 74 26 45 86 68 63 60 43 69 84 26 50 67 55 59
97 80 54 96 98 38 34 53 59 58 91 70 46 86 27 0 52 71 33 36 55 99 65 48 95 30 40 33 78 42 66 87 98 51 76 96 92 75 58 84 83 89 86 76 26 93 46 56 54 87
44 97 79 31 55 74 61 27 64 57 82 92 92 98 57 74 0 70 32 36 39 52 75 38 55 28 47 37 41 59 26 47 77 74 59 100 38 96 97 71 79 47 45 71 32 49 80 92 93 26
36 42 44 54 40 46 50 40 90 62 76 28 100 44 40 62 43 0 29 62 40 61 92 26 64 82 81 75 70 65 60 81 29 41 34 50 84 82 30 63 96 44 43 40 26 90 89 43 72 50
91 65 91 100 57 72 100 47 37 37 26 78 32 50 36 44 54 72 0 82 46 41 46 63 82 84 84 32 28 32 49 97 68 61 99 36 35 92 62 98 96 76 45 90 53 52 97 85 98 41
94 65 95 41 29 83 48 61 58 34 33 29 94 59 87 71 29 44 99 0 67 57 27 80 41 52 40 40 81 28 97 57 26 44 82 29 64 93 81 68 82 100 99 35 60 75 63 39 86 55
87 63 44 89 26 90 98 78 75 50 43 91 75 34 72 94 81 37 96 63 0 38 97 25 39 42 26 68 42 63 73 37 97 73 26 51 40 49 82 80 31 98 66 62 67 53 61 78 63 50
31 78 61 55 46 76 86 58 46 41 35 43 64 96 56 93 68 57 53 37 30 0 31 26 86 82 95 96 73 40 61 25 71 55 99 85 75 93 98 75 29 27 66 81 54 27 41 53 41 62
42 59 77 32 59 99 38 26 83 39 89 59 66 100 40 79 46 43 70 62 81 85 0 81 38 39 97 53 60 76 58 26 95 73 68 59 34 75 46 25 83 39 37 78 29 92 63 73 51 38
53 43 36 82 95 55 65 61 87 45 41 33 84 98 87 63 44 75 51 43 62 36 79 0 89 88 32 96 58 49 72 80 51 61 93 54 48 79 64 76 77 80 38 66 43 30 44 38 74 53
90 64 25 98 65 57 33 60 68 45 25 75 80 37 68 54 33 80 29 68 95 37 91 94 0 70 51 90 95 88 71 66 82 42 41 43 49 63 86 82 97 63 97 38 60 85 61 97 38 77
27 82 26 34 35 87 55 80 53 79 69 64 52 60 90 34 83 90 95 41 93 38 86 62 72 0 56 67 37 58 48 31 57 75 27 71 63 31 53 29 50 39 87 82 47 29 47 59 38 29
83 40 67 99 46 70 40 41 51 57 76 67 51 42 44 68 70 42 33 41 68 34 62 71 93 85 0 92 84 49 68 55 96 97 68 32 53 30 35 50 38 96 57 81 56 68 68 83 84 53
66 25 49 80 69 44 74 97 81 69 42 77 83 38 76 89 72 95 92 66 66 29 83 32 27 49 75 0 35 64 71 32 83 55 62 60 91 35 40 33 36 43 67 90 60 63 33 88 57 94
62 72 41 29 100 49 59 46 79 39 73 70 96 30 37 87 79 82 38 89 40 94 42 36 25 36 82 83 0 86 83 80 77 99 46 61 33 25 58 57 61 28 40 47 85 92 63 31 70 31
28 82 76 94 86 37 30 67 41 45 33 25 70 94 56 26 95 53 69 48 74 26 34 41 99 40 61 56 68 0 79 66 78 77 89 97 57 69 54 100 99 60 91 32 78 83 73 90 92 82
39 45 58 93 56 96 81 51 76 72 75 75 82 69 71 37 74 48 39 85 68 26 67 90 69 29 42 76 80 82 0 85 88 40 97 78 45 43 55 86 80 86 36 34 87 92 69 35 62 54
61 70 69 52 36 37 67 100 32 77 79 72 78 53 37 36 29 61 55 28 85 59 83 88 57 57 88 91 62 86 39 0 69 59 90 78 90 53 90 91 77 42 77 29 79 83 38 89 59 26
49 36 77 38 53 64 97 30 71 89 80 73 64 86 56 32 95 84 55 63 80 49 64 62 56 74 65 49 76 55 80 68 0 44 86 34 63 63 92 32 34 27 46 74 71 96 67 49 39 50
100 43 79 39 48 78 33 50 89 93 87 95 80 78 85 53 66 35 38 83 29 64 73 72 31 45 42 72 54 92 44 100 39 0 59 48 65 56 62 70 31 66 97 86 41 52 73 40 59 94
57 59 40 47 81 28 50 84 67 80 39 35 47 28 62 57 72 62 40 87 52 27 87 86 43 50 69 75 58 34 90 94 41 36 0 76 60 37 60 40 60 32 67 32 59 86 98 78 49 89
61 64 73 53 83 46 80 54 39 31 27 52 49 27 28 27 30 65 85 41 74 67 57 50 69 90 70 57 91 70 36 41 26 40 89 0 85 38 27 55 76 44 44 43 69 98 75 81 55 51
41 79 67 45 33 47 94 81 57 43 48 95 37 63 46 69 43 55 71 93 93 94 50 34 54 50 32 45 29 51 62 72 47 61 36 61 0 80 97 44 90 81 56 37 45 89 52 84 47 98
71 58 71 58 72 50 76 98 38 41 85 95 82 80 79 47 67 79 61 95 79 96 90 56 46 55 32 53 67 52 38 96 46 39 63 33 56 0 97 53 59 63 37 77 47 33 69 85 52 64
35 41 81 64 91 59 40 57 93 53 77 61 28 38 50 94 90 36 64 67 30 95 69 94 86 26 88 94 99 39 31 96 48 48 95 43 36 84 0 72 93 78 88 82 40 93 86 31 48 91
34 71 88 65 57 70 40 70 61 67 59 73 66 89 86 80 90 70 25 61 46 83 94 93 29 85 33 51 100 59 78 73 83 53 38 25 75 36 39 0 47 40 68 31 63 32 95 91 74 48
80 72 34 72 53 54 98 83 55 60 99 67 81 53 98 39 77 78 55 85 81 40 37 28 58 60 54 51 29 34 86 56 72 45 68 81 51 76 46 83 0 88 35 90 34 77 58 73 93 59
93 63 80 66 81 54 26 42 44 82 67 45 40 50 37 85 26 87 54 88 50 66 95 36 49 88 39 39 30 67 89 71 33 31 33 40 79 87 76 46 29 0 75 76 46 46 85 84 26 66
90 70 41 77 90 55 48 33 64 100 39 90 95 88 31 99 41 47 95 39 93 46 55 90 63 27 58 99 62 78 30 33 30 28 37 67 78 65 68 62 78 39 0 62 47 31 48 85 87 90
45 68 48 63 53 63 50 27 80 28 38 94 82 92 31 51 59 63 37 34 38 55 67 94 95 90 99 77 58 88 61 36 34 55 92 59 78 97 80 38 95 75 41 0 63 70 30 87 94 87
50 80 70 87 36 42 30 68 38 46 86 86 30 65 84 27 57 55 97 29 54 64 72 32 53 100 69 30 27 27 96 29 52 26 53 51 40 60 59 38 95 67 53 64 0 25 30 65 60 39
89 62 65 76 26 83 42 43 49 93 89 52 60 82 50 98 81 78 89 69 95 41 55 65 29 41 56 55 99 52 53 61 80 29 66 29 55 74 66 60 58 82 25 26 89 0 52 92 48 26
66 58 64 86 37 32 63 59 86 34 61 97 96 44 44 77 73 38 50 56 36 57 34 86 80 25 70 73 32 47 27 97 75 55 51 55 81 50 36 30 46 94 96 79 42 86 0 32 41 52
28 100 29 79 26 94 85 74 41 46 47 81 57 52 32 33 74 66 77 63 64 33 73 74 92 25 56 89 93 74 92 40 49 92 79 45 67 73 53 93 74 86 70 73 65 62 76 0 86 83
78 85 99 79 100 81 78 87 59 44 68 95 92 60 89 56 50 26 82 57 60 28 83 60 97 51 74 47 71 54 81 56 34 78 28 42 86 85 85 48 74 32 36 33 94 48 70 98 0 46
93 61 67 54 83 82 88 58 45 46 36 93 82 88 85 95 97 68 67 99 84 57 41 33 95 40 70 54 97 89 32 99 94 82 81 78 51 38 42 73 77 73 76 73 27 76 45 90 98 0
