50
0 18 16 6 15 9 18 5 13 14 7 18 6 18 17 18 7 14 20 16 14 7 18 13 9 18 17 19 20 8 14 19 19 15 20 5 13 10 13 11 6 8 11 17 6 16 13 7 9 16
0 999  192 246  32 123  117 224  134 294  119 275  142 328  142 263  109 296  88 283  148 321  96 208  78 252  108 203  135 193  161 248  124 168  123 154  115 272  143 267  38 142  107 198  122 242  82 186  106 177  158 254  168 321  111 141  182 244  165 305  95 256  136 222  122 163  115 221  127 268  128 263  115 208  101 185  109 174  112 233  76 112  157 313  169 360  159 199  118 276  130 287  116 270  152 223  135 170  139 172
0 92 25 49 51 100 100 66 51 39 58 31 30 36 53 87 98 31 95 78 29 68 45 58 65 68 68 96 90 69 71 66 99 58 60 81 69 88 35 40 61 82 99 80 59 99 43 99 90 90
43 0 40 64 91 31 46 71 42 68 59 95 41 65 70 34 34 46 55 49 48 88 28 51 67 86 40 95 27 83 58 90 54 67 43 51 45 46 43 60 70 63 68 85 63 87 99 72 31 95
50 61 0 71 81 32 70 100 75 52 35 25 50 96 83 66 33 60 58 47 79 68 87 34 31 83 34 34 72 25 97 86 95 52 53 66 47 96 46 70 45 34 67 94 99 83 94 29 57 42
33 39 100 0 58 32 31 81 65 92 87 27 52 57 44 69 26 87 81 72 42 89 31 85 60 66 72 73 37 81 46 45 72 90 67 82 63 45 63 86 58 35 46 91 97 53 91 90 28 62
92 92 87 35 0 66 45 80 86 61 43 47 33 30 94 92 62 67 53 59 29 77 58 46 90 63 88 71 59 34 47 65 61 54 84 75 70 27 46 48 58 97 45 36 100 89 61 64 54 90
91 65 27 81 45 0 44 99 91 50 61 30 26 62 56 66 84 33 35 89 84 28 84 61 99 69 48 78 48 51 86 54 71 50 96 79 48 66 84 85 68 48 27 44 62 25 25 91 53 32
64 86 89 77 83 38 0 50 43 71 81 79 93 95 98 49 69 90 99 44 57 28 31 38 72 50 86 30 58 41 32 64 43 92 37 64 35 62 59 40 89 53 36 96 58 62 86 34 82 75
80 52 48 53 56 95 41 0 91 83 79 53 54 30 99 85 88 56 43 82 63 44 98 70 84 82 54 37 31 53 59 80 95 33 33 55 48 68 31 49 100 61 38 25 52 54 48 97 28 82
69 69 47 84 77 77 97 52 0 64 60 87 73 76 56 28 71 79 97 73 31 62 59 28 34 86 28 90 65 74 88 31 90 59 57 59 56 27 89 38 55 79 90 88 28 30 42 38 89 28
87 57 84 61 42 32 35 38 71 0 98 93 45 59 82 62 60 63 69 51 62 29 33 99 84 78 27 27 83 97 51 72 44 72 88 54 78 30 92 25 98 53 89 87 91 91 95 67 58 47
47 29 86 62 88 86 58 33 25 57 0 98 49 51 29 76 63 46 76 75 90 26 78 37 72 96 37 48 67 49 84 71 100 64 59 74 31 65 70 72 71 38 85 85 76 94 71 94 84 71
30 95 48 92 94 54 92 36 69 52 55 0 25 75 70 48 26 40 44 91 89 86 75 57 68 72 89 32 33 75 92 88 64 89 30 55 70 100 31 74 54 98 75 99 80 34 97 58 44 100
40 92 82 75 78 40 59 63 99 28 74 82 0 69 99 73 40 99 66 55 78 91 73 54 100 32 81 91 71 31 91 72 36 62 71 42 76 65 44 72 50 57 90 26 75 83 42 57 55 51
54 33 32 73 72 86 97 51 85 57 86 48 64 0 44 30 50 40 57 79 46 49 91 35 91 71 87 37 92 39 47 87 65 83 87 71 45 93 44 42 60 33 54 27 51 84 80 83 33 90
78 60 100 26 70 64 88 90 88 87 38 62 40 54 0 47 80 70 34 41 45 80 95 52 68 79 25 38 62 70 33 57 42 67 94 82 29 47 57 98 90 53 33 40 53 84 74 41 50 57
100 83 100 62 66 86 65 73 84 35 95 94 93 69 69 0 65 26 41 84 80 44 34 97 74 48 39 59 67 36 38 61 96 72 78 66 88 45 39 68 66 48 53 40 82 79 54 89 28 50
33 88 98 99 82 57 62 79 44 50 78 92 30 62 82 38 0 37 95 31 72 91 93 69 69 67 58 68 86 95 54 60 54 65 75 25 48 30 35 33 80 89 58 31 95 60 97 55 74 39
68 49 88 85 27 79 91 30 93 61 98 49 86 43 62 65 81 0 93 61 62 57 48 53 30 51 60 80 37 40 59 41 46 96 87 61 35 99 58 60 29 32 93 92 43 32 69 57 62 61
69 60 61 71 98 97 35 60 25 55 81 57 71 45 28 51 38 73 0 77 37 53 85 97 59 29 92 55 86 96 53 64 90 50 78 69 80 98 100 69 77 71 71 92 52 95 31 29 25 72
41 32 37 44 40 81 60 73 57 73 30 31 71 60 27 45 77 89 86 0 34 25 32 92 38 99 33 94 79 84 71 57 34 67 79 50 53 36 55 78 96 66 60 31 75 96 95 98 43 27
74 71 86 66 38 60 87 39 71 57 99 78 78 55 41 27 78 63 98 85 0 52 62 52 35 50 86 61 27 71 74 57 57 26 53 30 34 59 83 61 69 37 83 88 42 98 45 34 94 70
100 76 54 99 33 27 41 53 92 93 72 58 63 69 62 41 44 48 97 60 75 0 88 76 95 46 55 98 26 35 40 38 81 78 32 96 65 59 43 46 89 30 73 88 32 97 68 93 57 91
69 99 85 47 93 95 91 73 39 25 90 91 73 26 61 84 44 37 48 53 42 40 0 79 82 40 57 83 66 31 85 46 86 84 40 68 84 85 49 70 35 80 36 38 84 51 45 63 86 91
67 39 64 92 89 56 32 42 26 73 94 59 85 57 48 67 65 86 49 25 98 40 77 0 82 81 48 27 58 87 37 37 49 41 93 91 57 75 39 40 94 62 52 83 99 78 70 52 36 44
59 83 93 50 49 74 35 39 34 55 26 72 39 55 91 92 45 48 92 28 79 62 43 67 0 68 58 31 96 65 59 42 48 44 46 28 100 58 95 66 78 86 96 33 40 72 33 72 71 95
80 88 98 74 98 91 90 61 86 36 46 99 53 59 40 75 38 88 91 25 61 78 41 78 67 0 58 30 85 71 83 25 69 91 64 25 100 62 74 84 84 88 60 51 47 52 36 25 96 50
69 25 35 89 77 64 84 48 56 74 44 72 57 84 92 29 58 67 87 75 88 82 76 85 33 52 0 93 72 98 47 42 73 32 59 87 47 36 27 73 64 55 72 36 76 72 65 90 48 95
56 54 43 32 57 61 89 61 33 50 28 36 75 83 64 56 72 35 100 81 94 54 31 73 93 68 100 0 47 55 38 86 90 39 63 64 50 51 63 52 98 26 96 46 29 65 33 70 47 38
81 52 40 84 95 64 81 42 91 69 79 96 80 25 90 67 80 58 95 98 73 34 29 39 96 69 78 54 0 28 100 52 37 62 85 86 35 36 77 87 43 33 92 48 65 97 83 30 28 58
53 93 61 92 59 51 51 69 89 88 32 73 43 82 73 95 68 100 48 94 49 83 48 62 53 52 93 39 96 0 43 53 77 73 48 65 61 51 43 72 73 79 25 38 94 61 59 56 56 86
88 28 86 80 59 57 39 96 30 41 50 73 45 35 58 27 96 57 65 83 77 38 74 76 83 86 35 30 90 26 0 79 37 87 96 84 72 92 68 38 61 42 34 73 69 89 25 48 95 53
51 48 28 57 62 90 26 36 38 90 86 72 29 30 95 74 75 29 80 73 78 85 31 25 98 99 61 97 90 68 60 0 47 36 68 31 51 93 53 47 91 78 37 26 36 61 87 97 67 74
38 87 26 82 69 88 73 61 92 91 67 52 92 64 44 91 88 58 48 92 60 82 59 58 46 62 94 93 81 37 79 66 0 89 56 73 47 65 85 74 77 59 48 78 100 79 94 32 52 89
35 34 31 92 75 82 70 59 45 59 46 28 45 50 30 76 57 44 92 26 96 47 88 90 71 92 65 87 96 97 70 51 47 0 33 36 94 74 47 92 96 31 43 95 85 99 30 45 97 29
64 72 76 69 48 46 31 75 30 67 73 39 71 42 69 42 34 41 88 36 73 49 85 93 85 67 63 33 53 61 95 29 33 47 0 77 27 89 95 67 27 88 29 36 83 72 31 41 44 59
90 68 56 89 42 82 33 63 86 89 48 45 45 64 85 80 32 90 63 55 92 78 42 39 59 89 71 41 31 41 32 31 80 54 77 0 45 49 100 70 42 92 54 76 97 81 30 53 74 61
76 90 63 50 49 80 99 44 88 49 85 95 37 64 52 74 42 28 74 30 85 53 99 57 63 97 73 66 27 90 81 81 66 98 52 55 0 39 83 46 89 98 30 58 56 38 64 35 65 60
82 51 40 61 67 46 71 96 70 54 34 90 57 52 29 28 83 96 64 72 85 76 28 78 80 78 81 46 72 81 54 97 41 79 67 48 89 0 66 88 77 43 28 32 71 27 35 88 28 70
54 49 62 51 61 75 80 94 87 68 39 100 76 77 39 99 37 69 75 82 30 74 79 69 87 82 82 77 56 94 56 74 50 54 73 47 38 48 0 89 40 52 72 42 74 32 77 87 49 47
87 39 65 64 57 88 56 83 84 42 57 55 35 98 38 65 41 43 70 93 54 46 94 35 56 71 41 67 72 76 54 64 61 59 79 85 100 26 86 0 83 69 56 77 46 64 34 95 33 84
65 35 52 38 53 61 63 49 64 65 68 98 36 89 90 94 73 64 91 78 35 55 59 91 75 43 44 83 55 42 36 77 95 52 40 49 59 42 67 53 0 38 32 46 69 41 59 59 67 41
50 49 47 29 42 38 53 48 29 56 100 88 47 70 94 73 41 35 72 88 41 35 94 88 38 93 85 39 93 81 48 89 47 67 78 57 100 36 33 38 44 0 41 88 45 95 83 26 41 60
40 47 58 91 33 27 60 31 79 67 74 40 25 79 41 55 65 53 26 68 26 87 77 62 43 43 44 62 91 39 29 29 66 55 40 41 78 70 72 62 27 68 0 77 26 37 50 65 58 35
75 33 71 54 54 55 65 83 53 35 91 44 78 42 51 46 81 56 65 94 69 74 35 61 36 66 58 29 93 96 63 65 78 66 67 47 47 57 56 93 37 97 83 0 95 49 52 33 36 82
54 56 62 70 67 53 78 68 27 62 64 40 73 63 45 93 42 68 32 63 60 92 85 93 88 50 89 53 87 74 83 50 52 37 91 89 34 31 60 35 51 67 77 40 0 34 90 34 57 51
99 95 34 91 61 29 64 50 53 32 87 41 76 95 73 50 88 96 72 96 29 50 96 74 90 70 52 72 26 81 97 69 50 47 48 53 59 34 40 80 93 50 44 30 70 0 78 93 83 85
80 30 53 96 59 46 80 31 78 61 31 66 33 40 88 78 49 39 56 86 78 54 44 100 88 98 72 50 73 69 64 54 42 47 80 25 94 68 67 84 96 68 74 28 78 68 0 72 74 29
84 87 61 51 57 65 91 36 83 90 84 69 53 89 49 83 27 43 59 34 40 75 76 38 55 61 47 85 58 83 70 60 96 61 63 32 62 98 63 74 34 86 41 98 66 41 44 0 84 79
34 50 69 78 34 86 32 69 84 35 28 35 63 57 91 55 70 29 57 41 57 47 65 97 33 61 56 43 53 74 87 79 25 35 93 71 65 76 38 91 60 48 92 99 44 63 25 59 0 48
61 48 62 38 74 79 84 96 28 64 81 99 55 63 52 42 40 60 84 70 53 83 30 60 71 91 73 43 50 64 27 74 82 42 75 42 59 86 96 50 95 77 63 49 61 85 35 100 94 0
