50
0 8 5 6 13 9 15 11 10 11 5 19 10 5 15 16 12 14 7 15 5 19 6 17 12 7 15 19 15 20 16 19 12 13 6 10 13 11 20 14 16 10 20 14 17 19 7 17 15 7
0 999  97 255  128 244  47 128  61 242  112 284  131 224  135 309  120 205  117 248  111 262  112 226  120 312  107 212  68 191  126 194  144 199  158 263  76 231  128 315  66 164  131 300  139 328  114 243  93 193  111 243  82 112  114 171  81 189  114 198  155 191  69 264  55 166  139 225  91 158  85 132  120 277  179 281  179 307  85 232  139 222  131 276  117 226  76 121  139 281  73 214  89 233  119 165  146 182  133 179
0 51 47 37 56 93 89 87 65 34 68 77 44 100 33 40 79 82 41 89 42 42 75 42 31 100 33 41 67 89 71 48 40 61 67 33 56 95 96 66 62 98 48 31 83 40 68 55 82 53
56 0 86 57 79 60 69 70 89 78 62 100 30 93 78 43 86 87 47 34 47 75 33 99 93 61 36 48 37 32 50 42 64 71 92 57 89 61 63 60 75 42 79 61 84 45 26 47 89 98
55 50 0 74 44 48 92 63 40 82 94 77 68 57 100 46 37 63 81 84 31 49 98 44 75 44 26 37 68 60 98 36 51 98 94 36 42 85 28 28 31 65 31 56 94 76 71 51 88 48
66 44 38 0 39 57 43 27 67 28 90 38 79 90 37 29 58 49 48 37 61 85 46 75 76 62 55 89 56 26 58 91 96 50 43 75 28 97 51 51 91 80 39 25 55 97 44 46 72 99
65 38 82 46 0 33 93 90 27 78 97 46 42 73 36 53 51 65 63 60 92 77 70 26 96 52 49 27 83 76 86 28 74 78 79 37 69 74 27 32 71 73 48 84 78 68 47 99 51 48
95 44 30 71 78 0 54 97 65 90 87 71 100 53 33 55 56 65 95 43 96 69 96 45 77 72 84 93 38 61 56 86 25 56 71 75 99 58 71 78 42 30 86 39 32 96 94 25 45 91
59 72 83 55 48 82 0 68 92 71 71 42 34 47 68 83 64 47 37 84 81 52 87 48 48 39 100 73 49 72 49 87 78 41 64 83 85 32 100 81 55 48 47 50 41 61 77 93 47 59
29 28 95 47 63 36 42 0 73 71 33 34 61 92 100 94 34 37 71 77 80 43 32 30 82 33 73 90 30 91 37 84 53 99 38 76 77 53 26 28 39 48 70 64 42 94 98 26 31 78
38 97 77 89 42 58 53 92 0 98 33 41 81 81 85 96 47 72 62 57 70 31 77 87 38 41 88 88 43 54 36 68 88 92 98 55 31 58 44 31 69 41 75 100 97 75 44 97 63 72
38 43 57 73 66 61 75 38 80 0 35 85 58 28 51 83 85 52 53 48 88 25 84 75 34 46 44 52 78 74 37 38 26 49 27 87 68 71 44 99 40 51 70 84 33 80 29 27 32 84
88 32 29 49 86 98 99 30 69 94 0 64 88 83 38 61 36 61 28 63 54 27 37 42 85 84 26 78 100 90 56 79 93 46 49 76 79 91 75 54 33 46 32 50 29 88 41 96 76 33
59 72 63 71 50 87 80 73 47 97 39 0 93 32 38 96 89 58 73 30 90 83 88 40 25 77 82 85 26 63 85 59 40 81 81 90 50 95 74 71 41 95 29 35 27 80 54 78 35 36
95 96 28 90 53 98 29 60 44 28 30 96 0 70 48 71 96 54 43 60 49 25 77 64 92 44 80 41 90 34 33 98 50 38 32 63 99 78 55 33 87 40 59 71 34 27 83 48 50 68
65 25 32 47 34 89 97 40 79 54 45 62 51 0 75 36 42 28 40 88 100 89 83 51 93 57 53 52 74 75 67 62 83 87 75 38 79 54 96 54 50 55 97 96 44 98 43 45 68 64
56 100 63 98 80 69 70 92 32 96 76 77 81 77 0 63 46 35 90 94 70 71 28 53 70 75 71 79 26 97 84 60 67 93 38 63 99 77 45 56 73 87 64 92 67 25 72 67 46 48
48 58 100 39 30 88 73 66 89 36 37 40 80 87 62 0 94 96 45 88 93 38 75 85 46 67 53 65 58 31 97 37 95 82 94 75 43 90 50 80 95 82 30 31 79 69 69 25 60 53
63 81 44 48 65 68 68 89 55 53 36 59 35 97 47 56 0 35 64 74 70 29 90 64 35 42 48 84 28 44 91 67 80 25 87 60 80 41 45 74 44 72 93 69 26 54 44 26 26 83
30 76 84 81 28 78 90 30 72 83 29 96 76 98 89 36 62 0 53 30 32 79 52 42 60 37 46 80 74 40 86 53 40 89 43 85 33 62 46 42 98 96 75 31 27 94 71 62 55 80
87 100 54 41 30 83 42 26 31 67 53 70 77 28 63 38 35 97 0 33 61 62 72 63 67 98 52 65 40 76 43 63 29 36 30 70 69 26 44 77 97 49 60 97 87 66 32 84 48 27
100 76 96 96 67 41 39 52 75 100 45 62 67 39 36 34 34 89 71 0 38 88 66 38 91 30 100 83 44 57 48 56 30 68 28 50 45 75 35 61 98 49 25 39 47 87 81 38 79 74
71 65 56 47 57 73 29 96 85 68 48 81 57 80 91 57 69 82 25 48 0 69 85 78 30 40 87 49 91 28 69 62 77 63 47 69 62 85 60 53 74 62 72 57 42 91 88 39 69 33
37 44 51 59 67 69 78 66 56 65 25 44 67 66 71 35 61 86 25 37 48 0 99 87 97 84 42 66 62 50 92 96 61 83 66 30 38 31 77 89 34 74 82 100 100 50 40 36 71 57
100 57 52 37 64 72 57 73 63 32 91 82 90 44 25 34 49 53 25 73 85 63 0 81 83 37 92 53 97 43 58 58 58 57 57 58 38 58 64 26 100 64 65 98 44 63 88 45 44 31
43 73 89 86 44 76 25 29 37 86 95 57 100 53 67 99 65 42 41 60 55 70 98 0 76 46 87 51 50 77 100 76 49 68 39 29 43 35 36 65 57 81 89 49 31 64 69 92 28 75
44 43 34 36 59 79 83 82 52 74 94 45 68 78 25 99 35 56 79 73 75 73 62 28 0 60 33 57 99 58 67 36 73 85 40 36 91 30 63 34 52 89 81 95 52 32 42 52 50 65
65 28 43 65 80 66 46 94 65 91 37 66 39 42 64 52 62 50 98 100 88 41 32 42 87 0 76 81 31 45 59 27 55 51 70 53 51 60 27 95 87 62 39 53 25 96 82 52 81 80
97 81 43 52 79 66 32 27 49 26 53 40 35 47 82 58 78 29 44 73 67 66 32 25 57 34 0 44 73 87 93 90 52 89 92 40 32 29 59 65 58 72 55 43 28 100 78 45 32 49
70 27 27 79 92 69 47 77 82 55 27 41 47 82 87 62 72 51 29 45 68 75 51 78 88 66 48 0 45 25 47 49 41 72 49 40 44 55 51 49 80 62 31 84 30 99 39 34 60 70
91 86 88 34 95 78 68 60 56 49 48 36 62 83 76 37 42 47 40 98 90 25 88 92 40 54 68 91 0 68 99 89 56 63 79 29 53 58 67 59 34 47 37 68 25 59 46 59 50 28
73 79 53 83 71 65 64 42 29 38 53 90 27 34 33 86 88 51 97 33 28 62 97 71 40 85 42 49 86 0 55 73 61 61 67 30 100 39 86 88 26 81 85 41 77 79 85 96 40 54
54 63 94 90 65 40 31 90 53 34 96 95 45 58 43 50 28 99 96 42 43 56 59 58 52 87 35 53 75 45 0 95 54 72 98 36 49 28 79 64 77 89 78 71 63 85 56 67 83 91
83 34 74 65 89 90 54 55 57 95 28 98 34 100 51 73 30 89 65 94 29 45 76 66 62 39 89 53 40 97 77 0 25 47 32 79 31 95 83 86 28 68 47 80 85 95 64 41 38 38
98 31 65 58 90 69 63 88 32 68 44 34 65 79 90 32 49 31 94 51 87 85 74 25 90 27 56 29 82 57 73 36 0 29 61 88 49 87 85 92 54 62 30 53 66 70 38 79 57 53
54 59 50 32 59 81 51 61 87 41 95 99 67 82 60 49 65 96 73 35 99 87 46 93 48 42 90 29 56 54 68 86 56 0 96 56 28 25 37 29 63 72 73 48 33 77 76 35 87 81
90 97 65 85 65 92 47 74 91 25 43 37 78 52 85 88 100 85 44 75 89 80 91 76 93 26 86 40 66 46 99 67 94 70 0 84 42 26 95 84 50 78 39 36 82 51 87 78 71 87
95 34 79 86 54 59 30 63 33 53 59 33 99 28 91 52 72 67 40 93 55 82 67 51 70 76 30 37 30 76 86 40 31 72 69 0 83 47 63 68 80 80 60 25 60 57 66 85 57 94
92 77 41 54 37 95 30 96 85 42 71 43 77 33 40 68 36 30 93 96 63 27 40 39 68 38 85 44 81 72 77 36 95 78 73 68 0 59 49 82 97 41 28 37 29 31 50 33 83 88
93 65 98 47 76 45 89 63 59 83 78 36 56 28 94 42 46 90 47 85 58 42 69 30 99 48 85 80 91 52 26 44 32 71 38 78 86 0 53 85 48 37 31 33 70 43 71 100 54 72
76 88 29 86 93 43 85 57 56 38 89 41 59 90 68 61 92 27 54 60 58 56 59 70 83 44 79 49 80 63 91 73 60 75 43 49 80 25 0 68 71 97 64 67 98 47 89 76 80 96
66 55 50 62 56 82 36 74 67 91 80 77 70 98 37 69 100 100 62 75 93 80 35 42 74 90 30 56 49 50 27 27 85 86 26 65 69 26 45 0 54 68 53 92 54 29 98 59 82 77
100 55 84 50 100 77 100 97 55 29 64 57 62 28 53 61 52 61 84 63 99 64 91 87 63 70 25 26 87 44 53 87 90 89 37 58 42 25 73 71 0 63 34 100 33 82 30 75 33 29
90 65 64 47 42 64 51 49 40 88 57 86 48 31 72 98 71 37 70 84 89 34 28 57 35 33 91 69 94 58 51 69 95 44 69 100 31 96 47 84 29 0 97 61 26 41 62 35 75 26
97 25 76 85 55 74 61 73 26 79 55 41 65 49 49 26 91 41 57 59 82 27 92 100 72 63 54 85 78 50 59 33 73 71 75 44 71 57 41 74 80 30 0 66 33 47 62 27 36 72
91 79 62 61 98 39 42 77 38 45 60 27 100 67 27 41 63 33 64 92 68 27 39 59 92 91 90 80 72 62 85 82 42 64 28 37 47 49 94 60 44 98 34 0 54 88 53 60 87 29
28 76 54 82 57 99 53 76 28 72 53 91 87 75 54 45 97 98 97 61 94 66 38 61 54 27 45 35 66 29 83 49 73 50 35 43 90 56 93 51 37 75 83 94 0 36 64 69 72 99
28 43 88 33 25 25 51 27 99 91 37 82 50 99 81 35 84 94 72 95 33 61 47 27 74 94 37 26 60 59 72 49 31 83 74 100 37 65 56 51 89 35 67 72 95 0 35 42 76 62
30 68 49 70 96 95 69 70 89 58 41 58 67 47 43 46 66 40 82 74 64 44 61 98 81 89 25 63 47 25 74 70 62 87 58 64 40 98 66 60 83 50 37 29 60 98 0 66 55 27
48 69 56 97 94 64 35 42 67 35 37 48 64 100 87 44 59 29 57 91 57 42 79 29 85 63 97 26 46 69 69 93 83 41 79 33 32 66 35 58 66 59 78 91 89 95 100 0 25 57
73 36 35 90 36 75 94 86 62 78 54 58 80 35 80 78 37 49 74 67 85 80 78 67 76 64 70 29 62 49 46 91 52 58 82 43 54 30 55 45 64 59 87 78 31 43 57 44 0 33
57 56 84 80 65 45 70 73 98 91 72 26 71 81 30 100 60 92 62 40 75 48 64 32 84 65 28 48 53 30 71 83 62 97 82 66 62 73 70 88 96 57 38 81 43 74 60 98 78 0
