50
0 15 16 17 12 18 10 13 6 8 15 15 7 12 6 5 17 8 13 6 13 16 7 13 13 9 6 11 10 10 12 9 13 8 15 10 10 9 7 14 16 9 15 20 16 16 17 20 19 9
0 999  164 285  146 339  76 231  190 282  91 282  86 195  98 233  120 162  93 271  158 314  79 236  158 203  127 201  122 180  146 241  141 308  139 256  167 219  100 162  107 285  101 226  184 312  119 182  117 150  136 185  106 202  133 325  43 81  84 174  157 190  116 301  107 216  147 330  113 182  135 252  95 229  62 222  138 301  140 314  152 340  185 370  101 262  145 224  99 255  122 169  80 154  191 299  171 292  162 320
0 99 94 39 100 63 53 31 45 63 73 68 61 33 54 63 73 60 78 57 37 53 85 78 59 73 62 48 29 26 81 29 96 62 31 56 51 27 44 57 82 92 71 72 32 54 45 96 73 68
80 0 88 73 34 59 75 61 83 97 60 35 67 58 59 70 71 34 87 40 27 27 94 100 85 92 93 54 86 95 78 83 63 57 29 46 88 51 91 51 64 43 64 79 80 78 47 97 26 32
100 76 0 55 39 65 76 26 28 44 52 30 64 26 32 44 33 72 66 53 28 25 58 58 58 32 100 86 90 46 47 35 51 97 92 73 33 59 59 35 81 25 51 60 72 25 26 84 61 86
43 38 69 0 85 53 77 72 52 53 54 29 45 52 30 31 84 28 76 44 42 37 33 48 77 46 58 97 61 43 51 98 44 98 53 49 87 53 85 80 87 87 49 84 98 80 99 60 91 40
34 53 72 28 0 37 36 71 71 87 62 38 56 61 97 58 50 73 67 31 53 65 64 38 98 38 78 60 78 83 81 47 61 61 47 47 77 86 72 30 44 49 96 47 53 63 57 26 56 63
29 25 93 48 89 0 30 94 76 51 52 89 53 26 52 29 68 33 27 87 56 78 29 70 32 47 43 33 45 25 84 54 100 79 33 95 36 53 75 82 78 27 58 82 43 75 58 59 26 47
97 57 36 47 83 29 0 55 59 43 75 50 33 90 45 37 64 83 66 67 64 90 65 85 87 38 48 62 32 90 30 99 93 91 71 26 35 91 87 66 30 55 73 74 67 95 45 30 37 39
81 26 37 84 34 75 67 0 69 94 72 83 71 60 40 74 95 87 81 74 48 27 87 65 43 27 63 97 70 64 93 96 55 37 37 81 99 57 50 62 87 99 52 67 80 27 47 26 66 67
26 36 42 92 52 68 79 65 0 43 43 55 79 37 61 53 40 55 100 33 37 29 52 57 49 40 63 50 77 48 56 39 85 52 78 33 92 100 93 43 42 71 41 85 86 64 38 26 63 91
45 33 84 50 91 33 60 67 29 0 27 31 85 66 51 82 43 52 86 53 47 56 66 98 38 79 74 34 77 51 98 68 72 79 48 83 39 40 73 61 70 73 48 68 89 94 82 54 53 62
84 77 49 34 80 90 100 79 83 73 0 79 33 64 40 40 63 61 68 52 41 39 47 48 43 87 31 44 61 51 100 92 25 34 93 66 44 43 40 85 72 79 31 33 87 82 86 70 64 43
78 97 56 32 96 29 85 27 25 76 40 0 36 85 59 68 29 35 73 27 90 54 86 44 82 44 72 66 44 69 83 49 93 93 45 89 99 51 43 84 67 61 61 93 54 56 50 42 72 94
63 51 50 68 81 65 66 46 88 43 95 97 0 80 84 52 25 50 71 52 90 70 71 71 91 56 56 91 96 25 30 30 88 66 78 33 63 95 63 38 97 73 100 48 60 63 92 45 100 62
35 92 74 87 100 63 35 39 89 69 81 74 36 0 88 48 51 57 40 97 99 76 31 40 46 81 98 25 50 31 70 52 78 41 56 66 76 76 58 51 58 84 95 73 78 49 66 28 82 76
91 78 88 67 75 92 54 48 57 29 32 34 60 78 0 99 28 67 38 89 32 39 68 32 37 98 68 95 36 41 76 29 48 34 51 82 55 52 80 100 36 69 92 72 65 44 59 83 74 61
31 42 54 50 37 74 43 35 93 69 75 77 45 54 86 0 29 90 45 86 90 83 43 99 71 40 62 41 95 61 70 71 82 83 50 91 49 44 49 32 73 68 61 84 25 41 32 67 54 84
37 67 50 40 73 89 81 73 82 59 48 58 42 30 49 66 0 49 75 63 25 53 98 64 58 52 74 63 99 57 33 79 72 79 41 31 57 73 90 47 100 68 94 45 31 58 56 97 39 44
60 59 62 38 36 66 96 76 58 64 96 70 50 36 39 25 27 0 42 36 64 95 76 56 89 70 89 41 40 46 36 30 58 98 33 81 67 45 47 66 55 96 74 98 80 50 37 76 91 56
60 60 94 84 100 77 89 71 39 74 95 84 43 59 70 75 85 51 0 77 75 35 71 37 47 77 66 94 83 76 79 47 47 68 47 35 94 62 54 81 95 44 73 79 86 62 38 72 88 89
100 50 51 93 51 46 35 63 56 88 49 29 92 89 26 74 55 62 80 0 36 82 93 51 77 33 36 50 27 41 38 70 33 85 90 99 72 85 34 37 89 76 88 87 98 25 25 75 96 96
79 92 39 75 41 28 66 97 49 38 41 66 44 42 94 61 30 88 57 68 0 59 32 51 43 34 72 88 53 58 85 31 67 90 44 42 87 33 55 47 91 82 49 26 40 66 40 91 56 42
40 74 69 27 61 95 53 26 36 78 32 35 99 41 48 46 80 29 64 84 87 0 62 90 30 32 56 86 50 81 85 63 58 60 93 51 43 63 39 39 55 83 36 31 64 28 80 75 52 35
74 74 49 30 66 85 100 27 36 99 98 98 45 63 44 54 64 52 32 40 80 94 0 28 40 80 97 84 67 30 70 34 69 58 72 26 84 29 94 31 70 92 45 48 89 92 44 57 84 53
85 51 52 76 56 60 80 30 29 84 85 72 45 37 29 93 98 84 54 47 48 26 64 0 83 59 56 92 27 78 81 43 69 33 43 88 57 75 91 84 45 68 50 50 82 76 78 59 98 89
30 96 55 70 80 84 62 45 73 35 71 81 78 54 44 34 50 96 30 69 42 75 58 44 0 98 26 99 98 56 45 89 64 41 77 98 60 86 74 84 53 35 73 83 97 98 34 43 88 84
90 81 74 69 61 32 83 48 44 87 66 80 89 86 55 46 99 66 96 48 97 97 68 64 67 0 35 79 64 30 67 69 25 80 67 89 42 95 35 34 80 98 75 61 31 80 36 92 42 26
60 33 35 93 47 61 68 29 51 76 99 46 70 63 73 91 67 78 86 71 31 70 28 88 37 27 0 65 52 33 37 34 64 90 32 70 45 79 28 95 48 67 53 80 35 42 91 27 34 82
74 57 47 31 50 93 93 39 76 81 99 50 47 53 85 61 80 68 40 75 91 63 51 80 74 25 47 0 32 37 87 40 32 63 31 99 80 51 39 96 82 39 84 39 44 90 28 76 58 81
94 69 81 80 62 60 27 52 77 58 55 81 37 77 93 36 60 67 91 74 45 71 46 90 53 69 33 75 0 25 35 83 67 33 39 35 64 64 85 43 74 65 53 81 72 92 29 86 32 26
98 52 82 46 71 74 85 68 56 27 56 41 68 46 49 72 47 70 54 71 47 98 89 98 26 54 66 71 69 0 61 90 32 26 62 69 28 26 26 52 39 84 56 70 68 36 73 35 66 29
73 27 59 88 31 61 86 40 80 42 96 75 32 75 86 93 32 96 50 88 54 61 94 64 69 49 36 62 27 46 0 71 34 61 35 79 89 80 53 88 88 77 75 35 85 37 92 54 93 62
49 79 76 98 61 100 81 33 30 78 44 100 73 39 60 61 42 41 57 27 26 63 36 82 93 32 36 66 56 36 66 0 92 63 48 66 91 93 38 26 53 42 41 88 74 40 45 42 30 75
36 33 57 78 61 43 47 68 71 64 25 84 87 71 34 60 62 42 78 54 43 68 28 99 39 62 26 46 87 59 57 95 0 99 39 91 76 71 43 58 94 56 71 41 36 40 25 81 48 48
69 80 36 36 44 37 40 69 96 92 82 48 29 76 69 31 77 89 27 59 64 36 42 100 35 55 63 79 27 96 33 38 60 0 40 92 59 74 86 99 70 75 53 60 100 29 97 89 31 47
49 57 36 27 76 30 86 48 78 32 93 55 77 98 99 74 51 44 92 83 56 38 28 27 31 61 99 89 49 48 72 45 51 39 0 84 89 32 25 59 67 34 97 38 42 59 78 80 83 64
51 93 67 84 52 28 41 86 48 80 99 82 83 82 81 72 37 82 47 26 78 36 80 46 41 73 59 59 28 30 50 46 90 73 36 0 97 87 55 47 95 90 34 95 27 84 93 66 76 60
88 51 93 84 82 74 69 100 52 82 81 87 26 78 48 25 47 40 36 38 37 27 54 64 80 66 85 62 27 91 67 52 68 82 100 34 0 29 30 74 89 94 68 65 70 59 25 37 51 58
88 65 99 35 49 64 82 55 51 61 84 29 36 28 34 84 50 44 69 28 89 29 28 96 83 56 99 50 41 52 77 57 43 58 72 44 25 0 37 36 95 61 47 89 42 25 30 56 76 76
66 75 54 25 32 59 95 42 94 30 96 100 96 96 90 69 60 30 82 94 53 38 76 48 72 98 100 58 71 55 26 60 66 26 88 91 26 40 0 100 86 82 84 47 62 69 92 49 57 93
76 82 88 84 73 42 75 91 67 96 27 56 70 44 94 60 94 69 83 56 49 61 66 100 76 89 90 69 57 29 39 67 88 92 91 84 79 91 79 0 70 83 32 47 64 53 70 48 98 92
26 45 57 47 47 83 48 68 75 67 81 78 30 48 29 76 89 78 38 64 64 52 92 63 91 46 27 49 90 90 30 92 40 27 63 86 78 25 42 84 0 26 26 26 72 83 89 59 87 37
42 43 71 32 100 58 53 72 100 36 76 67 75 44 90 69 78 53 57 86 67 86 78 59 25 36 28 57 91 78 30 28 76 35 56 63 53 40 80 96 94 0 69 95 95 42 32 57 68 88
39 51 76 58 52 67 82 40 77 29 45 82 63 63 85 98 26 80 61 25 85 97 84 93 97 34 72 88 92 82 90 99 91 54 71 30 56 52 69 92 75 58 0 41 32 78 67 32 92 81
72 65 50 29 69 66 45 71 37 92 55 80 73 25 57 65 63 51 58 56 88 75 48 88 78 76 47 56 37 31 25 96 93 49 32 28 33 53 50 71 87 29 34 0 25 94 52 99 30 67
53 26 26 77 85 46 29 66 80 98 39 52 45 30 28 47 79 30 72 75 57 40 42 50 88 97 83 48 38 99 64 27 98 35 98 29 91 97 27 43 51 63 77 92 0 64 84 93 41 48
62 55 74 47 95 49 43 40 50 25 49 76 68 71 30 65 95 26 93 95 39 45 60 89 26 67 31 27 65 87 61 51 66 90 42 53 67 77 78 49 71 30 64 95 69 0 34 98 33 92
91 26 76 43 32 96 32 31 54 62 84 82 25 54 93 84 50 95 72 46 93 46 73 76 34 97 49 45 48 91 72 61 53 93 100 39 45 45 91 60 90 87 39 74 27 75 0 78 82 100
40 63 45 29 57 37 31 96 98 96 52 86 87 89 52 81 36 66 38 26 46 34 93 44 78 39 76 76 54 47 37 42 28 71 36 59 33 34 27 30 38 45 65 99 25 96 39 0 93 82
86 96 40 95 29 67 36 62 82 50 97 90 67 43 44 83 59 59 97 72 69 27 89 57 77 90 86 60 38 86 73 95 42 60 91 58 38 72 61 76 93 90 94 99 32 58 73 34 0 55
94 95 28 30 71 85 76 43 42 57 78 49 81 77 26 98 47 69 70 74 37 87 71 95 69 89 85 61 34 39 66 81 57 60 66 40 50 29 61 53 85 87 44 27 59 71 87 42 70 0
