50
0 6 14 14 10 11 7 18 19 6 17 6 9 19 5 18 17 20 10 5 6 16 19 19 17 7 5 14 9 13 14 17 6 20 5 17 6 13 14 5 8 8 10 14 9 13 16 8 19 15
0 999  89 215  91 247  104 273  143 326  46 215  75 131  150 240  121 296  117 181  126 195  147 221  97 289  99 145  93 139  124 273  63 191  76 221  133 230  182 235  102 272  88 228  128 240  49 105  164 218  136 327  135 210  152 264  94 273  73 249  90 147  144 191  136 328  128 269  172 221  70 250  130 301  176 251  63 234  84 140  105 136  154 278  125 166  142 185  172 330  96 243  119 280  166 333  170 319  83 132
0 82 54 68 52 27 62 97 25 76 86 73 41 67 40 76 48 69 61 87 50 83 45 30 95 37 66 91 43 32 42 88 65 36 94 27 77 88 39 76 97 85 40 61 76 55 30 82 91 58
68 0 50 26 56 96 89 30 27 45 38 56 67 99 45 40 100 34 35 87 29 98 83 82 95 72 71 82 61 62 64 87 52 60 90 54 30 64 66 66 94 34 76 87 30 67 29 61 32 37
62 27 0 75 89 70 50 64 66 32 94 32 55 98 67 99 73 40 71 73 88 79 45 47 47 50 45 68 45 34 46 49 52 73 34 90 45 51 55 95 80 100 79 31 51 61 45 85 61 41
97 85 72 0 64 29 54 62 78 68 51 86 77 89 32 82 40 80 74 35 94 58 90 91 58 87 31 76 88 98 62 26 71 65 27 59 99 26 70 58 100 62 50 59 33 65 39 68 91 32
50 78 86 33 0 52 99 36 76 70 72 33 51 63 81 51 54 36 86 77 49 54 74 70 81 27 79 97 34 41 55 73 87 61 94 30 43 33 68 81 100 68 83 68 69 73 33 64 84 64
98 26 52 99 43 0 42 77 97 31 69 60 35 51 33 77 82 27 72 64 81 45 58 39 58 87 85 59 49 52 80 28 93 63 65 88 50 25 85 75 73 71 56 95 27 71 25 78 86 59
67 33 95 76 84 47 0 59 79 76 41 55 84 100 52 71 54 83 35 47 44 38 96 45 28 99 73 97 36 30 83 44 39 42 71 100 38 82 32 79 88 86 37 73 77 39 92 82 86 81
85 53 65 94 46 88 96 0 74 84 45 44 25 86 49 37 63 42 40 38 88 37 80 37 47 76 83 79 86 57 76 52 55 86 71 46 71 31 65 49 49 57 93 97 72 70 64 42 90 68
33 65 58 88 63 78 78 82 0 40 100 36 37 44 43 65 76 74 96 89 82 59 62 68 51 65 50 87 88 95 63 66 75 73 93 96 69 89 42 63 81 43 81 88 49 63 69 87 44 90
36 39 34 81 32 40 89 81 85 0 43 72 28 49 89 58 41 43 94 80 89 63 33 91 57 40 94 63 38 46 37 38 63 91 62 97 93 79 89 69 91 88 76 86 62 81 85 63 50 50
41 80 26 61 76 37 25 66 51 31 0 33 87 35 35 99 49 61 95 87 60 92 92 51 61 68 84 50 85 36 50 69 34 48 83 46 51 97 54 65 76 72 71 91 96 90 55 48 97 78
69 27 42 35 68 76 96 90 40 52 83 0 93 65 90 46 36 67 53 26 95 86 26 83 51 62 67 94 57 59 33 37 65 41 71 78 96 40 70 42 49 27 56 64 75 73 82 66 26 94
26 72 68 90 89 34 79 26 75 57 36 87 0 96 38 97 57 44 65 33 28 45 91 91 50 71 48 67 76 64 40 63 72 35 70 25 49 40 79 69 54 25 63 35 40 47 57 73 55 78
51 86 97 86 71 40 25 64 63 81 82 35 51 0 52 77 84 78 65 68 60 90 68 52 52 73 59 86 25 63 72 100 52 61 68 41 84 91 53 59 91 41 26 92 91 26 96 82 47 58
34 26 70 29 34 27 38 87 92 72 74 62 96 37 0 25 47 29 88 86 67 90 62 92 69 96 26 95 74 87 79 66 72 43 73 72 34 59 35 40 30 77 69 73 34 98 89 72 50 69
92 69 99 72 47 65 46 80 27 58 45 60 32 82 90 0 50 28 36 94 34 71 52 37 73 39 85 57 63 97 30 37 81 53 100 94 52 73 32 70 54 48 62 50 53 73 88 65 97 50
80 60 76 55 62 32 87 29 82 64 59 57 56 52 91 63 0 49 99 34 26 83 56 97 84 76 99 74 50 69 99 27 75 54 61 67 45 35 26 25 58 47 60 72 57 49 75 87 81 85
98 35 60 68 95 42 37 37 55 36 92 91 66 62 99 47 39 0 46 73 67 100 37 37 54 56 92 78 53 59 61 94 54 53 86 86 91 67 71 31 78 25 35 48 56 77 73 84 82 78
100 53 60 52 81 84 66 74 25 34 96 59 51 67 34 56 83 89 0 90 60 89 84 72 84 30 82 71 43 96 55 93 68 63 52 48 38 96 58 75 90 50 100 44 74 85 54 59 94 91
95 78 59 46 63 51 67 94 46 91 43 35 34 94 30 43 41 80 72 0 92 50 83 66 51 94 91 40 39 38 77 71 25 52 29 76 29 51 89 46 51 68 60 93 30 37 94 76 49 64
100 81 64 46 59 26 60 32 50 41 34 69 35 97 57 32 51 48 40 46 0 67 66 57 95 49 62 84 25 37 83 62 75 45 68 84 63 48 100 52 87 54 98 82 66 87 83 41 57 71
79 94 36 84 34 86 27 82 82 54 52 83 87 56 96 48 90 91 95 62 78 0 44 76 50 41 82 54 58 36 41 80 33 42 81 26 92 53 97 66 77 33 89 48 27 47 49 78 49 94
59 42 70 34 68 89 32 46 100 55 80 68 72 59 95 49 35 89 58 58 99 92 0 63 55 34 56 35 68 26 25 85 94 71 51 67 93 48 73 27 29 63 53 34 62 99 94 71 73 65
94 84 80 64 25 29 100 75 27 63 58 61 68 44 89 66 65 76 72 47 79 28 71 0 46 39 97 32 33 47 68 85 31 65 60 77 70 47 67 84 40 57 56 94 51 32 38 78 66 50
76 33 36 60 81 86 91 60 34 100 34 54 64 32 25 95 68 48 54 56 38 40 93 67 0 36 54 44 84 63 34 90 68 95 53 84 94 25 91 81 49 29 89 53 45 88 30 26 89 98
97 31 92 99 27 77 85 64 34 84 93 36 28 90 89 92 71 65 93 71 54 37 59 60 70 0 65 92 40 80 32 98 25 58 39 68 62 34 89 58 67 92 97 44 58 33 67 40 37 71
99 41 29 31 42 35 82 85 90 79 95 70 45 39 81 29 44 65 80 39 33 47 61 82 40 34 0 61 45 97 83 41 76 49 27 88 68 42 69 31 53 73 93 85 56 34 34 57 94 46
79 71 33 32 97 58 76 32 43 93 25 29 96 64 90 97 33 40 87 66 54 79 34 74 27 82 97 0 39 81 26 48 75 55 82 25 80 85 80 58 60 100 81 32 86 59 90 87 77 37
56 89 72 73 73 87 97 29 94 62 52 34 100 92 55 39 35 80 50 72 70 89 100 77 71 86 41 90 0 35 85 82 83 57 82 66 77 81 93 52 35 56 87 68 68 66 52 73 74 47
81 63 46 29 69 73 44 61 88 47 31 55 52 40 65 46 73 62 32 67 59 70 48 86 81 46 85 81 100 0 39 67 66 43 50 43 91 99 34 36 44 63 71 74 52 96 30 65 85 43
97 98 42 43 72 97 25 54 83 82 45 88 73 87 72 91 42 49 53 71 85 25 74 36 74 99 34 36 69 88 0 81 44 64 74 82 52 97 100 79 73 53 62 36 96 88 95 38 98 95
100 79 26 56 93 94 37 25 32 54 83 31 52 87 59 87 96 72 91 68 76 89 26 98 67 51 87 95 26 27 94 0 80 86 61 85 64 38 92 45 35 47 49 55 81 28 30 27 43 58
73 82 45 79 91 34 44 27 99 52 65 56 34 30 53 36 29 82 81 89 46 80 74 58 65 87 46 38 55 50 39 94 0 57 48 92 40 63 76 32 56 83 89 86 51 51 34 97 26 35
61 70 42 92 45 79 61 42 53 91 52 69 51 54 94 81 30 73 96 47 68 90 55 36 80 26 51 64 32 76 79 70 71 0 62 78 94 64 71 87 48 28 56 39 98 59 80 83 26 67
97 97 44 52 45 63 98 34 61 72 65 37 35 30 48 67 74 49 77 51 58 31 95 97 64 45 76 75 54 43 98 87 66 40 0 64 49 79 70 62 73 36 74 92 39 62 85 48 56 68
96 48 49 74 100 77 85 86 51 34 72 52 76 53 65 77 79 41 32 62 49 65 61 88 86 96 43 54 77 83 92 31 40 28 70 0 74 77 72 46 66 46 73 55 39 49 72 90 36 55
97 75 98 63 36 31 79 62 25 82 81 63 85 95 31 44 54 93 81 56 92 97 42 36 66 67 56 86 50 44 29 51 87 42 66 88 0 35 27 99 48 45 89 90 49 86 85 96 50 41
65 77 86 84 68 51 66 76 99 83 59 53 56 97 84 54 74 60 92 93 87 68 52 72 94 59 49 90 63 42 29 43 76 50 88 40 54 0 94 79 92 29 51 75 58 55 72 54 75 63
84 56 39 29 66 78 46 98 69 76 91 30 64 100 36 40 27 61 51 38 65 97 86 66 60 57 36 47 58 30 65 66 87 78 31 92 96 47 0 74 93 62 58 92 46 98 63 71 31 88
68 82 36 37 77 66 61 39 48 94 66 71 44 69 62 77 87 59 87 99 60 89 79 35 68 44 86 54 45 49 87 32 44 32 67 95 26 48 65 0 81 95 70 26 68 71 35 87 49 94
75 37 46 88 43 93 55 42 28 36 33 27 90 86 46 59 31 64 88 94 71 67 75 75 58 47 34 83 99 79 45 35 72 54 75 50 66 87 81 54 0 79 60 89 66 92 92 72 73 74
38 25 67 87 30 87 48 36 71 35 71 33 50 72 99 54 59 65 74 57 30 95 85 92 29 42 26 84 43 50 58 36 91 53 47 85 32 100 73 55 69 0 71 87 59 34 47 100 64 70
97 47 70 88 92 60 25 33 75 61 69 43 62 47 40 50 29 78 94 65 79 54 78 27 25 33 66 69 72 61 78 77 55 45 56 80 70 59 51 36 76 93 0 39 51 97 59 62 60 34
40 86 96 53 44 91 76 35 66 49 78 60 33 51 62 65 93 37 61 78 83 89 99 87 81 82 27 25 88 65 74 94 57 50 85 36 62 67 70 88 30 65 60 0 86 69 36 86 65 69
64 65 69 76 43 56 86 40 62 52 80 34 100 96 78 91 85 77 43 66 29 93 63 43 96 59 33 87 56 64 42 91 80 32 76 91 54 72 30 76 50 27 71 76 0 36 97 74 77 81
45 31 37 67 94 77 56 55 33 67 95 56 97 91 64 74 43 98 59 47 96 96 93 84 27 75 90 94 69 86 95 80 90 55 81 62 49 100 87 70 66 95 78 34 81 0 28 82 77 98
66 81 37 83 55 62 26 96 46 34 67 97 39 74 70 59 34 100 73 49 81 55 53 76 95 81 78 75 88 75 60 91 59 44 62 47 93 72 40 100 46 100 46 43 38 38 0 69 41 25
78 59 92 33 35 58 92 89 26 88 51 86 57 70 52 46 86 73 30 77 31 37 38 50 52 36 25 97 65 93 91 29 98 95 31 59 85 58 39 88 57 26 90 98 33 61 78 0 66 73
31 91 67 99 81 26 46 55 76 44 83 90 25 74 92 35 90 26 65 93 34 88 87 82 72 35 98 73 62 44 72 93 99 74 49 79 65 42 53 68 45 58 71 65 37 61 93 63 0 83
88 39 88 67 31 38 46 37 25 77 72 88 89 77 81 82 37 69 84 94 27 46 70 69 72 66 55 35 46 41 40 44 77 81 45 50 25 48 76 70 58 96 77 62 81 49 86 90 75 0
