70
0 8 20 19 12 14 11 9 10 8 7 7 14 16 6 5 19 13 20 14 6 16 16 17 6 20 6 10 15 16 14 14 19 14 14 18 9 12 6 9 19 17 10 17 15 12 19 11 10 5 11 18 18 10 11 8 9 15 17 17 18 9 19 13 5 5 15 7 6 7
0 999  138 337  169 426  194 410  150 229  86 342  151 412  164 264  147 386  114 310  203 283  113 346  272 459  158 325  71 238  105 257  240 504  211 440  87 313  156 352  246 482  90 126  123 315  242 393  77 218  160 302  139 328  149 381  168 360  130 199  273 485  168 318  241 404  153 335  128 325  176 397  130 166  171 322  112 177  255 418  100 353  162 287  236 433  204 400  119 328  188 230  76 150  134 348  226 264  147 412  131 294  215 455  130 207  99 354  155 253  151 236  237 301  217 316  137 236  179 436  196 380  55 302  256 304  200 280  223 274  230 427  133 202  154 367  101 246  163 312
0 109 90 66 42 61 68 58 79 77 87 62 139 132 42 59 125 139 79 70 113 45 71 120 62 46 84 102 116 45 139 119 116 106 61 126 55 138 61 129 41 70 97 74 48 52 44 49 105 82 65 128 101 67 71 42 99 118 60 69 115 40 126 128 121 133 112 130 75 80
91 0 133 72 53 46 60 85 93 119 54 43 131 105 74 109 49 97 126 74 82 113 68 66 103 109 139 135 97 90 70 67 42 36 65 110 129 57 50 106 54 55 90 98 125 65 128 86 105 41 40 120 89 77 102 90 115 46 105 50 86 53 55 36 47 103 67 125 61 124
132 51 0 127 96 74 51 53 117 78 114 83 106 78 136 71 62 46 106 52 48 40 98 94 36 44 113 58 110 81 48 125 102 76 52 129 81 108 107 95 85 111 96 106 77 60 82 71 138 85 75 131 140 91 104 65 101 107 124 48 55 90 102 65 54 41 64 106 45 44
56 39 110 0 63 128 98 40 129 44 114 111 85 60 128 56 75 114 37 127 104 123 52 133 106 84 135 129 137 115 38 45 42 91 40 102 77 69 123 50 69 82 52 41 123 72 120 138 67 87 39 66 126 110 130 130 68 77 96 79 95 131 78 99 103 126 64 37 139 80
62 65 52 107 0 131 116 45 66 101 133 129 92 100 92 49 139 92 75 114 109 106 131 105 63 97 66 129 105 40 116 50 97 136 85 94 78 70 39 44 74 111 40 83 86 101 79 93 105 97 41 104 35 90 38 115 100 104 35 43 50 114 133 129 100 70 136 71 110 63
69 63 103 80 81 0 67 59 135 92 41 126 98 103 48 114 117 80 101 125 54 125 56 135 100 60 128 56 67 103 40 137 81 85 102 101 49 68 67 52 101 111 39 122 50 72 82 91 102 78 65 103 95 57 107 47 124 40 42 85 119 95 55 106 90 72 56 58 107 114
95 129 108 117 67 55 0 103 93 42 76 88 50 48 114 76 80 45 93 64 46 138 126 49 96 54 80 107 112 135 136 121 108 82 109 35 78 136 137 35 74 124 88 66 126 129 140 46 127 46 92 134 114 58 98 128 123 96 70 139 100 66 35 114 81 122 81 77 106 97
48 109 97 130 124 35 77 0 82 80 140 83 132 115 83 92 117 119 76 64 70 77 61 45 37 137 140 62 97 109 129 113 114 91 77 93 55 82 58 119 120 134 81 77 97 139 71 100 117 107 64 96 57 128 133 91 82 123 106 114 126 56 62 140 88 110 43 74 58 118
68 69 94 87 130 73 109 71 0 77 37 115 60 91 43 119 119 65 88 123 126 43 85 67 102 98 41 46 91 81 86 136 103 139 122 45 37 78 115 49 137 41 45 108 105 97 81 83 112 47 43 36 68 123 105 137 60 110 106 106 40 84 97 97 52 100 137 41 45 121
112 48 94 53 135 81 48 37 70 0 59 91 128 48 122 60 60 62 98 51 113 59 115 105 43 74 108 60 58 68 123 68 57 62 76 80 70 36 86 64 84 124 113 79 73 121 54 99 140 94 70 83 98 112 58 84 106 45 112 139 74 52 58 82 130 93 83 131 90 39
87 104 60 97 137 56 54 57 52 108 0 45 82 62 80 58 58 92 46 85 65 49 48 75 113 48 65 100 82 35 90 81 61 67 126 58 96 133 139 65 56 47 57 51 65 109 88 92 69 124 38 76 75 80 67 125 95 74 126 105 89 100 127 102 54 37 43 134 68 81
62 130 48 84 119 75 63 97 117 38 136 0 91 68 111 99 127 88 140 130 112 119 127 77 104 40 99 121 111 86 83 44 51 99 138 107 88 59 113 79 132 135 81 137 106 105 104 58 90 102 36 136 63 74 132 93 44 63 45 50 134 64 72 66 121 71 89 65 59 130
125 76 129 125 74 115 80 67 73 35 64 71 0 55 127 55 72 129 128 115 86 87 96 83 83 103 81 136 97 79 56 138 37 59 136 88 48 41 105 37 99 79 54 117 134 85 93 98 37 55 38 116 137 123 38 41 56 84 66 98 132 113 92 95 72 68 66 72 46 70
113 79 118 101 138 40 39 73 58 113 37 69 105 0 89 119 46 72 123 105 46 86 138 119 71 78 44 63 140 83 113 91 90 50 99 101 137 42 55 88 60 73 53 68 110 92 120 98 113 93 132 103 69 105 115 116 64 65 96 46 63 137 130 43 107 125 112 55 62 45
98 37 123 69 71 121 140 43 128 127 78 53 53 115 0 89 80 58 114 94 66 100 128 57 70 138 74 66 109 44 83 41 40 108 65 100 63 106 101 51 117 90 132 109 41 129 45 39 44 56 136 89 59 61 61 128 92 43 51 97 72 89 82 68 63 55 36 80 89 57
131 124 114 79 133 67 53 100 108 133 118 95 44 59 84 0 62 122 118 94 109 39 35 74 112 76 78 62 48 49 65 135 50 93 57 137 90 48 101 49 98 92 62 83 85 77 87 139 57 88 97 119 107 106 60 43 127 65 66 104 97 104 54 77 106 140 127 77 70 124
120 109 50 42 79 129 106 116 110 51 35 57 134 47 51 39 0 91 77 78 51 95 70 119 133 133 69 133 39 125 109 82 99 132 42 140 127 52 127 46 38 115 137 114 115 103 89 115 79 55 81 60 75 94 66 43 124 94 66 135 45 102 63 60 63 132 116 36 66 138
66 118 107 47 135 36 87 101 48 131 91 39 66 40 101 64 108 0 140 73 122 96 62 79 44 70 119 88 63 111 136 131 61 50 37 75 128 39 132 81 137 114 130 55 138 78 120 54 46 131 106 113 124 43 55 125 117 99 114 103 125 56 35 62 75 136 115 100 79 96
67 60 52 90 99 48 60 55 38 138 78 113 107 96 135 63 54 61 0 107 115 63 64 135 122 39 110 66 57 35 35 98 109 131 92 76 127 35 61 134 130 55 93 139 94 60 81 82 57 86 72 89 55 60 111 139 40 46 58 89 87 135 120 51 66 61 108 84 131 85
54 40 113 64 37 104 76 107 86 75 92 69 54 78 115 76 112 132 93 0 91 53 122 126 118 86 121 111 113 79 121 74 111 95 88 131 128 107 120 78 111 83 41 101 50 136 78 67 36 101 38 37 121 45 78 102 80 43 117 99 133 78 58 89 93 95 138 135 98 78
110 112 42 117 46 115 82 127 39 77 61 107 85 65 125 139 83 56 136 38 0 111 94 42 119 124 72 133 71 48 88 102 115 104 88 53 77 40 54 37 39 96 90 78 78 76 69 67 136 111 116 37 126 82 140 113 71 40 107 98 90 97 123 114 96 99 95 63 112 107
90 88 38 120 47 69 78 75 89 127 53 116 130 129 72 99 100 49 35 116 94 0 57 79 119 117 122 90 102 130 75 67 50 88 50 73 89 78 129 84 115 102 66 36 35 38 123 56 69 75 97 112 129 109 113 73 130 121 83 106 124 37 58 40 78 83 35 139 47 133
116 50 42 74 123 61 124 45 103 39 44 97 126 76 98 105 83 128 136 109 79 138 0 101 139 89 87 89 50 46 135 55 91 117 121 69 132 80 102 102 75 87 111 56 92 99 67 134 84 129 122 50 88 36 138 104 41 134 128 130 139 39 84 112 42 92 82 95 128 92
138 76 76 46 120 84 120 100 105 60 90 84 132 70 139 45 52 132 127 76 101 106 122 0 132 139 107 110 115 96 89 94 123 137 135 47 134 93 118 53 69 136 96 64 107 138 112 42 82 78 82 42 35 38 87 132 62 81 88 55 61 110 82 61 47 114 84 106 55 131
50 71 120 48 42 140 60 135 88 123 80 78 110 102 88 127 98 105 43 132 84 35 102 79 0 110 119 134 62 110 73 63 131 85 122 79 81 60 113 101 134 57 71 35 57 45 108 111 36 36 53 118 98 38 135 127 79 79 86 90 65 110 92 38 75 111 83 110 37 126
63 63 121 120 69 78 136 103 79 52 110 129 101 77 66 135 90 54 120 52 123 39 67 134 127 0 55 56 74 137 53 114 63 59 49 59 84 130 126 119 120 115 91 79 41 40 115 116 125 44 65 59 87 98 42 57 37 44 105 115 71 69 131 115 136 125 45 106 133 67
82 126 82 126 70 132 118 103 42 139 79 134 86 82 107 54 104 110 90 51 118 84 104 130 66 60 0 71 40 128 103 93 77 45 139 139 136 37 78 46 139 65 38 122 135 72 129 102 68 108 87 100 129 113 132 134 81 121 110 76 54 128 75 108 50 110 63 122 131 92
105 91 66 80 85 132 49 132 79 137 107 98 70 129 135 56 136 102 79 140 130 38 72 126 105 44 87 0 52 80 98 107 97 110 138 97 46 102 84 56 49 78 119 101 80 87 139 98 75 53 139 81 74 111 50 95 39 77 96 38 101 37 61 130 106 121 46 96 53 59
132 95 113 48 98 102 64 111 57 72 52 120 86 63 45 67 71 98 128 96 77 122 124 138 69 73 121 51 0 55 39 76 97 135 97 140 61 112 79 75 122 38 99 42 118 66 87 130 89 130 70 140 124 118 50 86 123 79 78 124 44 63 76 129 96 99 120 41 114 111
125 72 75 139 70 99 133 95 107 120 128 58 78 81 128 91 124 114 115 131 89 93 84 99 120 111 54 58 49 0 118 84 123 128 59 59 133 59 86 38 85 70 87 136 59 135 42 80 70 73 104 46 98 43 82 56 82 52 35 40 35 49 109 110 119 126 90 51 62 85
36 139 109 76 65 119 131 108 101 139 56 96 77 57 81 129 138 131 140 82 118 80 63 116 74 86 77 42 120 102 0 93 49 53 117 137 49 124 51 37 112 78 56 50 46 67 114 46 68 124 60 137 71 136 110 116 35 91 131 45 90 66 47 109 51 107 107 46 68 41
135 78 48 108 84 52 113 111 50 75 46 130 39 50 59 43 56 123 97 64 134 52 132 134 70 42 44 112 94 72 77 0 46 77 114 139 104 57 47 63 106 86 47 94 116 118 128 57 118 102 39 132 135 40 94 139 108 73 88 49 37 60 54 122 131 70 64 63 125 86
109 37 72 50 53 100 138 125 95 82 106 133 127 105 77 41 98 91 109 47 113 126 133 78 135 60 77 70 131 63 54 42 0 86 86 87 131 129 105 134 66 52 124 87 84 62 69 140 140 49 95 116 77 49 77 140 57 64 83 61 64 60 80 112 78 103 56 73 88 53
120 45 50 59 107 114 71 120 128 117 103 61 66 135 37 90 115 124 75 49 87 117 100 109 99 55 77 81 80 40 116 68 70 0 39 88 59 59 65 52 52 40 85 100 59 115 71 59 90 59 61 45 54 137 61 97 42 59 137 104 86 64 67 103 79 105 80 44 120 106
124 126 136 114 137 128 106 97 70 36 53 79 118 70 106 88 46 140 134 75 111 126 101 134 114 66 83 133 81 115 54 86 109 48 0 38 94 120 51 49 138 104 93 97 133 137 47 83 57 97 79 97 42 88 123 87 103 121 129 138 86 87 43 111 59 65 104 50 136 78
112 95 107 111 73 42 74 116 76 35 57 73 61 113 140 139 66 64 74 121 93 66 56 90 60 83 87 64 79 120 97 79 43 111 42 0 94 131 42 84 119 51 58 64 107 124 97 74 104 122 62 122 72 78 129 114 72 139 51 93 49 130 120 40 36 82 45 122 66 63
119 72 102 77 94 40 65 96 82 38 112 85 83 40 46 133 60 103 76 132 97 122 68 96 139 62 75 62 84 117 39 122 70 98 135 36 0 60 126 77 113 64 119 137 104 55 104 48 86 124 77 43 102 59 104 57 65 66 139 107 107 82 110 119 93 134 68 77 89 56
119 97 65 90 104 121 90 103 93 87 139 101 135 79 107 74 95 53 101 121 133 128 54 82 52 125 124 84 76 51 69 125 76 78 39 98 70 0 121 60 79 111 59 67 119 47 35 130 116 36 43 42 36 75 124 60 44 120 123 50 118 70 89 93 35 114 94 132 72 69
138 85 64 72 59 105 125 48 103 41 135 40 122 127 48 54 131 52 54 75 77 97 62 135 137 60 129 63 110 71 114 45 77 105 118 86 47 84 0 78 98 58 112 65 139 76 139 115 80 100 105 122 50 116 102 53 112 39 62 44 134 81 139 90 134 115 65 102 60 36
64 61 105 46 129 58 78 109 120 67 75 101 80 116 50 37 102 47 104 94 57 58 52 130 121 122 87 126 61 39 113 54 54 86 43 140 92 89 126 0 60 78 114 35 96 135 111 127 79 140 123 90 127 101 133 98 126 132 109 35 120 82 40 102 93 54 52 90 97 131
74 82 122 89 67 37 132 56 126 139 107 52 135 49 80 114 105 36 130 70 64 42 85 130 47 99 105 104 78 35 48 125 88 95 62 121 134 92 82 35 0 116 51 62 77 89 84 129 106 54 120 74 121 45 44 90 69 83 125 120 37 111 90 130 60 86 136 58 112 94
119 96 73 58 46 109 123 75 130 106 118 66 108 86 80 86 68 35 128 85 108 107 127 136 80 133 101 123 139 74 71 61 62 107 66 90 38 86 52 139 133 0 124 105 72 87 92 100 102 135 78 100 75 46 126 94 81 135 98 130 61 126 139 104 104 65 113 52 63 56
132 114 38 125 133 99 43 124 92 63 67 105 63 69 45 115 77 93 63 90 50 117 107 53 41 112 94 35 97 118 38 80 63 124 46 133 105 136 57 65 73 70 0 89 91 82 41 98 73 56 137 128 112 121 35 48 124 126 62 68 51 86 111 134 96 139 98 51 39 93
121 82 138 88 103 108 76 77 92 48 62 37 126 125 62 87 135 121 132 98 106 107 86 137 118 122 38 105 109 131 89 61 106 48 53 61 83 97 132 93 92 41 137 0 123 126 66 93 40 95 119 46 49 110 50 72 76 90 122 46 138 100 60 80 69 126 96 108 131 60
121 79 60 69 140 39 94 134 85 85 47 81 83 130 105 79 82 126 65 128 133 93 41 48 102 118 58 56 51 93 124 125 64 84 83 64 70 92 51 66 83 45 54 46 0 39 35 83 132 73 98 133 50 139 78 139 94 40 122 74 79 40 102 70 129 82 53 49 118 80
77 130 61 76 72 80 75 45 39 96 70 111 73 93 66 105 103 140 131 64 38 40 123 69 35 36 41 90 122 128 48 61 133 52 131 100 53 82 126 110 84 52 41 135 55 0 62 128 114 39 63 66 37 140 72 44 124 40 115 134 108 85 58 84 76 99 37 137 106 128
136 125 117 44 70 87 125 70 41 39 72 79 42 63 45 84 51 105 122 52 45 61 39 53 93 61 52 39 105 60 101 75 83 104 120 35 69 50 105 111 98 71 36 91 40 118 0 81 135 36 36 95 102 63 40 70 81 59 81 51 121 111 91 102 94 126 47 90 118 74
107 123 75 50 112 122 37 99 37 36 65 112 78 114 126 115 92 127 113 50 128 55 114 127 110 103 136 107 51 96 113 70 48 43 107 116 113 97 97 91 78 60 136 118 100 46 106 0 56 114 74 110 60 122 101 97 106 69 95 123 39 136 39 79 46 134 50 100 42 126
101 92 125 107 125 136 127 118 136 109 52 61 126 111 99 87 56 53 99 128 76 73 89 124 48 53 41 48 78 127 130 140 125 56 82 35 73 131 136 84 116 86 96 97 65 90 120 92 0 47 107 104 62 49 41 135 109 140 46 120 87 61 125 50 132 47 119 51 80 73
132 69 125 133 117 47 63 62 106 130 69 64 37 88 79 109 116 103 81 121 57 71 130 79 104 37 94 81 58 110 123 102 65 40 47 106 60 50 108 98 84 58 49 120 38 61 98 82 85 0 70 90 116 107 66 119 115 49 39 100 41 99 86 127 35 41 119 41 103 65
135 131 39 39 113 43 41 100 74 57 115 41 67 83 132 128 89 87 128 36 46 97 48 128 112 58 64 55 57 58 95 108 52 99 70 45 125 79 109 127 121 46 60 91 117 83 95 107 70 107 0 131 69 100 61 50 136 45 84 127 55 95 65 128 76 87 89 79 135 125
139 130 118 47 122 112 116 53 90 40 79 114 110 74 125 81 87 70 71 139 51 53 99 104 100 70 98 37 100 43 87 94 113 47 139 78 101 124 125 68 116 72 36 118 54 135 132 93 99 57 107 0 68 70 49 106 112 88 88 64 138 60 72 36 114 93 76 52 44 82
83 109 75 92 116 127 36 69 68 71 92 89 106 74 69 67 123 132 56 71 71 123 66 109 91 94 123 80 92 41 138 85 62 35 68 116 115 45 50 54 103 130 70 47 129 137 91 51 49 73 128 90 0 138 46 83 96 134 137 40 89 78 47 131 111 84 67 100 126 137
132 137 121 53 115 115 115 36 138 61 138 95 58 139 116 36 85 48 138 119 90 36 120 89 77 44 36 140 105 64 47 66 90 95 128 110 48 42 113 117 79 126 113 71 64 139 72 136 96 116 45 44 87 0 35 123 93 63 69 113 138 104 107 56 139 42 89 40 52 89
118 54 105 108 119 132 69 82 99 66 45 105 59 79 49 54 56 100 122 77 127 49 76 109 115 61 71 114 101 105 86 116 72 64 71 105 83 50 56 46 76 82 98 82 65 77 64 118 105 38 81 35 53 87 0 99 56 129 118 50 113 38 100 55 99 89 74 95 70 65
65 51 92 111 121 68 43 81 137 125 107 60 38 121 47 54 71 116 133 119 117 43 48 77 86 61 38 66 49 57 127 127 60 89 45 125 130 79 87 59 89 72 131 76 101 109 83 84 64 41 42 58 64 71 64 0 108 100 98 103 94 124 38 131 93 119 119 42 61 129
122 76 124 122 85 52 123 57 71 81 115 140 51 99 79 94 110 41 36 86 39 85 64 51 73 127 46 50 65 96 98 82 98 72 50 71 101 105 64 53 54 139 114 67 84 37 118 104 94 134 46 87 134 115 90 90 0 108 90 71 77 47 118 57 121 38 135 35 124 138
53 73 119 79 68 134 70 82 98 91 82 108 129 69 110 128 106 88 50 133 81 68 113 77 36 39 109 82 63 92 97 70 121 84 50 117 127 65 81 122 96 42 52 119 42 85 58 46 84 119 62 49 98 115 140 57 67 0 138 108 118 36 64 58 94 56 140 94 41 109
79 79 83 113 134 44 138 64 84 87 88 129 108 49 85 57 129 129 119 131 93 52 120 75 90 131 50 124 129 113 120 96 136 117 46 63 71 41 114 123 57 112 125 61 82 70 119 38 55 92 100 78 115 64 129 95 52 86 0 82 83 42 126 92 86 41 51 100 82 52
75 63 54 50 81 45 90 85 75 43 93 46 55 136 121 78 87 98 79 94 129 38 131 122 111 42 119 70 35 96 93 39 104 57 39 63 42 73 130 138 73 120 75 89 35 102 133 101 102 135 79 81 130 83 37 101 79 95 97 0 58 65 128 37 43 40 102 119 101 77
86 127 127 83 84 135 130 103 103 109 128 58 98 116 96 81 124 103 126 51 35 69 79 84 118 137 93 65 69 68 106 119 60 79 46 83 129 86 85 60 56 60 119 114 108 67 138 137 42 67 38 48 99 82 48 135 79 66 69 135 0 109 90 128 77 71 117 88 73 73
89 104 132 72 50 136 46 118 64 49 88 135 122 111 103 113 97 130 98 85 117 109 38 80 75 60 89 48 125 50 43 101 73 42 124 100 76 41 62 114 110 41 128 128 128 73 73 85 66 59 78 55 75 94 43 43 111 39 137 81 121 0 40 97 54 136 36 96 95 137
95 70 50 136 92 80 47 82 54 118 46 104 86 129 137 78 138 78 103 78 78 102 104 125 121 92 92 39 56 114 66 56 95 110 134 64 87 91 41 136 134 77 100 134 124 70 94 38 80 140 138 117 116 108 39 70 119 108 128 101 46 65 0 123 73 39 88 45 118 122
102 130 35 112 131 52 139 107 90 105 40 112 92 108 105 111 122 63 106 76 69 68 118 68 40 77 108 83 115 119 41 54 59 53 91 35 101 75 56 71 41 95 52 38 65 108 57 95 105 58 100 103 96 41 99 135 137 114 110 123 105 50 35 0 104 78 81 106 139 100
65 68 84 95 38 47 138 97 107 50 81 96 67 90 79 91 103 41 130 131 58 128 119 45 124 83 130 67 124 109 110 118 88 50 109 75 61 136 67 68 88 108 86 74 74 74 94 98 38 128 62 57 71 127 73 129 69 119 125 49 138 54 101 89 0 127 50 64 60 39
130 88 68 73 125 50 92 131 61 94 110 127 85 75 67 99 120 135 102 88 50 75 79 38 128 74 101 59 52 42 127 89 44 36 85 81 132 136 36 119 86 119 35 55 61 111 82 111 85 61 113 76 40 91 63 46 116 69 113 38 109 71 59 126 131 0 38 59 90 101
86 71 82 82 46 51 39 123 53 104 81 49 140 70 78 58 120 74 85 110 63 128 106 81 83 114 82 51 116 121 138 51 66 60 135 84 129 122 128 140 121 53 115 58 98 90 106 42 65 139 57 46 67 120 36 72 130 86 57 47 57 115 65 50 58 109 0 67 87 91
57 64 50 80 54 89 54 54 73 138 53 120 38 74 99 136 120 69 104 39 121 128 64 48 51 37 86 86 55 138 38 103 123 35 117 64 45 55 121 67 46 43 58 88 76 40 57 47 68 43 84 81 140 40 79 66 118 117 45 137 118 71 51 117 67 123 105 0 140 64
94 70 116 71 61 61 137 45 63 73 119 82 77 82 140 102 124 61 71 127 112 42 85 139 52 58 83 97 74 133 90 105 62 132 49 104 117 87 115 95 73 62 43 42 116 120 36 36 70 65 51 90 38 57 44 111 138 129 81 138 75 119 122 92 49 56 62 139 0 90
52 50 48 69 115 93 66 48 68 50 71 78 97 89 79 138 124 72 130 106 120 98 126 54 62 90 58 139 62 41 54 136 115 60 83 53 42 80 70 126 79 69 88 40 111 127 69 48 107 78 122 76 39 113 113 111 57 131 38 53 110 50 57 42 36 118 98 96 53 0
