70
0 16 8 7 15 7 7 18 15 14 5 15 10 16 16 17 12 12 11 15 5 5 13 10 12 5 19 14 14 6 18 14 13 6 11 14 12 20 19 5 13 13 6 14 8 20 13 12 8 17 6 10 17 5 5 11 7 20 18 6 5 15 13 12 14 18 14 18 16 20
0 999  173 205  123 255  91 191  210 251  166 400  124 220  133 334  103 182  171 344  156 380  124 238  90 174  181 312  92 196  174 386  133 164  205 358  89 252  108 223  108 175  211 426  189 228  131 232  158 267  183 298  139 239  167 310  150 319  211 411  173 288  113 248  109 224  164 406  123 313  186 423  138 275  127 258  232 418  176 295  213 315  166 320  138 324  194 285  156 372  179 351  202 303  198 271  256 495  180 240  143 210  207 465  87 240  224 280  173 383  118 267  128 260  144 363  200 431  47 185  236 379  184 333  115 173  152 244  183 398  80 336  135 217  201 404  122 194  147 405
0 140 114 60 90 92 100 77 68 74 98 68 38 107 57 70 89 95 66 95 93 124 96 70 136 101 67 76 116 104 106 39 43 105 83 137 53 66 113 56 82 100 73 122 79 113 128 125 132 136 121 77 53 115 44 74 45 74 133 40 118 92 50 90 77 48 69 138 89 127
51 0 62 85 46 91 98 64 90 50 101 83 82 126 80 130 48 101 106 58 115 68 75 120 113 139 115 75 93 90 138 136 67 55 85 38 111 104 87 98 45 71 44 85 117 55 87 42 78 96 36 66 68 52 79 117 120 40 74 54 60 93 58 49 122 102 84 107 86 120
53 46 0 127 130 116 81 102 126 48 92 125 92 38 118 106 111 79 84 71 109 140 99 80 87 126 114 103 113 52 38 75 71 92 114 108 73 123 70 95 128 113 107 118 48 96 121 73 88 126 124 89 108 75 67 65 54 136 83 116 101 114 92 136 76 50 60 97 137 95
40 104 108 0 63 51 91 83 98 94 128 87 44 76 129 38 121 115 113 57 67 91 113 51 108 88 107 36 111 39 46 136 78 70 92 56 45 130 49 52 79 84 42 89 37 46 94 40 105 96 127 52 84 102 99 124 52 67 74 93 72 103 76 53 71 87 105 72 119 74
108 102 116 82 0 132 103 90 67 108 102 54 91 41 84 66 55 124 83 62 86 95 115 125 139 40 103 41 114 76 52 39 107 75 57 57 36 53 103 69 94 45 48 72 53 38 130 40 57 69 35 116 42 83 77 125 67 104 109 136 110 95 108 127 113 92 67 139 52 57
49 80 74 112 55 0 86 37 95 36 101 103 138 35 115 94 60 110 66 94 93 99 117 59 79 35 59 90 69 113 134 61 94 51 35 107 114 115 95 102 52 98 56 51 82 84 88 90 117 47 89 100 37 120 57 56 51 87 139 108 44 59 40 131 63 96 88 109 82 78
86 76 82 100 60 94 0 92 121 85 127 134 98 109 88 117 47 39 47 94 79 57 49 87 59 117 120 60 96 46 49 70 104 47 49 100 113 66 92 40 92 136 90 123 68 88 53 84 55 130 53 67 64 80 37 128 93 80 97 86 134 93 53 68 58 52 64 36 88 69
87 84 91 106 123 121 83 0 39 69 42 92 37 46 107 83 119 114 65 97 140 57 62 66 75 105 118 53 56 119 69 72 40 118 85 106 54 35 63 73 99 74 101 134 41 73 110 99 87 61 70 46 52 74 54 116 126 127 38 41 98 59 87 46 51 56 116 46 37 102
139 87 95 84 127 53 71 69 0 42 70 104 78 102 125 43 41 102 108 72 119 139 47 118 120 94 119 114 126 78 122 121 63 108 61 94 80 90 56 132 127 88 56 133 44 131 55 103 97 114 65 64 70 130 94 116 87 130 52 110 40 60 111 120 123 105 140 77 46 68
79 84 102 135 133 87 54 139 113 0 53 111 124 44 130 69 137 35 69 125 99 82 46 92 119 131 93 128 104 101 116 63 75 105 61 36 54 78 78 122 62 116 69 119 136 94 82 78 56 38 51 138 92 90 90 112 91 74 122 80 130 37 121 121 122 47 43 140 73 118
117 99 62 139 84 132 128 42 46 139 0 68 93 62 80 90 127 98 63 115 76 49 38 45 62 47 138 121 139 91 55 37 122 140 126 70 120 122 131 35 85 95 98 131 58 110 95 128 106 131 134 59 140 77 139 68 83 100 64 129 110 91 42 81 90 119 93 112 56 51
61 47 48 90 57 62 54 66 134 138 110 0 41 87 110 87 69 118 131 51 136 97 57 125 60 47 62 35 56 119 74 137 130 49 85 135 92 140 104 62 114 59 105 105 35 81 111 58 107 123 123 118 89 87 114 109 97 97 103 94 135 49 74 109 91 52 115 84 71 46
47 116 80 131 118 109 71 93 72 119 119 137 0 139 62 122 97 128 91 90 83 95 100 66 60 51 58 124 84 52 81 84 58 67 80 68 104 41 50 103 114 50 38 68 35 111 41 111 124 117 49 45 78 70 43 87 119 136 73 71 73 67 112 45 117 75 36 110 57 68
140 37 72 68 74 139 138 100 76 56 66 104 137 0 82 105 137 38 134 88 81 35 69 45 98 41 87 78 82 53 69 111 95 120 51 115 56 88 93 36 96 128 98 117 101 35 70 42 72 68 80 125 38 125 37 57 46 40 51 132 111 79 113 75 101 88 81 112 71 91
115 126 101 58 127 129 112 38 94 62 66 89 120 109 0 115 98 69 91 107 111 131 98 127 125 43 135 35 66 51 79 37 65 87 103 100 49 56 57 39 50 43 118 137 124 138 58 114 139 53 127 110 36 78 91 73 38 93 129 39 63 133 51 62 40 107 102 57 59 40
135 56 81 38 140 122 128 115 97 69 98 114 121 85 111 0 115 48 37 68 65 138 91 134 41 124 104 138 111 59 139 86 57 82 48 86 75 92 64 71 37 40 50 89 91 118 107 82 110 93 136 48 109 136 127 66 60 133 48 103 126 75 44 71 50 89 43 53 89 51
51 130 92 103 91 128 63 42 86 57 108 127 121 82 41 40 0 83 136 140 62 56 70 76 140 69 74 110 85 75 87 42 86 57 47 136 80 36 120 137 79 121 67 123 128 75 43 50 90 97 122 94 55 94 140 101 57 136 36 70 80 113 79 110 68 61 49 58 56 136
58 139 124 76 89 45 42 44 110 119 97 69 104 140 49 107 137 0 63 111 86 40 82 73 135 52 88 62 104 114 89 94 98 117 80 118 140 60 119 75 51 126 68 123 79 104 104 83 70 127 38 114 140 56 56 73 130 40 38 96 129 40 74 120 69 132 105 106 94 64
134 138 84 46 39 90 108 133 91 125 35 94 111 37 119 77 46 109 0 79 89 92 131 119 40 63 131 123 85 71 128 87 70 69 73 36 79 107 126 54 90 100 61 135 71 90 66 137 80 101 54 54 49 51 43 104 82 39 129 60 51 74 117 130 107 64 105 123 68 57
64 69 105 76 93 138 74 122 61 102 100 116 77 54 131 62 108 130 91 0 49 94 122 36 77 130 66 90 63 37 126 102 131 70 62 94 90 45 139 71 62 131 113 60 73 69 114 54 43 114 84 106 52 56 97 89 66 53 110 72 77 64 135 91 99 62 56 81 103 96
92 134 49 129 65 137 68 56 130 57 128 64 114 89 69 116 105 55 40 41 0 85 49 97 123 106 138 74 138 44 79 99 99 91 47 64 120 66 36 139 58 39 129 124 97 131 97 45 63 126 130 113 130 102 67 120 55 122 61 49 101 51 114 104 116 46 65 138 60 94
74 95 96 93 81 70 64 52 62 119 35 120 131 113 72 40 49 65 82 66 104 0 99 127 85 115 114 59 96 46 93 99 67 109 48 51 37 106 64 135 52 55 109 123 59 108 56 52 62 37 74 136 132 88 48 63 35 105 69 70 130 56 58 106 92 110 80 97 123 50
71 139 89 126 83 38 140 107 39 94 45 39 129 63 131 71 123 90 88 137 116 112 0 64 48 63 137 51 76 59 98 63 45 70 61 139 106 99 100 101 49 48 39 77 73 129 61 137 44 77 55 44 39 77 39 108 75 94 83 117 55 51 100 121 133 92 57 113 92 116
69 42 107 121 125 79 114 112 80 64 74 47 115 37 74 71 123 140 58 111 63 65 76 0 113 93 74 65 131 129 134 127 74 106 102 59 140 54 89 36 50 78 111 103 38 91 124 118 131 96 49 93 128 107 122 110 139 59 109 96 129 89 81 59 139 122 91 82 43 127
91 128 74 82 119 129 53 55 120 109 35 114 62 122 131 101 126 78 69 73 58 136 111 99 0 66 130 78 38 77 125 36 42 77 92 36 129 132 126 41 114 54 75 123 132 116 132 116 128 62 35 140 70 110 47 35 91 124 111 40 108 71 94 63 136 69 72 64 103 99
117 138 36 122 135 138 59 92 88 50 51 135 115 126 57 60 91 115 36 87 61 140 100 82 55 0 95 51 138 56 41 129 37 58 115 52 44 77 97 104 52 70 42 43 120 61 137 120 66 73 85 46 84 130 137 37 132 131 60 99 99 35 66 50 114 92 62 138 69 58
129 132 107 38 125 114 74 55 101 88 60 88 63 58 80 127 68 132 46 127 65 55 123 74 92 109 0 119 51 67 71 108 70 107 77 114 111 82 52 114 36 44 69 88 106 134 73 55 36 75 112 103 35 75 126 71 55 121 70 66 82 83 120 96 106 98 129 108 87 123
63 102 43 132 116 75 49 107 86 51 82 89 105 103 35 114 132 64 59 101 126 122 73 116 54 111 73 0 59 65 68 69 90 74 54 45 60 130 67 92 109 101 53 119 121 66 101 100 134 130 101 100 96 59 84 138 38 90 128 125 99 114 53 49 133 51 103 81 95 118
140 83 85 111 109 96 93 54 132 104 94 108 55 134 71 117 80 95 52 47 64 137 81 65 99 118 136 116 0 109 85 110 110 51 111 51 85 40 109 60 37 109 137 127 132 99 72 60 82 75 50 61 87 123 45 42 74 119 50 53 49 138 75 129 139 39 63 114 40 85
96 74 122 42 60 54 133 64 114 113 47 120 49 96 50 68 48 83 76 59 130 54 90 46 41 65 94 85 49 0 140 136 35 67 83 140 129 111 138 76 82 65 138 136 108 48 79 66 123 124 45 103 111 40 43 131 44 52 110 128 118 139 81 60 114 135 114 63 124 77
82 111 59 83 64 36 100 60 46 123 126 63 79 71 69 60 124 111 136 128 82 68 81 101 98 90 125 114 101 77 0 52 88 92 118 124 90 76 63 115 78 72 53 115 60 131 36 123 50 139 92 75 123 77 115 81 102 132 99 135 122 49 39 42 57 137 69 118 72 121
122 104 67 131 108 95 95 83 120 108 79 94 62 103 70 124 137 69 124 85 74 37 80 39 86 128 104 90 117 123 78 0 37 121 140 44 65 139 89 51 102 72 88 122 126 81 54 43 70 113 90 138 107 107 42 58 84 136 55 45 83 124 73 101 47 37 72 46 79 79
136 79 97 44 104 133 86 49 71 111 80 132 95 72 94 41 115 65 123 54 50 44 64 41 49 103 118 107 57 40 122 52 0 140 45 103 120 117 69 138 104 39 63 84 130 38 81 94 79 138 100 49 79 79 48 128 109 68 78 100 38 68 73 110 128 110 125 117 70 116
38 127 113 122 55 94 126 139 115 44 104 54 46 42 107 123 52 50 132 82 84 62 119 126 69 70 106 88 127 127 69 52 88 0 62 104 58 108 63 35 53 135 139 116 63 127 135 58 138 61 132 49 140 61 109 68 89 84 54 56 130 59 35 115 55 53 95 40 103 72
103 79 129 38 136 58 83 54 49 65 52 103 68 131 131 108 107 45 43 70 140 130 117 129 127 69 81 121 101 137 68 51 70 107 0 74 118 79 62 51 87 119 133 140 87 39 92 90 73 38 88 86 58 87 83 41 114 118 56 75 54 53 59 72 71 36 64 57 104 110
71 83 87 56 136 75 69 122 40 102 50 90 93 39 82 125 119 57 92 59 93 135 111 125 106 48 51 127 98 51 38 65 44 130 60 0 46 70 95 112 89 53 129 99 38 66 51 68 54 43 45 100 70 98 37 74 68 131 44 58 119 76 108 85 76 66 67 139 126 106
133 93 129 84 92 45 69 36 120 61 121 85 123 43 108 50 73 121 43 134 131 126 35 52 113 48 74 107 120 132 80 83 80 106 107 59 0 48 71 74 56 58 58 127 126 109 124 129 124 71 82 84 47 64 122 80 61 123 92 133 139 82 89 60 93 78 70 111 125 87
84 46 78 105 78 119 114 124 61 123 59 40 75 104 104 129 96 122 47 52 101 77 105 132 63 73 109 94 127 78 60 69 114 101 102 35 130 0 108 93 35 83 134 123 92 105 127 75 129 94 103 97 80 67 136 137 109 37 45 118 98 82 44 48 39 106 106 94 104 116
127 127 73 138 102 104 127 117 65 65 115 68 93 101 42 58 73 115 65 136 95 122 86 67 121 48 135 69 35 73 71 38 51 137 84 87 78 61 0 70 99 78 120 109 127 55 84 97 91 65 123 73 133 96 43 119 75 139 78 139 126 65 49 88 39 63 131 84 50 56
129 59 52 96 114 46 45 51 138 126 69 108 84 77 73 48 124 128 64 100 86 134 116 135 35 127 113 139 50 45 55 80 113 129 114 89 47 58 109 0 41 95 131 69 74 122 50 135 118 58 77 93 46 114 128 52 102 86 89 121 37 119 91 114 59 125 39 67 124 47
67 38 118 125 114 85 137 130 88 129 105 41 116 72 109 108 77 88 124 108 79 134 116 84 90 85 124 83 72 54 62 45 122 103 130 78 61 79 74 79 0 90 67 136 79 133 105 89 107 139 65 109 130 113 89 62 77 121 39 101 92 61 132 57 107 139 92 59 135 59
120 103 60 41 131 93 131 110 49 96 85 52 117 90 45 45 48 64 130 114 47 101 121 135 125 77 123 95 50 73 129 125 64 38 126 127 64 103 99 49 53 0 92 63 98 46 96 40 88 38 35 94 124 121 131 138 111 56 40 70 56 113 97 102 74 116 88 39 102 117
70 104 77 52 68 42 71 127 38 122 82 91 88 66 53 104 55 104 80 84 74 86 117 126 41 120 132 91 130 70 88 125 97 35 97 107 73 51 107 44 46 124 0 128 67 49 132 84 109 91 115 95 130 57 104 88 115 126 41 60 58 60 107 50 140 124 44 42 74 86
72 72 49 127 113 75 52 56 79 47 55 128 133 125 126 71 117 106 134 42 41 68 79 104 35 82 37 86 134 64 48 119 96 80 57 59 110 116 92 48 90 77 130 0 64 132 128 62 55 67 53 41 92 123 45 73 137 60 110 102 81 107 51 106 37 123 101 139 96 138
116 69 103 133 135 92 129 56 110 97 58 55 55 127 108 116 80 77 126 135 138 105 135 108 35 83 105 105 108 81 63 63 82 133 81 115 57 111 51 48 75 101 120 133 0 97 52 121 119 71 69 88 42 137 44 129 94 65 44 78 84 132 39 40 99 124 110 47 136 36
104 56 131 62 116 128 130 124 54 114 51 99 139 50 48 123 54 84 78 74 48 79 113 130 107 133 60 40 94 38 105 112 98 82 110 40 111 57 35 126 59 90 125 103 41 0 129 58 44 109 84 110 63 52 119 104 103 129 86 77 127 68 45 43 66 80 78 73 69 106
81 58 100 74 92 107 93 76 38 96 89 111 48 92 118 109 134 98 97 62 51 101 132 67 86 112 56 35 114 72 104 39 107 69 88 125 90 135 138 85 125 98 41 58 124 39 0 80 109 116 105 91 111 114 109 140 93 62 114 135 54 60 114 44 100 129 100 63 123 56
56 102 111 59 98 40 57 135 87 124 123 134 137 40 52 138 88 97 43 95 138 90 115 133 42 105 39 131 98 113 52 107 120 135 113 83 133 101 48 54 41 100 113 106 129 124 138 0 132 48 75 73 84 38 106 118 119 88 73 111 137 80 44 38 111 75 95 86 120 117
56 74 135 54 96 40 99 107 55 59 87 106 118 119 68 108 42 44 100 119 60 109 35 97 96 42 58 102 136 90 98 50 87 109 128 48 39 128 107 93 114 137 38 124 132 139 48 90 0 41 74 73 88 49 58 134 111 122 73 36 90 90 63 113 98 134 36 108 135 56
50 45 125 84 113 107 61 109 71 83 72 44 140 101 115 98 123 128 37 75 65 129 69 68 49 81 138 84 137 120 36 47 42 107 114 73 49 87 50 74 53 42 55 47 38 119 35 43 50 0 103 128 66 127 99 41 43 103 41 89 97 98 118 57 57 102 103 35 39 139
115 117 96 119 86 89 83 118 61 106 116 71 73 95 139 48 136 127 113 112 100 50 90 99 92 124 105 102 99 47 58 68 54 63 115 50 55 137 79 131 121 44 112 121 60 138 109 37 114 114 0 112 130 93 60 104 56 45 87 87 114 124 72 86 57 133 43 58 77 81
93 102 91 37 40 42 68 108 40 95 92 90 76 75 106 51 58 66 70 56 43 138 139 91 118 73 48 43 91 51 125 46 50 99 58 93 41 107 120 101 57 39 98 65 44 64 111 138 130 75 138 0 119 112 95 132 127 113 130 68 111 53 61 73 98 121 129 120 44 36
108 95 65 88 108 102 139 38 121 87 74 97 129 134 105 73 75 111 138 123 97 80 53 61 131 119 110 41 45 74 126 54 66 94 126 35 133 137 93 73 98 44 135 139 101 75 59 77 57 124 53 102 0 49 47 94 44 40 75 67 87 117 133 121 133 44 88 43 50 116
41 62 97 57 137 51 104 85 119 43 119 69 137 137 119 79 76 46 45 46 90 75 120 51 77 38 121 50 95 81 63 117 61 68 138 88 54 74 79 140 92 37 93 43 48 135 106 136 104 119 59 106 51 0 112 82 105 36 92 125 57 51 107 108 39 49 59 140 44 110
82 57 138 60 40 117 88 131 88 74 87 73 117 89 36 50 74 73 57 132 51 114 137 63 77 65 43 137 99 61 129 89 80 78 38 73 77 127 115 134 94 70 97 48 88 133 101 117 76 48 68 89 87 82 0 100 126 137 62 51 64 109 40 126 130 40 131 95 121 77
67 88 134 122 85 132 42 82 67 79 56 82 74 107 57 102 91 119 89 115 72 40 80 138 112 71 78 55 112 90 40 98 123 44 70 138 69 116 57 64 90 46 113 128 111 120 119 128 101 140 131 97 139 39 116 0 110 47 90 54 109 116 40 52 50 128 130 109 121 113
46 98 69 49 125 78 49 66 57 96 133 42 110 75 108 134 43 64 57 51 97 118 67 95 124 124 122 139 65 80 97 112 130 88 129 107 66 117 71 55 106 112 54 108 92 36 139 69 53 88 125 126 128 75 83 126 0 93 139 96 61 131 88 99 39 56 78 127 37 118
81 77 60 84 38 63 87 109 89 95 101 93 136 80 68 46 134 103 105 98 49 54 64 130 117 97 37 137 133 106 42 115 56 64 132 38 64 93 68 77 105 129 113 46 110 81 38 82 121 44 52 132 63 126 131 91 55 0 78 85 49 42 117 62 108 103 67 115 81 45
76 76 58 49 128 84 67 46 131 105 72 38 122 85 138 98 109 58 91 130 95 122 105 111 74 91 43 97 47 101 96 37 62 54 53 103 132 52 104 131 135 139 93 66 98 102 87 84 52 68 78 96 41 69 123 108 136 105 0 67 121 114 53 135 66 72 96 107 119 123
101 122 56 78 129 91 88 108 56 116 101 80 104 107 137 123 106 116 102 119 92 35 84 87 62 132 60 98 101 56 48 128 58 85 103 73 36 88 135 93 55 96 114 120 89 58 53 46 46 122 75 45 140 121 132 121 133 100 69 0 103 92 105 67 61 107 83 71 49 69
117 104 129 89 74 87 62 132 80 36 41 100 58 134 131 58 50 120 99 35 79 46 80 93 61 40 134 104 67 86 43 87 59 42 37 42 116 108 47 80 59 101 121 86 37 73 119 82 73 90 50 124 98 75 86 120 118 103 62 39 0 57 50 94 76 102 64 127 121 118
50 76 61 55 114 92 129 37 75 111 93 76 119 47 99 68 45 134 90 131 112 127 46 113 89 117 86 134 53 139 64 98 43 43 37 92 88 108 76 140 91 88 53 83 53 56 40 46 92 137 37 49 49 56 130 36 109 91 72 87 72 0 94 113 98 48 56 119 137 75
98 95 38 94 125 37 44 38 64 108 67 104 70 84 73 89 109 50 136 119 103 59 81 68 61 87 115 57 124 62 52 39 54 58 64 134 128 89 68 98 50 79 107 91 98 63 47 139 48 101 106 127 129 95 139 51 68 100 101 70 82 54 0 113 126 45 55 60 120 125
63 90 133 127 67 79 132 98 77 134 57 130 76 130 102 42 80 84 81 109 63 114 135 80 48 41 91 109 121 61 96 71 53 105 54 42 130 44 76 40 119 47 95 77 48 53 59 129 135 39 81 83 42 101 81 75 109 121 73 120 77 63 140 0 83 87 140 112 129 92
83 115 43 62 118 80 84 86 96 80 86 47 118 89 61 71 87 135 98 100 54 76 90 76 138 81 85 125 98 64 60 83 44 47 103 65 117 102 52 67 77 73 61 116 107 65 61 65 105 108 66 107 134 101 128 138 97 73 70 54 65 109 104 50 0 98 72 136 117 89
108 66 91 71 96 110 116 113 59 80 88 134 121 53 67 98 131 43 101 61 39 109 113 53 110 95 91 72 47 57 36 116 47 94 117 134 77 92 93 49 99 132 133 81 36 76 39 52 110 58 96 94 57 108 103 125 88 78 140 48 43 114 59 122 85 0 109 67 103 115
92 134 117 123 66 49 107 36 65 50 52 49 83 115 132 135 140 84 52 135 138 55 99 69 119 47 119 37 80 119 60 57 87 111 96 65 94 36 65 49 120 118 136 84 97 118 46 127 83 109 46 73 123 131 57 118 106 101 113 127 88 39 57 92 41 117 0 68 106 132
50 87 136 53 138 108 108 36 54 42 89 81 122 91 126 82 38 55 127 140 128 90 92 76 103 52 95 93 49 131 75 74 80 71 43 116 56 89 94 56 110 130 40 68 110 67 37 85 104 49 102 44 138 71 110 122 132 137 79 61 125 134 86 77 59 104 67 0 87 86
122 111 47 41 79 62 129 75 65 53 90 92 55 59 104 115 55 61 62 100 98 102 35 128 93 86 70 46 48 112 106 54 47 62 47 44 140 45 68 47 68 134 45 82 55 129 58 75 55 38 123 82 129 71 131 118 123 132 35 123 76 102 44 114 112 105 57 106 0 135
110 53 127 96 120 44 89 73 65 95 103 63 69 112 60 93 42 75 61 93 44 82 44 123 115 57 48 36 40 65 61 50 121 87 56 119 75 114 139 79 114 129 85 86 86 46 86 66 74 81 99 120 76 83 38 81 114 61 124 42 133 46 106 115 68 37 76 67 46 0
