70
0 13 19 17 17 10 11 6 12 17 18 9 14 6 17 12 5 17 8 15 15 13 19 12 5 12 16 17 9 15 19 10 7 13 5 12 17 9 16 9 17 15 13 6 15 8 17 14 11 11 6 15 11 16 10 18 20 11 9 14 8 12 14 8 5 9 9 16 10 12
0 999  94 211  82 274  136 213  99 361  85 311  108 235  196 305  108 179  234 442  197 294  179 337  95 158  144 394  146 265  215 247  103 345  148 345  220 455  107 251  203 243  171 359  129 362  183 222  147 185  233 327  108 328  128 316  197 244  174 285  214 336  126 325  156 262  176 309  211 270  135 339  171 244  125 204  100 198  147 225  157 371  164 375  42 247  139 272  204 399  108 373  264 438  89 299  183 388  202 463  107 236  199 338  233 336  163 421  189 380  204 310  134 337  136 275  124 365  187 410  133 299  130 318  173 228  166 379  103 296  236 474  148 285  181 404  106 224  45 238
0 62 69 54 42 57 56 129 67 102 100 93 81 63 96 135 57 56 81 102 116 116 103 98 133 107 80 49 134 51 116 59 48 61 94 82 49 41 41 77 116 98 37 101 69 48 132 59 112 74 97 87 107 59 61 78 124 55 85 99 52 79 50 82 42 130 59 131 75 38
133 0 63 89 104 128 136 59 72 92 47 136 104 81 59 48 67 82 101 79 47 120 45 120 100 58 39 112 125 35 90 82 47 54 96 80 76 118 44 129 116 137 116 81 123 118 49 100 39 89 66 75 42 100 69 76 128 85 112 115 109 114 58 35 99 56 67 109 47 55
49 132 0 37 51 114 52 67 61 46 66 109 82 75 62 83 36 60 137 35 119 43 95 79 50 96 49 110 138 54 38 67 69 48 98 44 38 48 129 78 122 72 131 47 82 105 100 106 51 105 92 138 111 69 63 49 65 84 130 62 137 124 82 128 71 73 120 35 100 119
47 55 100 0 49 47 136 139 121 42 114 97 54 55 69 110 79 68 100 66 131 49 66 82 54 66 48 78 64 45 69 81 127 79 87 94 52 45 81 119 125 125 98 39 56 110 56 49 36 133 42 35 108 65 43 133 107 88 136 98 111 125 109 132 55 42 58 117 105 111
67 91 89 85 0 68 39 38 94 128 103 72 69 83 54 82 126 36 82 75 56 67 70 62 120 48 78 120 121 38 95 140 46 45 90 49 120 68 51 131 111 72 91 124 104 67 129 70 60 114 84 136 108 41 83 127 57 59 66 126 84 80 63 78 48 65 52 113 103 43
35 75 131 70 93 0 113 63 45 124 47 52 60 76 128 77 105 77 83 71 51 79 132 115 87 53 61 107 64 52 74 92 131 102 116 123 101 122 92 72 63 139 102 50 38 76 106 68 106 52 125 120 128 129 45 68 53 106 62 71 77 66 101 61 74 37 107 38 77 39
59 60 50 72 95 102 0 104 41 72 35 81 138 91 110 46 58 97 131 89 41 43 119 94 53 58 73 136 42 94 68 134 94 38 52 35 96 139 131 135 128 91 108 129 84 117 120 41 125 41 86 123 77 121 111 95 55 79 53 37 45 128 97 130 45 77 113 131 93 108
75 35 91 113 95 109 136 0 68 84 41 62 71 80 122 124 138 79 119 56 66 127 107 94 91 104 131 123 62 112 124 111 88 85 89 82 59 74 134 117 129 91 101 83 117 140 45 39 121 35 94 42 92 98 64 123 127 100 58 125 57 108 92 118 38 84 63 89 113 131
98 130 70 132 137 139 88 103 0 106 39 133 61 56 80 42 105 50 94 67 63 116 70 57 106 36 50 81 83 90 129 118 115 130 80 99 69 85 121 108 70 107 38 124 137 98 113 42 36 35 87 49 84 60 117 88 52 64 89 55 51 54 89 127 60 119 60 101 42 51
100 96 40 96 64 138 51 50 121 0 140 110 87 97 35 131 116 134 35 53 77 96 119 53 53 129 116 35 77 95 58 38 48 42 136 135 49 106 82 54 118 62 50 71 74 47 136 124 44 116 62 127 51 115 69 71 125 130 84 97 131 80 76 139 45 61 71 74 39 73
140 113 117 47 57 102 119 139 81 49 0 83 108 64 38 83 91 60 118 59 117 61 78 98 119 69 79 118 39 48 93 91 123 40 123 100 86 97 114 80 102 50 60 64 107 42 74 135 122 126 56 110 77 95 124 40 126 88 126 57 90 108 51 139 43 135 57 137 94 132
53 72 136 53 77 77 51 98 92 88 78 0 65 100 65 83 74 104 131 85 86 42 69 125 134 102 130 47 101 69 129 87 63 48 133 96 51 109 72 86 60 41 67 125 43 60 94 53 106 36 50 88 138 87 131 106 114 113 57 82 116 97 61 100 117 98 88 109 94 105
119 37 91 103 105 110 108 110 129 43 80 39 0 69 75 73 70 114 75 122 89 137 131 133 100 76 39 119 119 38 61 65 44 139 77 72 100 99 134 103 93 101 107 124 64 63 78 138 84 65 109 65 48 129 134 49 103 102 81 110 121 118 89 43 82 104 53 70 95 108
136 65 117 56 99 86 119 102 45 107 139 75 96 0 46 115 107 79 135 111 43 73 88 52 135 116 89 42 129 62 40 93 71 43 140 136 103 55 45 36 88 73 54 38 44 110 101 73 131 43 43 104 41 110 48 71 40 46 68 53 124 101 113 109 117 129 117 36 131 43
59 118 137 133 122 84 44 47 92 113 51 67 80 120 0 101 122 37 111 65 101 85 72 66 120 61 116 90 110 72 39 42 119 124 46 127 58 123 112 120 127 43 62 119 41 139 40 105 38 79 133 129 82 63 37 55 56 115 109 82 87 76 60 69 37 134 128 46 100 131
123 99 123 131 127 102 41 113 70 35 92 93 86 35 56 0 47 37 100 61 37 131 116 64 40 98 74 49 93 35 37 67 73 49 71 54 121 117 131 130 107 52 130 60 129 107 118 139 107 75 108 88 118 113 109 106 77 99 138 135 69 44 109 137 136 130 100 66 124 139
78 120 66 60 99 53 135 124 88 43 108 128 103 66 36 93 0 53 67 111 114 126 128 41 97 120 63 98 91 61 82 129 59 107 109 79 86 43 101 45 133 35 112 43 74 119 120 109 108 130 106 45 104 66 55 106 130 127 44 86 67 114 113 139 110 109 95 42 118 91
94 131 94 108 111 91 90 91 100 76 133 88 92 123 64 118 73 0 119 51 66 63 70 88 114 46 36 54 42 68 139 106 104 108 76 112 84 73 40 122 93 43 67 81 60 74 71 125 59 42 56 82 137 49 80 50 127 117 65 58 47 117 76 117 124 134 69 108 108 37
40 54 134 96 78 116 58 96 77 124 104 57 116 47 41 109 122 41 0 106 104 49 118 69 110 132 53 44 117 120 95 81 81 117 38 104 73 45 41 82 85 130 50 83 75 133 87 46 74 125 98 99 102 60 130 53 92 95 35 114 130 37 36 42 139 62 95 137 100 41
128 135 132 63 36 128 121 69 54 101 68 112 59 51 36 111 123 97 101 0 139 99 61 72 136 134 57 97 49 127 42 48 107 131 92 48 51 134 72 102 116 76 112 136 37 99 57 42 100 102 53 97 98 67 42 60 130 54 103 37 70 138 83 96 134 85 129 105 94 117
132 38 131 41 120 105 108 69 42 114 35 51 110 90 85 36 46 64 108 113 0 88 42 78 95 136 43 58 124 139 56 60 98 48 124 108 93 47 89 126 95 103 46 52 138 69 134 70 58 106 71 134 126 116 93 80 75 59 47 36 105 88 95 61 35 63 84 64 123 37
113 50 38 118 64 77 50 47 38 48 116 130 106 112 89 59 79 88 97 68 77 0 138 101 129 128 125 116 119 93 61 100 113 35 72 122 116 108 60 138 81 68 82 117 60 37 69 61 82 85 42 135 118 117 120 46 66 72 56 140 65 102 88 129 83 77 140 64 96 131
55 63 120 68 90 109 69 81 73 96 86 109 71 90 138 35 78 110 97 126 78 72 0 52 40 111 67 121 90 132 96 67 76 121 55 94 67 101 103 120 66 136 124 130 90 48 39 70 64 73 82 95 74 90 80 95 102 100 79 49 47 119 81 67 61 126 66 44 52 106
78 89 103 84 50 92 57 75 41 80 86 105 53 37 56 133 83 86 80 78 113 139 130 0 127 81 130 136 67 137 95 118 53 101 41 51 94 116 39 41 38 89 77 118 45 87 41 66 46 46 72 53 89 118 94 52 115 76 113 94 118 98 49 139 42 112 38 122 124 134
51 78 134 125 76 44 88 123 74 71 110 50 126 45 117 130 69 71 49 134 55 83 93 38 0 38 48 47 119 129 98 129 66 57 135 93 122 90 68 79 101 68 69 86 92 126 70 103 49 111 106 70 121 102 53 45 106 116 118 46 69 51 85 131 35 48 133 96 46 62
54 85 44 103 120 58 116 93 80 116 110 107 38 124 39 57 111 64 48 137 47 54 64 61 119 0 98 74 69 48 71 140 58 64 39 45 61 108 105 82 101 56 130 63 76 130 53 63 91 108 85 55 87 90 66 41 121 48 74 99 39 49 68 57 61 73 103 47 136 104
115 83 120 84 137 48 127 56 36 133 134 82 109 87 67 49 128 108 51 44 47 70 103 47 71 55 0 140 36 98 134 140 111 81 126 88 66 109 94 35 46 115 91 64 61 63 81 71 82 113 80 134 73 97 115 40 50 55 92 134 112 134 108 128 100 136 118 56 70 37
61 38 74 37 119 122 124 98 123 136 55 40 52 108 84 90 96 114 103 39 37 131 82 110 123 115 121 0 140 100 115 109 38 115 56 78 54 118 121 90 56 118 99 49 40 79 76 123 82 65 116 134 96 94 89 91 87 83 113 37 101 76 99 74 63 98 67 107 112 136
94 119 114 126 101 128 107 39 130 94 81 129 102 68 113 58 66 68 86 133 117 93 80 67 107 61 88 78 0 100 47 35 122 48 68 102 47 86 110 115 129 105 110 121 128 124 120 113 94 37 64 80 100 101 51 139 138 104 80 50 115 140 51 117 64 102 88 83 132 109
133 71 65 85 124 115 77 69 60 79 69 121 74 122 134 76 121 62 85 45 112 80 72 66 55 127 114 71 127 0 81 73 101 127 43 132 93 126 117 138 105 46 109 101 64 116 110 132 111 131 78 93 106 53 87 60 51 122 71 99 89 112 81 70 137 93 115 91 122 114
110 139 53 114 81 79 125 104 119 96 75 120 117 56 67 42 50 55 75 106 118 59 97 50 55 136 48 70 63 53 0 112 55 62 37 113 122 93 119 124 87 79 39 78 85 36 130 71 62 113 77 115 116 55 42 80 38 67 71 53 135 88 104 91 50 135 85 98 119 82
137 49 64 80 69 67 55 82 56 68 133 116 102 77 132 87 103 100 89 72 45 83 48 110 118 91 127 120 45 40 46 0 52 64 71 44 125 67 65 140 75 102 52 72 42 87 57 96 104 121 106 88 88 87 83 40 56 123 125 53 138 55 119 62 87 128 48 93 114 107
137 74 73 83 137 125 125 96 136 100 108 130 59 92 131 99 132 46 127 41 107 50 61 94 114 124 121 140 82 120 64 56 0 137 84 90 118 49 119 96 123 85 76 102 83 133 44 37 94 120 51 139 71 105 42 101 139 139 128 56 102 53 136 60 124 108 111 131 38 135
128 83 52 97 57 87 116 89 67 70 80 139 116 77 124 86 53 99 93 60 39 62 47 51 78 96 44 115 127 61 137 101 45 0 84 65 67 37 74 114 110 102 132 106 119 98 139 83 137 69 72 104 140 45 139 43 92 62 51 90 52 61 130 80 52 63 49 84 101 57
90 64 92 91 119 104 64 69 132 78 60 45 138 47 70 90 40 94 67 88 93 114 50 54 51 49 116 130 137 77 72 90 53 125 0 67 97 38 111 58 66 80 74 110 127 83 97 51 129 83 126 58 43 71 105 98 50 49 113 73 79 100 111 40 43 59 100 37 111 91
118 63 76 51 82 68 99 73 86 131 68 115 46 106 97 140 129 80 86 114 85 44 121 65 110 94 126 109 78 77 118 88 137 81 52 0 36 41 78 123 83 134 82 46 91 112 94 93 117 61 60 38 90 123 118 101 61 51 45 81 52 90 39 79 136 102 139 125 35 37
61 41 111 116 45 63 42 82 104 68 101 111 61 102 52 51 69 134 60 74 72 83 89 130 125 41 113 94 108 119 75 122 94 88 118 93 0 89 49 100 135 38 85 78 73 56 139 55 74 70 60 51 67 100 112 100 75 106 125 65 133 136 98 69 75 62 50 58 113 140
39 39 105 36 95 124 137 105 79 63 49 37 101 86 82 130 137 99 55 102 113 118 75 121 105 98 128 97 115 140 109 90 131 99 65 54 99 0 53 80 69 67 111 35 113 131 134 91 101 134 82 89 55 130 99 90 109 88 120 140 74 138 135 126 41 68 91 78 49 117
116 54 45 120 63 55 39 101 48 56 124 96 122 82 125 47 41 91 38 75 57 69 94 119 98 78 40 63 72 35 138 113 37 39 81 93 43 112 0 80 57 46 72 99 130 41 128 120 104 91 53 48 126 59 114 128 85 109 122 95 39 46 92 136 38 59 103 35 51 111
38 112 132 45 91 117 76 127 109 107 135 130 78 122 57 46 40 114 137 105 138 53 133 37 115 107 40 113 122 118 59 134 72 115 136 102 124 84 121 0 115 83 117 53 118 117 117 50 111 106 51 120 84 139 50 35 68 55 94 134 43 135 59 48 79 104 84 82 118 43
86 63 36 128 44 55 46 51 50 119 138 43 66 68 58 139 126 108 59 134 112 128 61 103 101 89 79 87 59 104 116 112 96 68 41 75 135 117 69 54 0 90 122 96 109 65 91 77 109 79 111 108 60 105 102 73 93 91 80 89 111 136 120 123 128 35 54 128 89 60
73 88 118 67 82 137 129 140 103 135 137 82 108 113 41 121 119 61 92 107 78 135 71 121 125 71 45 72 91 69 62 60 103 67 89 138 40 127 75 49 56 0 129 69 64 123 76 77 51 86 61 104 59 112 42 99 113 39 54 75 84 135 87 38 107 110 97 53 114 60
39 70 97 51 83 68 124 35 83 64 61 63 45 140 58 116 63 120 88 86 116 87 110 37 48 87 85 70 59 63 77 110 102 45 88 110 137 68 139 134 81 60 0 99 85 117 66 51 135 82 69 43 67 42 140 45 94 92 88 75 61 74 83 93 92 67 39 97 67 138
117 69 53 56 119 68 51 120 104 51 108 70 115 88 92 100 88 57 81 127 55 68 101 120 118 58 112 35 74 64 73 62 57 67 37 65 68 69 70 91 97 118 102 0 65 53 89 72 37 128 128 52 88 79 111 39 125 70 74 89 140 57 102 51 89 38 133 92 65 105
82 93 41 74 64 73 83 48 107 36 77 89 103 85 127 140 73 52 83 61 110 68 98 85 83 111 96 68 72 74 127 117 67 57 81 71 136 113 60 102 90 121 69 103 0 113 70 118 52 113 61 40 121 61 83 40 100 42 81 64 79 117 36 71 129 82 58 102 135 132
49 43 76 133 87 129 38 40 49 139 136 57 54 38 135 87 113 88 69 64 38 62 127 76 67 75 73 84 140 53 74 101 56 105 70 124 42 73 48 86 113 114 85 104 43 0 135 82 41 125 35 55 137 37 64 84 74 44 95 97 139 79 58 102 123 116 78 129 47 67
136 92 100 139 106 128 140 67 89 74 61 52 72 41 135 75 65 127 89 35 92 35 103 72 122 92 79 68 52 57 77 45 119 112 90 123 80 53 38 72 89 60 99 56 96 37 0 113 135 105 94 54 128 100 117 56 68 123 80 70 38 57 51 136 54 97 80 112 45 79
130 125 51 113 101 125 140 58 93 61 130 74 62 37 38 139 132 60 90 108 84 112 99 71 111 94 49 115 38 131 87 79 46 66 134 108 135 63 52 63 80 55 76 134 126 35 129 0 69 63 38 48 74 100 51 46 103 56 48 132 89 140 45 74 99 135 98 128 76 77
85 84 82 122 70 71 124 114 44 104 107 47 122 57 91 94 88 80 107 100 66 57 90 117 122 69 114 71 119 87 85 103 56 44 61 62 49 124 35 96 60 129 64 74 127 50 108 61 0 51 102 78 100 137 53 64 68 44 40 130 108 137 133 102 126 126 104 79 80 106
78 120 77 54 61 117 35 48 116 130 104 122 59 96 120 68 36 111 111 86 45 131 41 135 116 61 116 70 56 98 121 84 85 113 74 38 37 41 51 104 107 110 62 49 41 106 123 103 123 0 138 89 129 86 83 120 137 48 82 76 110 57 46 72 109 131 121 77 133 44
73 47 92 43 48 139 95 120 108 83 112 103 139 91 105 129 137 75 81 41 80 93 129 125 105 104 102 111 64 48 60 122 57 128 59 59 84 92 67 63 76 70 96 46 136 137 109 85 43 87 0 63 76 67 89 80 54 94 125 88 102 87 58 91 63 102 81 104 93 108
126 72 88 118 56 79 60 116 125 74 93 76 111 139 67 68 140 136 49 92 83 71 134 124 134 121 79 61 72 50 63 71 136 73 46 59 134 62 94 62 78 86 83 132 36 121 35 95 139 89 91 0 99 109 36 56 51 106 116 47 89 37 113 125 118 83 105 132 99 38
40 116 114 71 129 54 90 46 67 36 46 47 44 116 39 104 125 118 82 85 71 138 125 134 46 133 138 57 119 132 58 54 134 82 106 39 84 81 41 72 62 119 75 119 46 126 41 37 120 73 102 118 0 54 134 73 108 87 125 84 110 51 119 117 92 49 65 45 72 58
57 36 139 78 35 51 62 83 96 57 111 129 121 62 102 51 87 138 38 43 38 50 65 120 63 121 61 134 137 138 117 129 62 64 49 124 104 60 35 99 90 91 139 139 121 42 50 107 117 85 41 85 38 0 109 129 89 124 132 110 74 121 126 76 102 64 43 66 40 57
39 74 90 99 76 62 107 64 97 90 124 57 39 60 94 140 90 94 93 46 92 82 109 124 135 127 118 57 46 84 73 117 66 123 91 70 68 140 100 56 73 139 138 77 78 40 67 113 38 131 59 106 58 97 0 84 111 84 127 57 87 134 104 35 123 79 133 82 74 98
80 80 130 45 122 124 64 133 80 82 68 44 40 132 47 46 139 84 43 51 137 74 56 106 80 60 76 113 89 88 82 70 37 65 45 60 100 110 46 115 112 55 37 116 114 93 129 84 87 121 106 100 84 45 103 0 136 133 55 102 83 124 103 36 130 59 73 108 131 64
140 36 103 52 84 127 70 88 41 64 68 132 85 58 90 52 97 54 121 138 120 75 133 103 81 99 44 36 90 97 138 38 135 108 85 43 63 45 137 130 50 115 71 108 49 91 57 44 95 77 37 87 66 76 138 119 0 113 37 81 58 61 106 92 86 86 104 75 58 133
127 68 65 98 87 81 66 82 91 90 72 108 111 80 132 54 76 104 102 124 48 41 108 51 51 41 63 45 53 129 39 48 115 73 50 105 99 106 120 60 116 83 55 131 85 104 57 93 116 81 125 113 62 127 35 61 92 0 91 59 134 106 132 44 92 92 47 53 109 41
102 119 89 136 108 123 87 138 116 110 132 84 43 85 127 108 80 74 80 126 98 102 121 132 92 44 76 134 64 75 40 114 73 41 132 50 44 49 76 73 70 52 54 47 118 101 80 110 137 130 115 116 120 130 64 118 68 135 0 105 131 136 62 128 40 99 74 136 68 115
52 78 86 51 100 62 43 68 50 49 91 80 65 93 74 48 118 103 127 126 55 57 84 46 98 74 86 120 130 70 111 115 74 64 109 58 81 129 67 130 98 115 70 136 48 85 36 55 44 68 39 136 109 45 92 119 58 69 98 0 90 101 118 57 68 42 55 115 123 123
129 54 47 48 55 115 123 37 40 130 38 100 133 64 58 74 133 133 85 118 62 67 37 37 88 94 95 76 52 69 137 121 121 43 117 127 108 81 113 134 46 100 80 53 136 50 43 99 43 112 76 106 122 40 80 46 123 57 36 110 0 61 106 106 85 61 89 60 90 91
79 94 133 109 139 36 130 49 69 41 126 51 137 84 130 128 114 100 99 62 92 105 103 115 107 43 51 69 136 60 105 107 127 122 134 120 57 137 103 137 130 55 81 130 36 139 109 63 59 138 73 85 118 60 63 125 135 136 55 138 126 0 116 93 88 63 79 127 85 120
123 55 93 115 112 38 68 110 131 139 62 81 94 51 139 127 46 89 57 126 130 62 62 59 87 133 116 111 99 128 65 50 121 41 89 128 42 118 79 103 74 53 117 100 89 55 43 51 41 42 116 56 103 128 67 35 133 62 35 133 96 139 0 125 81 118 43 45 93 66
36 107 119 74 119 135 108 55 72 77 59 52 122 61 56 107 50 100 85 83 71 52 58 123 127 116 78 133 131 135 112 78 118 121 50 87 68 60 67 125 98 108 60 88 36 116 133 72 140 88 85 86 82 37 66 121 64 118 134 108 91 55 57 0 58 72 70 36 45 116
138 128 100 38 108 59 63 103 49 90 96 39 39 131 133 136 126 132 93 36 65 64 121 103 52 101 49 132 128 108 81 112 75 40 68 115 94 68 52 77 53 65 122 127 54 95 133 126 114 86 121 117 73 126 128 80 103 102 124 87 46 108 47 49 0 49 47 106 66 53
121 94 91 128 97 45 77 50 105 125 106 52 101 109 106 54 67 69 134 63 132 83 88 62 79 128 80 48 117 90 111 62 50 111 137 37 135 79 72 128 48 78 52 83 62 97 113 118 133 50 138 122 140 56 104 92 123 112 51 91 127 50 127 103 104 0 127 136 95 114
120 99 91 36 42 35 53 104 122 44 101 95 51 127 40 80 126 73 52 45 133 92 97 59 63 89 134 111 55 35 55 119 51 65 96 75 125 47 131 58 107 55 48 84 95 130 57 98 71 58 92 92 112 140 90 102 123 39 83 132 75 85 85 135 122 41 0 79 106 65
110 56 107 48 58 134 135 65 89 69 102 65 58 104 123 45 36 46 98 86 109 117 136 119 104 101 122 60 90 137 48 37 85 106 138 132 60 106 83 56 50 61 81 55 81 103 64 127 112 93 93 129 115 78 140 127 85 110 47 106 117 80 50 70 104 102 134 0 37 64
59 35 73 103 68 120 130 47 127 91 47 39 45 131 114 126 52 97 69 116 121 97 49 64 131 137 71 137 119 137 85 126 107 51 96 60 80 38 56 96 128 107 128 93 38 130 58 85 88 97 98 140 68 98 103 99 44 138 80 68 77 117 44 100 103 121 49 127 0 73
90 43 118 97 35 52 52 105 85 88 139 113 76 135 67 123 58 118 87 139 96 110 95 39 116 133 43 74 96 47 115 65 127 72 89 105 52 55 105 128 55 86 109 96 60 116 90 112 71 72 86 67 38 128 104 119 85 105 40 41 108 119 42 57 99 63 45 122 88 0
