70
0 17 10 17 16 17 17 17 6 20 11 17 20 20 17 7 14 12 11 7 14 16 7 5 13 6 19 11 7 19 12 5 9 5 5 19 8 9 13 8 13 6 15 7 15 16 16 7 15 11 20 14 10 7 18 8 14 6 19 7 12 16 5 19 15 6 19 9 10 9
0 999  144 309  236 390  86 213  169 218  123 295  222 448  104 303  130 370  217 313  84 272  118 319  192 347  78 258  60 171  212 395  232 375  151 411  106 359  131 242  261 438  164 301  188 251  115 217  210 277  151 305  117 165  222 359  143 317  167 236  169 229  201 396  169 242  138 176  192 329  137 353  131 302  168 269  142 377  110 322  200 404  172 320  124 379  189 454  168 201  103 368  210 465  179 298  124 347  181 433  223 487  119 218  191 398  217 374  113 363  186 272  151 353  209 320  146 189  158 201  167 341  128 256  219 470  108 172  91 248  67 295  140 292  132 252  115 320  120 248
0 75 140 61 71 82 121 88 108 101 57 67 78 60 36 120 97 126 58 74 126 53 76 45 87 74 96 95 70 127 67 116 130 114 99 102 98 47 96 90 103 114 70 67 71 85 129 122 76 97 96 99 116 86 97 132 92 82 42 111 71 76 94 45 86 36 130 117 53 108
96 0 95 130 122 82 95 102 103 114 118 46 82 111 57 116 113 116 91 55 137 134 137 48 98 41 86 139 85 106 105 106 112 50 69 96 64 88 37 58 130 96 94 39 116 119 82 50 134 38 84 105 64 47 124 37 93 104 67 37 101 67 95 53 130 87 114 87 60 57
95 71 0 42 66 102 135 79 79 46 126 39 58 124 135 63 71 37 131 54 134 60 65 105 101 78 111 109 130 125 112 126 99 47 80 74 52 121 83 117 106 138 99 69 52 127 51 112 64 47 65 136 64 54 44 117 83 61 99 67 105 78 48 42 59 51 114 118 133 92
127 43 121 0 118 127 140 91 46 83 109 128 122 92 91 138 114 55 36 121 60 135 129 134 104 57 44 128 63 49 57 108 96 97 82 95 100 107 81 121 104 117 108 74 35 115 103 84 82 135 87 40 61 71 99 97 88 58 68 63 98 91 51 63 41 56 51 47 55 106
119 115 114 45 0 99 39 132 130 54 82 52 50 75 136 67 50 120 60 107 62 116 53 107 72 139 55 50 49 121 92 131 117 103 118 106 35 93 136 68 108 70 50 66 67 124 97 87 79 112 76 60 102 57 46 67 133 67 83 74 119 97 101 91 54 83 132 96 136 50
57 132 48 97 123 0 56 102 120 129 106 131 45 66 116 59 68 41 66 46 78 64 38 135 81 57 113 62 50 130 43 62 126 136 111 70 131 87 93 111 120 35 42 115 52 129 87 35 56 64 111 49 39 46 98 47 50 92 46 93 128 88 106 84 84 81 44 117 102 44
59 86 116 84 110 95 0 127 38 139 117 50 87 37 39 47 119 130 116 96 45 113 74 61 134 87 82 87 35 86 102 109 120 78 77 138 110 140 136 62 61 77 118 112 134 60 82 132 68 48 47 113 93 95 75 53 61 65 92 113 69 97 92 97 82 81 68 103 100 54
52 119 120 101 122 92 103 0 60 85 43 98 83 66 42 131 115 80 48 76 100 95 38 58 54 94 111 100 132 69 36 116 107 126 121 120 97 67 53 127 106 110 139 69 78 105 113 70 119 47 82 36 120 137 40 48 136 60 126 112 67 94 43 108 72 114 49 68 57 62
129 49 60 94 107 104 59 96 0 36 91 82 71 103 64 104 109 37 74 54 86 47 58 67 116 56 75 81 81 114 109 73 89 59 118 70 112 44 91 129 106 58 69 119 114 62 88 62 70 43 98 92 50 123 132 133 70 133 68 49 117 48 58 109 101 93 86 79 122 40
89 95 122 104 52 90 38 112 86 0 129 41 125 73 51 46 123 82 52 97 140 123 134 127 56 116 116 104 119 89 43 66 134 65 80 99 59 113 48 36 77 52 65 111 140 67 83 75 91 104 126 127 112 55 117 77 139 95 98 134 106 70 63 105 57 79 138 127 36 133
129 132 129 54 126 35 102 115 123 43 0 93 128 71 74 133 93 52 40 47 101 101 51 49 117 76 86 39 119 71 118 92 49 126 85 107 126 122 38 74 89 56 71 65 137 116 72 118 103 68 136 92 108 85 66 119 67 113 138 120 125 139 42 97 74 86 102 61 85 107
81 87 98 103 100 137 40 36 47 63 45 0 35 137 120 110 140 64 114 131 106 123 99 79 71 97 94 126 66 94 114 116 110 67 126 60 60 70 49 93 103 72 128 100 58 69 45 110 139 92 139 94 97 129 75 37 49 85 53 51 113 96 51 78 68 54 63 48 37 92
87 44 100 85 79 51 103 50 99 65 109 111 0 116 41 78 49 56 90 134 35 131 42 83 68 67 138 83 40 45 48 121 137 117 70 59 55 89 37 102 48 121 136 48 53 49 116 111 73 52 76 101 128 138 58 57 73 131 42 45 65 127 72 93 122 132 138 46 55 77
63 42 137 97 94 41 131 66 89 114 53 117 132 0 132 104 63 53 126 42 124 74 107 98 115 85 63 116 55 109 44 120 51 126 84 63 92 55 103 84 124 94 48 43 69 98 86 52 103 37 127 73 110 42 58 83 77 119 73 98 112 61 132 135 41 123 93 76 66 49
56 99 56 118 52 97 74 108 61 55 125 86 97 124 0 62 133 43 119 71 140 127 77 123 126 73 129 52 79 53 139 119 41 105 136 93 134 89 90 116 72 43 114 46 45 125 75 65 69 89 118 88 112 88 114 87 138 104 139 81 42 109 66 121 88 130 106 66 130 113
44 120 89 110 81 84 93 102 88 64 127 72 72 92 60 0 123 92 61 83 121 133 44 132 139 104 112 109 125 69 59 129 41 121 109 36 57 119 107 81 103 70 90 38 94 105 124 81 124 72 99 51 85 66 128 119 35 125 75 101 71 115 86 134 133 140 100 55 46 70
125 43 38 55 105 47 99 135 104 42 61 57 116 137 76 46 0 69 118 130 134 105 93 83 136 51 67 39 67 80 102 93 63 42 51 103 85 57 47 114 62 124 92 43 125 121 96 111 110 39 124 77 44 76 72 128 62 116 132 51 120 59 61 52 123 106 90 131 45 133
118 102 138 36 85 68 111 79 71 133 77 86 78 70 117 57 124 0 35 93 47 96 66 116 63 43 80 61 75 41 76 80 134 90 127 134 87 67 107 61 48 132 74 85 35 61 124 55 93 47 74 106 115 80 64 66 46 45 92 116 68 100 80 48 138 51 112 133 60 96
121 66 116 119 111 84 113 88 72 81 59 118 113 83 115 125 102 113 0 38 119 40 128 81 70 120 91 83 106 124 97 57 107 112 60 99 107 118 47 88 90 136 127 114 67 49 101 104 53 41 98 122 115 110 136 55 58 55 71 42 45 117 85 59 131 69 44 73 39 63
100 109 64 55 81 86 52 137 53 107 112 92 99 97 55 101 127 112 112 0 54 91 128 119 65 71 56 66 93 69 116 93 104 75 68 135 41 137 37 130 114 38 44 62 58 128 140 74 92 51 87 70 105 50 109 121 89 87 42 55 40 48 57 127 85 137 100 89 117 65
92 139 43 81 122 87 87 98 48 105 42 60 56 43 59 50 136 120 85 77 0 87 59 35 38 116 70 118 37 72 119 77 48 108 138 64 40 116 96 60 92 49 111 44 90 51 132 49 125 94 64 133 55 113 50 89 94 87 88 86 122 50 84 87 108 104 65 101 50 46
123 86 127 37 103 36 74 116 79 44 116 58 111 110 88 108 41 110 85 70 38 0 79 131 119 87 36 116 45 36 91 76 106 108 118 122 47 47 128 93 94 48 57 39 127 97 79 55 93 58 122 103 107 62 132 57 130 45 80 40 47 60 58 66 75 101 53 58 65 107
60 113 137 54 36 111 133 114 61 79 48 98 41 40 67 75 121 103 70 61 89 79 0 54 62 67 40 75 41 43 36 134 66 55 44 62 73 125 137 105 97 139 36 90 103 99 98 88 99 81 35 102 113 113 82 44 67 56 107 81 115 94 139 85 109 133 38 123 94 56
132 105 97 136 35 106 43 93 127 100 43 115 129 133 105 41 136 48 113 134 110 67 131 0 88 115 134 119 103 105 61 125 106 37 118 95 54 129 117 85 42 46 85 72 66 39 98 55 105 124 74 105 101 126 76 131 133 73 84 68 115 90 107 113 95 134 72 51 112 140
99 62 49 122 134 75 72 103 75 133 40 73 67 133 96 70 48 74 109 129 123 38 59 138 0 93 91 88 49 88 127 55 86 77 44 57 82 48 101 44 88 120 57 55 83 69 49 44 62 84 61 57 84 113 45 43 138 90 117 91 137 92 42 133 121 44 35 139 124 35
132 116 88 92 133 121 57 138 113 101 66 127 49 76 106 69 90 66 127 123 125 115 84 108 117 0 134 55 72 87 81 120 105 78 41 80 65 38 134 90 82 109 129 112 39 117 133 45 119 94 40 78 55 94 92 44 48 122 126 116 133 124 104 82 103 139 93 103 48 51
81 113 120 138 125 53 44 67 125 87 125 83 124 77 96 59 37 110 57 122 128 129 127 59 50 67 0 133 119 118 46 133 37 84 137 45 123 122 98 65 101 69 49 128 97 128 127 100 37 66 74 131 89 48 61 36 52 72 61 138 105 79 97 98 94 45 51 100 104 119
97 108 61 103 66 79 93 54 35 134 44 85 57 63 38 58 112 101 74 88 67 43 80 115 54 43 48 0 44 122 138 62 58 55 97 104 57 109 50 75 139 112 119 83 45 74 135 135 120 96 138 79 86 110 49 95 40 125 106 127 119 95 45 51 125 52 62 69 88 84
139 42 41 97 62 37 99 53 67 73 52 136 78 117 49 46 121 101 131 46 102 85 111 36 36 127 126 105 0 138 92 124 106 91 38 68 122 135 48 74 110 35 43 115 55 76 93 70 122 77 99 43 137 121 108 122 107 109 68 133 61 97 70 66 77 127 84 57 88 35
105 40 106 36 98 85 54 65 40 109 37 106 113 48 57 55 95 110 72 110 70 45 125 50 126 124 51 57 115 0 139 133 88 81 123 138 69 65 52 130 81 125 57 73 124 136 58 83 103 88 39 123 106 41 46 65 135 42 139 119 94 115 103 67 89 63 91 55 133 124
36 61 57 59 126 112 101 55 46 139 102 50 83 121 46 45 98 78 57 110 65 123 117 119 49 62 135 113 67 101 0 92 129 130 80 128 47 103 65 106 59 113 125 108 38 130 88 58 70 90 93 92 46 133 41 62 41 47 95 88 118 37 91 42 109 122 95 82 38 76
92 42 80 58 113 125 126 116 133 73 120 87 81 136 105 60 49 42 107 138 92 67 66 46 135 137 38 48 76 102 55 0 129 127 61 60 135 44 69 38 113 87 109 103 104 42 102 125 37 51 36 82 35 119 130 126 79 60 135 60 118 107 94 42 74 122 38 82 95 76
120 87 103 129 64 54 70 107 93 93 83 54 135 53 137 41 38 128 88 42 82 79 59 117 79 107 91 92 115 123 131 101 0 96 60 50 104 38 77 87 40 124 110 56 103 137 76 81 79 47 115 59 66 92 62 41 89 68 56 89 106 38 55 125 115 60 139 56 63 100
88 86 60 107 44 125 111 68 133 135 140 46 109 59 96 102 124 52 113 119 127 94 62 84 101 106 48 65 107 126 128 112 106 0 39 139 41 65 130 98 133 66 112 124 121 126 117 53 129 50 116 88 42 113 91 41 132 86 112 131 77 98 89 67 120 62 103 79 127 57
84 121 86 131 64 62 43 44 118 82 136 36 103 140 106 137 105 57 37 136 50 47 106 88 138 88 119 76 89 54 56 67 113 121 0 89 88 82 77 109 98 45 74 137 134 53 64 108 139 83 127 118 92 138 53 140 35 80 65 45 36 70 127 133 75 37 129 67 72 94
96 36 74 42 72 138 130 122 84 119 68 75 123 86 65 112 47 55 113 99 108 68 36 88 82 59 106 85 96 94 40 132 35 81 110 0 72 101 40 62 92 74 135 139 64 49 98 60 119 80 116 104 87 125 78 44 131 69 79 69 55 59 85 67 86 113 38 51 110 96
87 121 100 95 46 39 106 55 68 108 95 130 78 106 93 131 54 86 83 61 36 119 47 131 70 78 112 122 37 102 121 129 97 127 52 103 0 78 126 106 70 59 72 71 124 94 133 48 90 39 98 100 90 68 108 122 133 123 123 80 129 139 81 115 109 116 115 111 40 61
111 112 81 77 82 113 137 35 49 39 78 93 62 95 69 48 100 122 60 87 118 93 140 66 35 84 129 114 82 71 84 76 97 99 75 116 126 0 103 65 128 82 119 52 130 36 87 79 40 67 89 42 40 70 65 54 139 52 134 84 89 49 77 100 105 104 136 119 90 119
113 100 54 87 40 90 77 110 127 78 136 76 70 92 95 103 65 44 105 59 65 98 46 136 35 129 127 116 58 57 90 77 79 80 83 86 127 37 0 52 59 81 76 112 82 72 83 103 37 109 38 61 115 42 110 54 124 73 41 51 114 94 91 57 132 77 127 66 83 50
39 80 46 48 112 86 134 140 69 116 44 58 134 104 88 128 37 139 119 140 106 85 86 74 74 36 76 39 140 63 69 89 92 107 134 95 122 57 134 0 126 52 97 86 52 130 91 86 119 50 47 58 43 54 105 63 116 36 54 114 117 86 127 63 112 63 140 92 78 74
128 129 39 55 88 96 76 114 66 130 51 76 122 46 124 43 108 53 100 61 72 88 61 126 89 68 129 79 78 38 107 79 73 92 136 60 87 82 80 57 0 128 75 89 46 72 50 71 53 125 133 138 91 119 112 74 129 48 91 49 134 99 119 110 81 98 43 116 79 37
78 56 107 59 37 62 57 74 109 84 111 78 112 56 120 102 102 91 106 77 134 64 89 122 121 93 113 109 135 114 67 132 46 41 80 79 135 119 85 77 59 0 95 70 76 51 36 40 91 78 106 81 50 127 94 44 63 110 89 38 127 44 131 131 97 93 78 132 39 103
52 116 89 42 102 123 114 127 72 111 96 46 81 74 47 90 103 43 83 50 74 81 40 73 50 54 139 58 78 126 115 37 61 127 64 118 92 85 133 94 45 139 0 113 111 46 58 106 59 129 136 98 90 87 48 51 97 136 78 120 106 123 75 127 71 46 128 134 46 127
64 40 45 51 115 83 134 136 65 64 129 77 127 98 109 111 123 134 35 60 70 105 60 121 88 83 77 40 104 47 128 86 70 117 51 122 60 71 139 120 101 41 137 0 38 60 132 75 87 109 59 86 139 124 40 41 88 135 76 59 96 53 71 97 44 125 55 66 72 138
57 129 137 60 110 109 103 88 77 94 50 88 88 111 118 44 69 89 123 103 106 80 48 106 133 119 94 90 95 36 137 39 115 108 50 109 118 63 63 53 116 114 140 58 0 109 67 53 126 89 137 111 80 90 50 111 73 68 36 70 103 91 75 95 43 101 131 101 138 95
72 111 48 120 105 39 134 43 80 125 105 63 69 134 64 114 85 45 60 85 79 101 47 62 69 74 127 91 108 75 59 45 61 125 73 126 108 126 137 132 72 86 112 101 45 0 137 127 76 40 48 51 73 80 129 127 117 84 64 50 70 112 87 80 95 62 40 125 79 73
110 80 137 67 140 137 78 99 140 112 63 113 114 120 98 36 84 114 69 130 129 75 37 94 137 44 112 80 72 123 54 93 107 40 62 132 97 135 40 70 140 89 88 71 44 115 0 110 71 99 124 126 77 54 53 71 139 53 86 81 50 76 35 59 38 47 71 97 112 128
84 86 116 103 107 128 85 80 116 120 64 77 37 136 82 136 63 43 59 94 48 43 92 75 121 94 38 63 120 38 127 91 62 88 121 52 48 67 60 120 111 108 124 60 36 67 89 0 59 131 107 101 118 77 67 119 61 50 42 55 55 70 92 54 101 78 119 42 124 130
38 71 104 85 62 125 50 45 55 72 77 120 93 46 118 56 48 44 73 96 57 134 40 102 52 83 106 57 54 111 44 41 140 80 67 53 112 136 88 67 40 136 117 83 87 101 66 44 0 52 68 99 107 110 68 133 67 121 99 63 105 95 135 130 41 95 82 125 72 117
61 108 119 127 36 123 91 89 136 95 101 121 117 46 121 94 99 107 89 121 121 58 89 82 70 131 110 75 122 122 44 124 116 96 116 61 109 86 83 128 43 118 122 62 45 93 119 110 49 0 100 122 65 75 89 123 104 55 128 115 112 46 42 139 40 57 129 137 116 78
59 61 125 101 96 123 67 95 132 62 57 44 38 109 83 47 139 125 59 76 90 99 87 114 50 59 65 128 131 68 90 132 77 87 75 115 78 48 51 57 79 116 45 106 69 51 80 109 45 94 0 80 48 63 47 72 106 39 79 99 129 36 82 41 70 44 133 89 64 119
89 42 74 75 102 134 95 38 139 55 72 83 95 79 73 106 71 62 83 102 117 76 128 103 124 100 118 109 40 133 106 92 73 41 140 53 92 132 82 47 133 61 123 49 120 92 62 110 138 128 40 0 46 111 72 85 117 54 105 113 67 83 42 53 101 109 116 139 50 98
54 81 114 104 90 140 140 39 97 65 115 97 103 37 104 42 72 126 44 116 63 35 119 57 103 77 95 95 134 128 137 91 70 96 90 136 41 66 136 74 118 84 49 87 107 36 140 51 52 85 125 107 0 138 90 46 92 104 45 92 70 104 109 38 61 86 139 104 99 117
97 136 117 125 104 38 108 111 38 90 37 134 58 124 77 140 80 54 55 110 122 101 74 41 81 120 138 66 71 85 134 103 100 97 40 137 129 133 138 114 125 40 56 43 89 65 63 135 125 55 139 39 131 0 87 67 127 121 81 117 92 65 77 36 118 78 44 107 116 48
128 35 102 41 98 95 40 87 88 112 129 84 62 129 100 76 71 97 81 117 80 91 70 82 131 95 125 135 73 115 137 85 108 126 57 98 90 49 120 138 115 62 100 52 82 66 108 120 113 58 118 97 127 81 0 62 48 138 71 91 100 74 101 43 130 109 49 45 69 105
91 35 49 133 86 107 93 55 128 78 121 129 140 121 127 59 51 66 69 107 91 102 96 36 63 86 35 133 78 81 65 36 106 136 131 134 80 80 86 46 72 139 133 107 134 52 118 134 104 108 132 133 101 81 39 0 93 40 103 83 80 51 131 37 100 122 119 72 98 107
59 45 40 69 100 70 129 130 101 35 77 110 106 57 70 65 91 125 124 103 134 50 97 127 76 123 46 88 116 111 105 130 68 75 46 44 93 74 65 66 39 53 140 86 122 106 84 60 56 81 129 123 38 104 131 79 0 77 62 87 68 125 94 71 88 35 134 136 136 97
126 35 131 132 132 97 63 76 124 87 94 61 94 59 90 140 79 126 107 139 115 97 38 106 117 56 46 37 39 77 133 54 76 96 129 105 51 40 88 62 88 49 73 136 43 116 86 40 70 36 77 95 67 124 113 43 132 0 102 126 60 125 110 121 77 124 115 82 82 81
65 128 116 120 99 35 92 68 74 69 47 42 35 106 127 124 133 139 126 112 50 39 108 65 127 50 97 64 116 129 82 126 130 100 52 53 95 59 55 118 68 41 134 43 48 58 120 140 53 136 103 51 88 51 126 102 42 115 0 109 136 136 60 78 119 58 102 65 47 91
39 51 64 67 126 80 59 108 126 120 98 54 35 89 40 56 73 63 134 99 116 54 55 112 41 124 59 123 42 123 139 91 129 125 77 110 43 50 90 58 78 64 49 112 51 44 118 45 84 64 107 132 80 45 45 38 108 45 86 0 119 98 61 120 106 63 114 54 53 57
62 74 58 59 76 123 126 44 108 74 115 109 55 77 139 95 94 50 63 139 134 96 35 58 44 74 41 61 63 124 124 88 48 121 92 82 115 98 45 114 107 92 140 84 49 108 48 66 118 121 46 127 109 132 41 46 137 74 82 79 0 101 68 86 121 140 111 88 45 119
66 94 87 35 112 50 43 81 53 51 78 52 94 116 100 125 76 49 87 88 57 110 123 106 63 138 56 95 125 123 83 53 50 42 63 54 133 69 47 114 54 138 81 75 45 67 103 52 85 102 97 115 63 136 70 62 117 115 61 113 84 0 128 72 135 65 98 117 79 83
114 124 122 68 74 122 90 123 45 140 76 63 41 131 35 43 42 111 139 54 123 110 116 64 87 42 100 107 118 140 49 90 100 53 49 76 122 99 125 128 135 77 57 100 95 67 94 51 97 47 122 71 114 132 35 35 62 35 133 123 99 80 0 138 120 91 96 86 39 50
111 119 131 48 50 57 122 95 131 44 66 56 52 130 99 52 45 120 132 36 130 98 139 119 76 99 86 102 63 59 47 75 106 37 76 79 122 112 116 104 80 104 35 76 76 50 116 35 52 127 134 84 123 88 96 50 100 56 107 111 63 45 121 0 110 139 66 107 100 123
82 82 90 96 113 90 35 56 62 82 128 66 47 135 135 100 81 71 36 82 103 35 45 121 105 61 96 134 89 89 59 113 119 69 59 132 117 128 118 124 74 125 135 111 135 126 60 122 89 53 48 130 140 88 85 42 52 60 78 129 78 87 125 132 0 65 79 53 122 43
77 48 62 80 45 72 114 86 61 110 49 48 126 123 86 108 64 135 134 96 58 127 74 87 91 61 55 101 71 64 60 115 49 71 117 52 89 101 120 38 113 132 127 118 70 133 90 115 78 123 47 72 124 101 78 139 72 127 86 58 131 83 39 73 61 0 100 77 109 43
38 109 52 37 124 109 109 88 69 137 56 70 105 35 36 65 130 83 53 44 62 104 81 70 133 44 52 130 77 74 100 40 104 83 49 120 97 54 86 135 107 36 120 128 113 121 58 140 82 133 66 64 126 36 47 118 97 49 139 62 47 45 97 82 52 117 0 70 63 112
115 74 130 61 100 62 133 124 124 59 70 119 134 107 57 46 40 122 121 108 49 117 101 52 64 68 137 108 44 97 91 77 65 117 97 91 82 36 53 63 138 80 92 106 111 120 94 77 118 123 131 104 120 49 86 83 44 52 48 91 99 123 92 87 127 53 59 0 50 140
35 139 99 44 139 114 42 83 74 133 138 75 62 102 77 53 129 78 58 124 93 68 70 133 43 65 61 120 76 88 116 75 110 97 139 47 129 81 46 67 131 51 135 91 88 140 120 53 50 129 63 52 139 54 36 45 94 92 122 117 115 85 82 86 91 110 119 60 0 77
54 97 127 56 91 86 88 115 89 131 88 58 116 49 95 140 98 61 126 117 70 57 48 131 98 96 110 36 100 105 137 139 126 94 104 128 66 67 96 98 92 85 137 50 140 37 125 85 122 70 70 125 95 65 100 108 112 109 111 93 94 130 50 115 39 122 92 60 100 0
