70
0 18 12 19 19 16 14 18 15 7 14 17 16 6 19 8 14 16 11 8 14 10 5 9 8 11 20 5 13 19 16 11 14 5 17 11 19 18 9 18 6 5 17 6 17 20 18 5 12 12 7 11 14 6 10 17 11 20 9 5 18 20 7 19 6 13 10 8 20 14
0 999  128 235  164 323  151 281  66 189  205 352  142 273  168 299  184 287  140 276  163 345  66 212  165 271  159 231  128 242  80 172  140 243  233 486  127 224  230 400  84 323  232 425  145 301  109 253  188 407  189 385  216 440  64 249  124 325  224 331  96 248  63 94  124 370  230 336  264 527  219 452  120 362  204 314  143 375  118 207  252 377  199 285  133 174  224 340  98 293  168 298  232 375  150 201  136 391  163 215  197 313  208 253  204 451  250 373  127 225  160 210  207 456  159 414  221 314  247 280  179 405  261 339  115 357  156 219  104 250  155 217  119 320  158 307  83 123  240 354
0 108 87 70 35 136 119 53 99 45 99 52 54 60 92 59 57 108 82 94 54 113 124 95 117 50 126 54 93 119 72 43 51 112 131 86 70 75 107 102 123 66 66 95 71 59 127 63 40 139 96 135 140 135 91 113 72 109 106 110 129 140 57 140 73 69 69 127 77 128
69 0 128 55 60 106 113 113 101 62 128 49 98 102 72 55 88 106 130 74 138 119 138 118 73 44 70 135 103 42 79 135 35 118 77 87 130 47 92 70 72 119 140 96 116 83 110 133 48 99 41 66 73 40 121 55 67 119 44 136 53 97 133 39 71 109 132 131 35 124
85 35 0 120 139 123 134 113 50 93 68 126 139 130 71 117 121 70 85 45 89 135 137 128 105 134 96 81 89 88 102 76 90 87 46 124 117 35 123 80 73 96 109 41 54 138 119 121 43 94 56 65 59 58 84 64 57 115 78 111 41 78 104 140 109 66 57 130 84 137
104 81 108 0 125 65 53 112 87 103 140 111 137 68 96 77 125 73 97 98 103 67 84 107 94 71 95 121 107 58 123 107 36 60 78 96 125 126 80 137 102 76 59 71 50 78 111 123 100 56 99 37 117 85 44 119 129 50 106 88 97 129 62 57 72 37 60 84 74 106
50 104 113 93 0 64 57 80 79 132 115 126 140 46 85 122 46 49 138 53 108 40 96 86 87 82 88 137 38 65 59 121 123 116 55 68 88 53 49 134 69 102 49 140 66 122 118 101 125 113 56 59 45 112 45 62 39 58 94 74 117 67 134 130 122 77 56 53 107 69
64 106 94 71 56 0 69 90 104 100 137 102 77 54 140 137 70 78 128 99 105 52 47 90 81 135 67 41 123 127 140 99 91 38 104 53 61 126 93 40 77 132 80 56 46 44 125 70 78 63 85 43 62 99 54 123 90 116 96 115 132 56 46 52 121 39 98 101 64 69
63 40 81 79 42 47 0 40 71 59 126 136 108 128 58 61 112 57 96 128 37 37 90 120 57 42 74 113 35 44 68 101 135 70 42 59 81 39 125 101 116 73 46 117 85 123 139 84 37 130 58 81 134 75 78 37 57 104 59 36 116 128 90 130 63 45 57 112 134 35
139 73 139 122 90 92 68 0 52 51 63 130 78 123 108 46 139 130 110 136 67 123 138 134 108 71 46 139 127 116 109 81 96 114 68 86 125 135 133 64 69 103 100 82 116 67 124 59 122 105 72 54 95 94 94 91 124 73 51 109 117 115 109 131 61 56 44 49 111 36
80 48 112 114 56 139 116 106 0 130 84 117 41 36 120 61 42 53 62 93 131 44 117 113 105 96 82 49 106 113 99 79 35 85 45 97 92 82 61 107 99 92 136 77 110 75 39 59 137 66 107 89 44 54 132 47 139 134 37 63 129 37 81 59 56 72 49 103 113 81
104 84 83 70 62 38 116 48 39 0 72 80 53 42 51 138 130 140 47 114 126 51 66 64 49 64 121 101 133 120 60 131 73 46 62 59 130 80 58 80 113 48 111 44 107 44 67 107 43 46 107 119 138 139 50 64 120 49 61 132 125 82 61 99 52 70 60 102 94 133
39 85 54 74 81 86 68 105 128 89 0 50 63 73 44 76 80 53 129 124 42 138 119 137 135 44 121 72 129 115 126 114 39 56 46 118 77 106 88 87 106 54 134 64 98 98 55 124 59 39 81 129 102 81 135 115 37 84 132 86 107 71 115 92 98 61 119 115 41 117
83 91 137 114 137 88 69 78 119 110 112 0 70 74 105 125 61 45 135 67 85 93 125 118 69 54 100 61 81 73 66 45 130 88 125 80 102 138 47 38 122 94 50 125 40 109 83 90 114 62 35 57 105 99 100 118 95 114 90 79 117 117 93 114 119 67 107 68 129 111
105 73 35 91 40 80 57 96 96 71 60 63 0 39 126 129 99 109 80 124 105 81 114 133 93 56 123 121 102 71 105 84 79 135 85 76 120 90 109 97 89 54 69 140 59 96 57 131 102 107 39 96 51 72 52 130 68 80 84 63 127 84 64 137 118 111 137 55 61 72
118 82 121 58 60 41 91 112 109 66 90 70 115 0 97 72 112 102 116 85 107 40 88 45 125 126 97 109 69 90 47 35 60 43 71 133 115 63 89 47 103 50 88 131 106 124 41 126 129 103 89 42 105 56 130 79 62 123 127 62 135 137 77 41 46 36 46 81 38 80
67 67 121 122 46 39 100 96 131 55 116 130 107 64 0 60 94 77 78 118 56 100 94 47 131 60 64 46 108 86 78 58 133 101 134 138 68 112 110 96 107 135 76 78 78 85 89 50 100 63 134 56 70 103 116 53 47 81 68 53 54 98 75 112 105 86 96 61 59 66
133 49 105 43 43 84 81 134 48 58 90 117 44 69 140 0 111 100 132 46 44 114 133 43 122 104 138 65 95 102 100 134 100 131 97 137 116 44 87 46 54 115 118 56 133 105 68 103 52 42 106 73 137 59 106 128 124 55 101 53 120 68 86 131 81 58 129 51 72 77
42 136 121 119 42 95 71 126 65 46 37 48 67 140 107 73 0 123 136 139 116 99 94 35 63 43 102 81 140 47 73 59 97 133 97 70 121 37 119 48 56 60 103 109 92 89 90 84 95 65 53 101 78 69 131 109 58 47 88 47 107 88 95 134 70 41 78 74 67 57
85 88 110 45 104 82 89 38 124 83 84 139 82 89 83 97 70 0 123 126 115 69 55 92 123 109 70 79 41 63 45 98 133 139 35 39 110 38 92 43 64 78 37 125 116 109 78 133 61 136 118 74 128 90 92 87 69 106 133 35 102 116 91 102 86 116 98 69 74 119
118 52 140 39 91 121 62 56 44 67 58 59 97 76 49 64 76 55 0 114 93 87 46 105 65 64 35 92 80 60 123 136 58 140 118 83 60 98 98 49 116 51 105 61 82 53 81 37 133 85 94 53 67 124 41 74 45 55 103 58 72 52 74 125 130 62 93 136 41 111
95 65 109 132 116 81 38 122 65 84 107 39 65 84 85 134 105 138 131 0 52 76 81 121 124 116 82 49 38 99 139 126 128 132 126 98 68 139 100 40 68 54 101 110 61 77 48 58 137 51 128 139 60 82 98 37 73 67 118 124 98 78 42 72 53 96 54 87 97 119
35 124 102 92 60 118 68 76 82 53 46 131 125 81 66 50 62 113 79 60 0 83 55 110 120 72 43 118 93 81 90 37 76 81 61 74 101 71 117 79 86 133 38 111 79 109 84 94 70 78 37 79 134 102 121 42 66 69 95 93 45 53 100 131 70 48 67 108 85 60
72 73 107 69 134 107 88 114 120 87 69 46 64 86 74 48 67 74 112 91 132 0 96 44 127 118 73 77 137 125 116 51 68 107 74 43 114 136 73 85 121 77 101 108 90 69 88 123 44 51 76 53 52 133 135 120 82 92 91 111 38 75 138 54 131 100 70 68 55 86
111 74 98 77 76 76 57 59 35 134 77 104 97 133 116 42 93 102 47 111 119 38 0 105 63 76 37 42 63 102 132 73 80 43 121 75 129 54 62 125 75 35 96 101 50 75 109 131 84 75 106 63 123 97 84 140 82 139 97 53 84 93 117 86 63 128 120 101 43 72
70 49 124 119 71 74 41 114 88 35 114 94 109 71 86 130 95 67 56 58 88 49 119 0 104 48 113 75 89 73 81 81 101 136 106 63 37 97 118 37 73 66 84 94 106 78 124 40 35 39 60 88 127 112 50 38 59 51 53 132 38 54 125 94 93 125 104 42 109 76
102 121 46 62 132 59 81 85 40 101 93 110 57 70 85 113 132 105 129 79 115 127 49 125 0 116 128 45 115 122 49 73 82 134 75 130 45 120 83 129 92 98 117 128 131 48 111 102 140 51 96 86 52 69 62 62 114 108 57 88 82 88 84 116 62 121 69 81 102 60
136 58 139 108 112 35 41 59 47 122 129 54 63 74 48 98 70 134 81 79 45 131 75 115 86 0 112 129 73 130 57 134 93 75 111 44 89 61 66 88 70 132 79 108 42 56 35 109 112 74 58 120 72 102 58 61 92 130 107 128 39 35 75 78 85 125 42 89 46 103
139 137 116 121 78 36 55 38 38 109 121 105 137 105 124 127 37 92 95 44 59 55 55 52 95 133 0 115 49 39 35 94 99 91 75 79 114 138 49 70 98 103 50 72 121 136 125 103 132 93 81 100 48 99 69 68 39 59 95 45 77 54 78 79 41 57 129 71 90 48
36 73 60 106 41 108 66 80 94 118 38 91 64 136 76 54 65 107 83 79 76 100 70 94 122 131 123 0 65 103 136 116 123 118 100 40 59 35 118 84 71 108 85 98 94 96 85 51 45 37 125 58 73 121 46 35 92 72 71 134 63 139 117 90 51 50 101 59 55 120
70 40 73 72 70 80 80 105 94 76 45 58 77 54 52 68 61 87 128 46 94 45 76 133 131 58 71 132 0 79 73 128 84 89 60 117 56 120 100 56 82 94 67 51 134 53 98 36 40 130 87 39 63 54 97 77 43 68 126 59 112 72 114 107 46 79 84 55 82 70
129 80 49 35 139 38 35 132 103 84 90 79 67 44 91 96 43 131 45 61 55 66 127 62 130 49 76 93 122 0 119 77 99 70 49 110 82 43 100 136 42 35 73 139 116 79 68 101 75 53 109 89 104 54 87 74 83 80 128 44 46 43 62 138 116 81 37 140 91 128
56 39 117 128 101 58 104 87 35 55 87 71 109 109 110 77 77 58 64 108 53 57 127 42 132 126 91 126 81 41 0 138 114 131 139 125 124 55 79 87 62 90 77 135 93 70 55 103 101 89 96 128 86 86 92 72 123 80 85 87 72 47 130 51 112 98 65 112 89 76
111 43 45 114 60 49 57 119 105 83 47 134 121 54 59 132 95 135 101 116 48 69 68 133 111 68 139 101 55 93 67 0 70 140 119 35 40 132 88 64 108 83 61 67 62 40 128 116 114 130 76 42 61 102 40 139 129 52 70 116 109 71 66 107 43 106 47 94 75 113
89 116 37 72 82 99 85 89 70 35 61 115 81 68 64 95 119 75 76 101 127 56 94 117 63 53 50 50 95 113 99 55 0 106 91 98 120 115 120 46 105 86 53 113 114 69 104 123 100 105 123 55 113 57 69 78 130 103 52 84 106 90 90 135 43 104 106 94 132 107
47 129 84 70 40 137 72 72 96 116 60 110 49 77 90 70 72 104 100 39 82 129 83 46 103 85 122 126 104 135 91 115 120 0 111 45 47 47 72 103 67 137 36 120 135 93 41 46 94 121 112 50 123 134 97 60 46 67 67 48 86 38 134 52 38 108 126 93 68 134
60 37 119 135 98 67 100 78 74 63 78 77 50 139 80 38 84 72 113 128 94 119 52 63 71 52 134 98 101 36 135 103 122 52 0 54 66 106 92 134 135 42 77 83 81 55 106 70 139 54 129 125 133 74 119 111 71 100 38 98 104 62 81 35 108 43 64 66 58 45
112 48 110 81 56 105 101 111 69 129 46 68 61 128 119 60 62 108 88 70 53 107 55 86 110 69 134 95 43 84 106 77 99 112 93 0 121 60 129 124 40 77 61 51 120 98 98 92 69 60 67 114 104 123 137 62 68 69 86 111 79 88 81 56 137 77 106 72 49 113
37 72 140 135 54 74 51 86 113 38 37 40 112 96 136 106 73 60 84 76 100 35 60 138 112 67 66 55 127 48 137 87 116 86 42 109 0 57 138 54 91 40 90 58 81 112 137 58 48 133 63 122 39 132 37 43 128 100 54 109 128 79 69 97 106 63 67 81 46 131
93 37 103 88 68 38 112 82 42 119 98 115 42 85 67 73 72 74 137 63 51 132 77 138 116 40 51 110 40 95 42 99 126 55 42 107 97 0 80 105 48 102 117 92 96 114 79 55 63 52 113 114 99 67 133 67 62 98 61 81 114 43 52 62 131 88 93 55 96 110
49 75 78 109 48 120 111 121 45 105 58 47 39 124 97 46 51 49 57 92 95 79 56 71 55 98 118 122 96 94 115 121 130 101 48 53 138 115 0 70 120 66 67 132 119 132 98 44 63 37 42 95 133 133 134 60 108 42 45 137 103 55 127 130 113 71 120 50 127 110
43 69 55 131 102 112 102 108 63 53 88 123 133 95 113 128 57 93 95 44 45 130 103 59 71 49 95 81 100 135 65 108 116 39 46 92 53 51 106 0 120 75 128 78 42 127 90 132 45 51 113 136 122 38 37 118 109 56 105 138 59 96 120 114 111 87 95 54 119 68
137 72 106 45 138 69 37 63 72 40 105 119 97 79 44 62 62 48 68 42 133 56 136 82 52 59 77 128 56 126 125 99 121 104 135 103 67 102 73 36 0 58 55 117 48 115 85 101 57 104 119 107 139 113 91 88 40 60 126 108 109 70 131 78 70 126 92 79 105 123
65 47 58 72 78 137 120 57 119 117 38 117 96 132 59 123 76 137 132 64 57 134 49 70 73 86 134 116 113 83 123 69 77 60 41 61 86 103 128 87 97 0 105 96 120 37 39 38 48 137 138 67 122 128 81 49 76 134 86 130 71 67 115 38 100 59 74 139 128 133
125 88 114 110 51 42 123 122 95 35 35 69 127 100 50 116 108 95 42 138 55 101 95 85 69 132 100 52 69 111 125 129 61 68 107 54 112 126 40 61 61 121 0 121 93 93 77 99 64 35 74 42 137 70 104 116 73 94 92 95 49 52 121 137 126 124 75 97 54 126
91 108 64 106 83 123 108 77 131 76 96 114 54 88 132 122 74 64 114 46 131 104 117 82 139 126 113 113 52 37 135 128 72 71 38 78 70 36 121 45 69 116 97 0 129 74 88 71 105 59 44 56 102 115 38 47 41 109 75 116 140 104 49 133 72 98 86 126 128 117
39 101 53 39 67 65 134 138 124 53 104 50 73 118 95 49 130 103 105 59 93 118 70 110 69 126 52 41 108 97 35 126 81 121 128 137 133 104 120 139 101 93 83 75 0 107 90 68 89 57 59 105 80 111 103 75 120 73 140 37 64 120 119 127 138 96 136 95 139 115
64 86 68 87 94 83 49 133 72 87 138 64 97 56 47 139 50 106 44 71 88 93 135 49 137 134 45 41 127 98 85 70 60 77 86 140 120 42 123 58 119 97 117 123 118 0 96 66 102 131 135 52 75 107 81 104 77 77 136 133 78 65 79 117 93 70 83 110 120 81
57 128 119 51 57 93 127 43 114 83 81 99 45 89 47 111 55 54 136 78 69 67 52 92 130 38 65 60 53 46 71 40 139 104 109 74 80 50 57 35 90 88 131 105 79 121 0 116 49 56 88 83 46 126 88 39 84 89 50 59 93 114 115 138 65 69 111 94 127 106
52 98 94 61 100 117 108 77 89 84 47 67 42 133 106 98 66 38 94 41 107 139 111 39 128 47 51 136 72 91 88 36 44 133 128 60 88 43 37 105 106 92 73 126 130 78 100 0 127 103 91 36 119 115 127 78 103 122 109 116 131 42 49 94 130 35 48 60 82 82
92 82 56 35 84 121 44 51 89 77 87 63 102 104 109 41 51 119 87 99 89 61 80 89 55 50 79 68 110 135 115 44 119 102 105 101 114 128 68 47 44 137 135 97 118 76 108 110 0 119 68 57 121 75 116 136 121 73 114 96 139 128 39 138 127 137 121 132 89 112
60 48 91 101 98 72 58 106 127 68 69 117 122 114 88 106 82 76 69 46 54 135 97 102 120 56 126 139 56 139 66 128 58 106 100 122 67 84 41 137 101 71 137 118 43 68 132 54 130 0 53 51 122 40 36 46 99 135 63 118 77 110 80 96 120 111 35 111 129 106
57 40 105 77 104 36 105 47 73 64 127 101 96 68 122 102 50 127 125 132 55 134 52 130 61 93 57 116 117 115 59 55 70 140 80 103 95 76 61 135 109 127 117 111 92 52 130 58 61 48 0 44 68 140 113 36 68 71 125 53 64 137 66 103 60 123 78 122 38 83
120 107 51 90 112 105 84 82 45 81 57 102 102 99 132 103 67 79 123 81 129 99 62 110 134 44 40 132 96 71 42 53 77 97 51 61 49 126 36 105 117 66 72 104 82 73 114 116 51 66 55 0 96 43 74 53 49 40 52 95 55 37 38 60 130 46 114 106 36 118
35 90 98 40 92 95 133 85 40 53 88 42 68 56 69 115 47 90 43 80 123 66 92 129 101 117 115 115 57 86 120 50 132 101 100 79 132 65 71 66 74 47 87 85 91 44 80 111 74 67 126 45 0 70 138 77 140 52 114 110 75 38 105 62 40 127 49 129 130 41
111 95 45 43 38 114 129 129 99 128 105 101 115 72 48 70 138 42 52 72 38 107 74 127 48 51 94 76 110 59 55 114 41 132 84 63 55 108 65 95 59 139 89 140 53 102 38 65 124 69 38 44 116 0 37 138 114 104 116 42 68 106 81 84 69 61 115 93 42 89
83 92 84 124 73 84 67 113 122 93 42 77 45 98 76 35 70 116 136 41 124 79 75 113 133 52 102 48 116 40 131 92 119 51 93 135 88 118 36 72 136 104 115 52 63 68 64 108 105 106 74 71 78 50 0 115 115 76 88 61 98 67 65 63 45 59 136 108 74 80
111 120 55 120 84 121 120 49 95 131 52 52 124 101 66 123 66 65 99 48 63 74 96 71 113 52 130 52 67 82 82 114 51 42 139 100 137 44 83 57 91 96 78 55 66 134 39 106 108 67 101 94 96 56 78 0 92 107 105 129 75 37 132 53 75 91 135 94 37 65
106 101 80 88 69 118 53 65 121 104 125 90 67 35 36 71 94 82 100 41 107 118 88 76 60 56 45 90 81 73 54 68 38 38 81 66 129 84 111 118 44 76 59 68 43 51 77 113 69 123 41 43 61 62 71 49 0 44 87 60 116 88 106 131 86 108 84 56 74 77
136 107 47 67 106 134 120 47 133 122 85 67 130 132 59 85 78 50 60 43 46 95 131 44 63 61 130 137 46 85 93 61 86 123 92 81 106 110 115 66 81 135 95 37 41 81 40 38 75 98 66 127 109 126 63 125 71 0 130 118 84 96 77 102 64 36 132 42 125 70
100 88 62 74 53 62 68 108 130 81 50 99 62 94 124 105 73 62 42 84 133 125 136 99 136 93 55 50 112 38 90 110 42 87 49 52 129 108 46 125 59 81 120 121 71 63 41 121 109 49 63 42 46 87 55 120 66 65 0 134 61 117 79 47 114 120 69 78 43 82
110 38 96 94 113 65 110 74 103 81 54 118 95 47 91 136 113 120 44 91 64 77 129 93 105 52 43 101 125 105 133 130 131 77 50 61 39 95 135 47 126 82 57 105 39 103 37 107 126 56 78 75 79 123 55 57 121 133 75 0 70 138 139 73 39 119 98 140 70 57
54 52 125 60 100 105 54 136 52 40 108 35 52 122 63 119 135 105 99 137 79 87 103 78 140 130 82 97 127 92 69 91 42 79 108 36 69 121 116 79 134 63 100 55 90 83 48 41 94 63 48 43 67 66 62 138 134 96 138 133 0 64 103 112 127 134 94 46 114 112
75 74 57 64 94 79 115 64 107 122 124 131 65 62 95 79 117 76 132 86 91 133 48 65 93 56 59 77 113 40 83 127 105 72 64 45 44 85 133 122 80 52 128 91 104 35 62 104 41 130 138 111 129 122 118 70 87 38 103 120 133 0 52 85 91 57 89 40 46 119
91 66 115 116 108 42 79 95 62 92 75 48 103 51 82 37 107 67 66 106 78 103 41 132 140 132 48 103 116 93 97 41 43 41 56 55 87 136 77 89 65 43 67 83 88 81 48 94 69 78 95 43 95 68 70 118 95 76 42 100 135 60 0 92 84 66 105 46 61 125
71 52 63 38 44 98 38 100 119 123 98 37 62 66 53 110 92 37 36 82 40 139 107 118 56 131 119 73 50 67 140 116 80 106 58 73 54 85 47 35 84 117 61 81 137 55 95 48 89 81 53 41 100 115 111 47 39 39 73 47 126 96 140 0 115 65 75 120 50 127
127 64 83 55 98 79 139 62 115 136 133 110 97 71 116 89 59 55 117 55 119 44 131 97 117 72 120 108 84 75 135 68 111 84 125 105 131 116 79 94 110 52 112 63 133 80 36 84 38 84 83 82 35 116 91 87 45 132 122 120 95 122 100 108 0 62 63 48 83 56
39 74 85 57 56 122 89 127 51 63 129 117 126 116 129 127 68 75 54 116 112 93 38 39 87 63 47 57 117 135 130 122 43 76 76 78 106 121 60 94 113 125 95 62 59 93 44 65 71 119 53 69 84 76 78 75 104 70 75 65 35 113 80 48 64 0 110 65 93 56
92 48 99 85 50 81 136 57 73 124 110 60 54 42 39 56 83 55 63 42 46 86 87 110 70 80 71 123 49 59 52 77 131 122 117 72 98 91 77 140 38 50 47 125 124 43 121 76 109 60 84 117 131 135 57 75 65 131 76 139 110 97 120 102 98 42 0 104 135 127
55 116 54 127 74 127 89 69 118 83 79 133 129 105 116 55 61 69 86 45 64 96 89 116 120 124 123 76 35 104 69 45 93 46 57 77 87 139 128 70 119 136 58 89 75 69 134 127 73 123 77 36 107 124 90 39 137 132 129 100 47 117 139 55 105 80 65 0 40 88
114 68 111 67 98 119 62 112 63 102 55 86 115 104 136 64 131 70 124 58 126 87 46 100 63 61 49 84 101 50 86 117 44 140 64 99 133 103 57 133 79 71 71 62 137 116 49 80 121 120 55 77 140 51 86 49 51 88 128 133 70 130 124 97 123 87 62 65 0 118
68 74 80 68 52 120 137 111 94 73 88 101 65 74 78 110 91 119 58 79 97 126 56 42 131 83 76 111 90 71 95 71 129 96 40 84 62 127 75 56 67 36 77 81 111 42 72 45 75 59 139 107 121 101 107 139 49 41 121 139 104 132 81 72 50 79 69 112 109 0
