80
0 13 5 11 17 19 6 5 15 15 16 20 16 8 5 15 18 10 8 18 8 17 19 19 19 17 7 7 17 17 9 12 10 15 8 13 11 15 8 14 13 20 10 8 9 10 5 18 8 17 13 7 13 20 6 9 15 13 18 15 8 7 8 19 10 12 18 5 18 5 20 19 19 12 5 9 9 5 8 12
0 999  223 477  189 262  180 418  209 350  255 462  111 221  206 358  138 287  243 375  165 400  238 466  181 251  118 410  203 446  226 297  146 217  244 329  131 209  168 437  92 221  173 338  240 332  229 312  192 286  190 467  284 574  105 326  164 238  110 233  133 347  191 485  240 418  115 286  218 470  263 295  163 425  236 471  151 253  147 308  159 266  174 399  98 287  134 273  223 425  201 242  161 281  140 348  147 308  237 351  268 441  200 284  131 375  207 416  203 250  124 405  242 416  245 475  166 390  236 458  94 145  96 200  226 422  116 312  243 321  153 399  262 455  175 207  281 515  261 317  187 237  197 457  246 346  228 361  224 287  115 204  282 497  227 524  229 271  182 477
0 82 124 69 87 133 48 130 110 153 160 129 69 108 74 86 130 118 68 158 40 126 120 75 130 90 138 50 144 100 118 56 83 99 95 116 126 86 113 141 124 86 65 96 65 160 121 110 117 135 128 95 59 154 73 47 140 139 147 124 71 85 141 43 154 52 103 145 132 103 58 93 107 123 153 77 148 108 121 55
76 0 147 63 135 78 116 48 81 74 105 108 142 82 118 102 154 85 144 50 98 149 130 147 143 62 93 111 142 130 159 84 94 72 76 63 128 136 75 150 157 69 94 58 134 61 93 81 135 90 131 61 87 55 111 71 85 132 117 49 93 50 103 60 126 42 97 69 99 89 136 66 72 152 130 104 122 63 156 55
105 60 0 107 68 45 95 121 108 117 41 43 121 124 154 130 120 51 151 90 102 114 63 50 114 55 64 104 105 158 46 154 73 92 132 112 125 154 51 138 72 41 79 40 42 149 41 146 95 111 48 99 68 56 158 129 40 65 145 147 149 148 78 84 158 42 43 91 117 139 138 76 65 98 140 121 51 158 74 103
71 149 70 0 81 65 150 142 75 151 81 78 85 107 139 77 64 75 136 122 97 81 105 132 47 106 52 43 67 125 50 76 103 158 103 138 45 63 149 46 81 152 139 101 117 81 49 57 142 125 87 90 155 61 64 129 81 98 75 99 148 144 80 116 99 56 53 155 41 58 63 152 139 62 59 150 136 102 107 104
159 135 80 98 0 126 64 92 151 67 138 149 66 43 94 116 54 130 47 73 84 119 56 40 109 104 97 122 72 70 137 104 118 132 136 124 54 63 116 49 59 48 40 111 88 152 97 61 79 158 124 52 65 69 62 146 106 91 104 129 158 85 103 69 82 146 73 130 138 121 82 141 132 67 132 95 42 149 139 90
52 67 94 59 154 0 149 104 152 136 40 88 100 129 76 117 64 62 127 48 116 92 125 137 114 157 124 43 149 117 117 93 104 95 75 99 77 101 57 86 77 70 69 70 158 135 150 71 65 40 78 102 77 69 65 60 151 129 154 73 87 98 156 87 74 43 156 88 76 82 102 134 142 105 45 69 71 126 58 148
151 143 103 53 121 153 0 63 70 62 105 140 72 96 144 67 68 149 145 89 114 123 109 124 73 129 153 80 85 93 112 81 125 148 68 128 43 146 114 43 96 65 50 158 55 146 47 141 143 114 122 110 65 86 82 144 40 87 85 149 143 135 131 101 116 138 95 51 105 87 70 68 139 49 40 57 144 151 88 147
122 49 142 67 138 94 102 0 82 55 148 146 116 155 51 122 82 126 129 110 80 144 108 101 159 85 59 111 74 101 50 73 148 134 115 79 103 127 71 104 142 79 51 91 42 140 142 114 87 48 97 50 106 143 132 82 78 139 80 139 95 57 107 58 53 95 121 125 153 71 60 119 112 75 90 132 146 116 118 100
89 65 157 91 52 134 109 59 0 43 130 49 85 137 69 82 144 137 73 43 80 113 144 100 121 60 146 61 129 96 160 138 61 83 111 131 43 146 134 63 88 77 111 127 128 153 91 114 111 154 160 147 94 70 46 117 105 125 93 78 91 53 90 71 109 59 145 61 96 80 88 81 130 45 123 124 86 145 96 125
55 101 67 148 111 124 137 104 148 0 159 47 141 54 142 45 123 60 66 42 114 58 62 46 136 68 112 101 142 79 110 41 64 158 66 86 142 44 101 94 43 70 92 139 100 144 112 135 122 85 156 138 106 132 97 72 74 96 40 129 97 101 75 71 125 63 73 125 60 150 57 83 157 139 121 115 62 90 120 111
131 153 70 45 80 78 112 94 153 101 0 75 58 144 154 133 160 82 140 77 149 139 74 116 45 120 95 46 94 96 71 124 48 128 48 90 82 105 94 151 112 40 136 96 89 52 97 132 75 116 48 126 84 104 124 147 119 75 48 78 65 116 98 140 128 77 86 159 110 89 155 102 77 62 118 112 142 91 75 87
78 99 109 60 152 61 68 112 139 91 108 0 104 49 104 97 129 79 127 87 137 160 139 115 144 140 43 148 100 140 67 115 118 126 46 87 81 103 108 75 149 135 42 160 103 144 115 90 51 59 154 68 157 107 142 101 148 109 139 91 119 47 81 87 59 95 137 65 93 100 152 131 155 159 144 158 43 115 111 78
75 75 116 83 45 85 110 138 111 130 148 62 0 66 57 45 152 135 123 63 119 158 53 108 129 109 40 83 65 116 157 68 82 127 93 135 80 40 151 98 80 105 95 101 157 42 77 104 114 148 123 128 128 47 94 137 141 66 131 90 57 47 115 138 159 137 74 148 60 89 73 85 77 80 133 82 48 158 94 126
75 151 51 120 107 128 109 71 110 159 40 110 75 0 55 68 106 118 90 91 71 125 88 51 93 103 90 94 117 59 92 51 101 134 111 120 95 92 117 149 101 104 72 118 55 128 101 47 55 100 54 49 98 91 43 91 132 160 42 132 125 48 149 65 66 133 105 125 61 66 76 53 134 149 76 79 134 57 136 118
130 103 160 127 95 158 116 130 74 95 99 125 92 158 0 65 135 87 72 47 119 97 133 107 55 61 57 68 43 76 131 99 85 154 73 46 159 154 129 98 132 48 73 61 90 136 159 73 99 160 146 139 84 136 147 59 96 71 60 60 109 93 50 138 82 67 53 94 140 132 150 158 124 67 55 59 68 97 88 133
89 133 126 152 85 47 83 63 84 64 104 62 149 128 144 0 102 158 106 41 154 125 121 93 134 87 96 131 110 140 40 54 140 116 150 146 154 114 152 114 123 116 83 62 56 149 60 148 154 120 71 50 55 89 68 118 93 60 133 76 88 122 41 51 81 53 110 159 124 61 88 136 94 152 111 137 82 88 139 119
158 71 150 129 150 99 118 43 92 129 96 104 41 78 53 91 0 138 107 67 154 149 129 146 98 82 60 110 70 142 47 146 131 70 72 135 137 51 153 160 114 55 80 90 116 103 48 80 42 115 147 96 127 142 74 44 92 99 81 81 92 83 140 90 108 120 142 117 124 136 144 115 142 100 55 76 66 102 55 141
147 129 97 143 117 145 155 64 47 157 69 50 147 141 147 110 64 0 78 65 107 140 99 118 126 42 46 102 49 117 88 160 100 75 85 81 151 76 58 55 133 89 92 122 160 85 99 134 45 141 103 130 144 116 119 99 53 97 157 62 130 114 49 157 95 45 97 96 103 100 127 160 44 150 116 154 99 132 78 59
128 151 118 160 144 69 62 140 157 120 56 71 67 144 81 160 152 130 0 150 86 144 125 77 64 73 80 64 138 61 90 63 108 89 45 138 89 61 50 91 95 82 81 99 40 82 93 47 68 107 92 93 55 70 142 74 104 59 125 85 96 69 123 144 62 86 131 108 92 98 151 75 65 109 109 141 68 64 95 51
80 160 130 78 147 105 83 114 156 125 84 70 126 140 48 141 60 41 54 0 122 57 117 149 79 144 141 116 149 64 75 158 76 149 145 136 151 44 90 134 52 112 91 87 60 53 105 55 136 85 99 149 155 139 54 88 53 40 51 62 118 45 71 147 78 56 147 61 71 40 94 94 130 84 113 70 98 82 106 143
78 144 88 78 62 90 156 149 57 145 145 123 56 150 92 57 104 115 40 127 0 59 98 83 81 155 149 71 79 40 43 93 154 82 119 87 142 143 97 135 92 120 138 66 89 99 78 129 121 85 106 114 104 109 41 98 59 53 95 82 55 67 75 160 63 65 125 41 86 142 140 125 51 51 122 132 126 69 79 63
115 146 108 105 83 127 120 96 54 68 66 135 131 62 70 62 72 139 62 144 154 0 90 99 113 129 90 85 100 156 98 86 85 79 47 127 147 147 157 117 104 52 55 131 139 142 153 143 117 106 101 85 130 55 55 40 143 109 137 48 107 136 148 73 74 92 54 45 76 63 77 139 92 75 49 132 77 70 152 133
127 59 95 145 107 117 125 110 55 53 111 95 48 51 114 82 51 115 69 156 132 155 0 60 156 53 153 77 141 69 125 89 83 80 152 76 52 130 98 142 77 127 122 153 143 81 54 57 45 67 158 152 83 74 59 47 133 118 119 94 134 156 75 150 136 53 71 56 82 126 143 99 90 123 142 110 128 93 111 154
116 152 60 71 117 86 148 125 123 140 92 158 58 116 131 58 126 142 117 113 129 90 116 0 117 109 93 121 158 113 65 79 98 137 159 42 115 156 53 102 47 49 159 111 84 63 146 103 93 78 87 126 74 74 51 76 64 103 100 121 139 129 50 111 79 68 140 145 116 111 62 80 96 151 160 82 74 76 75 126
66 102 115 88 150 145 71 150 78 96 130 158 72 137 63 49 77 40 139 87 42 115 145 153 0 135 118 74 93 115 89 66 107 87 47 71 156 151 108 111 78 94 131 147 159 116 131 52 102 121 137 72 156 110 154 44 71 116 130 160 88 131 113 114 112 66 45 65 159 60 140 138 110 159 143 160 140 99 56 53
53 64 42 160 54 71 158 89 55 105 109 138 58 54 69 87 58 159 123 75 43 107 146 146 160 0 134 90 107 128 80 149 42 58 66 125 45 102 112 89 105 59 44 136 124 49 47 124 122 115 57 106 143 124 61 146 146 56 127 125 95 129 72 82 94 130 158 131 106 98 81 147 126 145 102 147 100 60 123 152
148 105 94 59 66 109 142 45 133 55 130 118 123 134 106 132 142 131 76 47 74 149 95 136 139 84 0 147 98 87 48 79 77 155 112 148 141 43 47 90 123 111 45 86 92 76 49 94 157 89 108 158 120 41 64 146 62 74 50 98 59 72 119 108 58 140 91 57 125 47 102 159 84 40 129 45 51 113 140 111
42 160 117 98 143 44 55 89 130 121 78 88 104 153 60 80 51 48 120 56 54 95 156 99 137 45 87 0 158 110 55 152 68 82 110 156 147 150 50 40 159 102 41 150 67 49 153 118 136 67 92 148 102 65 77 98 147 86 149 59 131 120 101 96 126 159 150 74 103 55 74 43 58 126 124 44 76 76 81 144
145 97 70 128 122 137 43 73 132 62 72 59 90 77 119 100 64 58 142 158 121 89 94 74 47 86 51 84 0 113 79 157 46 60 116 113 106 146 108 147 112 158 139 73 61 152 92 155 158 151 70 140 136 68 64 130 81 64 104 133 153 59 90 86 137 87 133 54 82 82 158 53 129 106 49 55 100 98 144 43
134 57 143 126 42 114 115 99 117 157 108 87 61 125 118 112 93 124 40 104 151 77 66 104 134 56 41 93 150 0 131 85 157 66 142 72 84 49 92 146 83 158 159 102 155 110 132 54 115 84 156 46 81 48 54 108 84 52 158 160 100 90 149 111 63 118 98 105 44 69 102 62 117 81 83 132 108 136 87 60
53 123 93 75 99 116 46 84 88 101 88 122 48 108 127 139 70 44 126 73 125 118 158 53 62 109 55 58 117 104 0 79 124 147 112 151 71 107 86 121 106 99 145 53 65 64 102 68 115 85 78 103 124 68 47 160 46 142 146 44 102 148 140 55 119 110 88 84 67 42 83 135 99 60 120 134 159 155 123 110
55 140 63 101 107 48 130 79 81 60 118 148 118 109 120 150 130 62 80 85 135 54 87 126 75 114 130 158 154 43 133 0 90 132 137 73 92 78 117 118 128 85 59 154 116 60 99 138 79 140 158 62 156 62 129 117 54 121 91 150 76 131 86 53 40 78 108 52 45 75 53 131 75 141 126 154 72 129 49 134
96 88 60 85 89 43 110 54 83 113 152 147 110 124 49 49 67 135 121 138 47 88 119 98 86 88 152 72 82 143 141 54 0 91 89 86 100 48 102 47 43 81 107 158 79 122 132 104 112 134 104 158 45 156 53 75 138 84 122 142 82 53 105 113 59 105 44 148 70 75 97 108 72 99 110 98 52 150 142 74
97 111 74 117 89 41 150 131 54 108 114 125 108 103 98 57 78 72 135 75 139 73 159 126 156 74 142 113 44 45 58 145 125 0 40 41 131 50 70 61 50 117 52 138 65 75 45 122 131 42 96 40 115 107 135 49 77 74 159 93 65 82 117 86 52 60 145 56 144 47 137 74 92 57 145 65 55 106 51 97
102 139 160 80 73 127 56 80 125 55 75 92 79 155 148 62 65 151 148 75 117 97 121 78 144 77 113 112 50 99 143 69 56 43 0 41 104 90 88 116 87 112 101 72 44 97 72 59 115 144 40 120 111 91 49 93 62 50 152 92 114 46 133 154 131 150 159 80 76 158 105 143 46 108 136 157 86 40 120 48
64 96 142 61 80 76 101 67 152 134 107 62 123 101 57 53 121 100 120 141 141 48 133 146 83 101 67 87 127 103 130 92 112 143 160 0 109 137 77 87 157 133 141 66 88 80 133 69 145 84 55 129 61 78 69 60 59 140 133 57 155 154 129 147 138 69 138 42 45 127 45 63 95 43 124 54 129 131 95 95
73 88 126 43 43 58 142 101 67 40 133 132 98 115 95 139 98 123 98 59 146 69 79 149 153 106 143 64 74 108 81 123 81 135 79 54 0 66 135 48 86 134 125 123 136 82 80 46 159 120 56 127 145 86 122 104 126 59 100 96 82 93 118 65 92 68 101 57 59 134 94 96 88 104 96 103 100 121 41 95
114 84 148 82 91 111 54 109 75 92 139 88 45 49 87 130 139 96 79 40 158 48 146 77 145 148 76 130 72 113 42 124 91 93 141 110 45 0 55 51 110 64 118 83 154 111 68 121 87 120 117 100 143 124 64 53 153 48 79 113 86 92 40 154 43 88 128 53 64 150 112 145 121 129 64 65 103 74 159 123
49 109 48 154 76 67 41 153 97 54 129 148 150 127 130 120 152 76 103 122 151 111 139 70 99 91 95 98 138 89 122 106 117 145 47 42 159 50 0 104 94 87 127 131 109 113 86 85 130 121 57 73 160 115 115 126 64 132 57 60 100 126 76 84 52 127 67 53 57 141 147 142 118 43 45 85 89 146 73 101
58 136 93 111 106 86 88 80 108 147 77 69 100 139 77 135 121 132 61 77 70 139 74 146 84 155 83 86 101 132 98 68 150 150 75 131 109 49 53 0 75 92 78 60 132 76 61 131 50 145 114 66 159 43 148 121 67 89 75 85 97 92 134 50 119 49 152 58 94 143 49 127 123 70 75 89 126 113 142 123
95 89 122 117 126 106 90 109 57 54 55 88 149 154 90 47 85 143 125 90 88 144 118 69 47 55 131 112 66 151 41 131 141 70 110 57 100 111 157 101 0 125 46 87 75 142 57 47 73 73 98 117 71 45 94 125 65 67 131 77 146 150 154 136 91 141 49 152 117 88 53 112 148 158 68 100 112 135 136 40
104 144 42 44 61 128 48 108 112 151 115 111 145 97 102 91 136 146 131 91 142 91 61 98 41 127 111 44 152 147 152 60 62 120 63 113 139 57 80 87 79 0 58 44 41 60 99 87 47 142 91 116 133 59 76 95 132 160 132 80 111 142 42 91 51 106 99 140 121 96 118 46 70 145 149 88 62 128 55 144
54 108 132 72 154 72 128 126 105 92 72 72 54 135 60 90 119 57 156 118 93 141 96 116 148 67 55 129 98 58 90 119 63 113 151 56 98 108 61 159 130 135 0 83 114 132 104 45 129 61 112 145 130 128 88 97 118 49 70 76 48 129 105 96 104 59 88 154 155 77 105 63 143 132 67 48 153 131 131 123
121 76 107 108 85 160 69 82 99 150 138 98 107 107 76 125 116 138 155 64 56 67 40 97 79 109 77 45 107 135 153 104 136 135 149 125 59 145 106 148 111 114 155 0 129 99 129 111 122 54 141 43 63 107 67 125 135 125 87 55 120 87 151 62 140 56 113 47 112 89 121 56 102 96 110 89 40 120 57 135
140 158 108 131 121 81 75 116 151 114 95 159 125 144 127 142 152 132 57 72 44 100 156 50 69 87 85 149 112 118 127 46 113 120 131 152 49 152 126 66 138 151 60 151 0 50 151 89 44 64 95 52 114 55 71 157 91 90 124 139 74 98 62 113 126 132 157 105 135 61 132 126 121 110 79 136 83 150 135 64
57 149 116 101 127 62 78 154 86 64 85 80 88 52 70 107 144 118 79 125 73 133 51 140 92 140 132 42 137 58 43 88 117 48 109 80 47 115 43 140 158 103 63 126 140 0 97 157 88 125 155 83 41 89 147 47 52 157 92 129 110 138 54 147 45 74 93 95 102 75 95 52 129 124 129 78 105 77 98 114
130 43 63 137 146 111 59 55 47 109 96 124 59 148 137 83 92 150 74 159 95 131 132 101 158 130 119 94 58 135 149 117 153 135 156 65 136 60 113 94 127 136 87 158 131 47 0 69 95 73 158 83 147 82 91 122 148 128 138 76 123 69 136 67 116 91 119 90 126 104 121 92 111 89 55 58 80 147 79 156
137 64 102 115 78 76 123 130 108 84 136 68 141 116 62 59 141 115 111 125 64 98 66 133 113 146 44 67 62 86 74 137 66 76 52 147 50 40 49 103 122 40 63 56 90 150 82 0 154 73 85 117 129 106 103 49 44 86 54 100 160 156 68 52 69 111 98 124 42 67 41 137 108 74 135 72 154 70 154 65
141 127 160 86 113 107 129 75 98 146 146 160 149 114 125 89 109 139 86 130 99 43 148 149 110 82 80 98 75 147 61 153 134 83 129 111 46 146 123 137 152 122 49 85 129 85 142 115 0 65 149 144 122 149 47 136 138 62 85 41 71 94 58 119 155 157 155 93 131 148 74 59 98 111 95 115 136 156 59 108
94 139 86 119 135 91 106 136 113 142 65 88 61 86 80 50 57 106 44 125 125 69 132 70 96 128 114 47 77 114 147 120 123 49 152 121 152 99 72 43 57 105 119 48 40 145 40 133 135 0 104 122 145 137 113 40 147 77 67 146 159 149 86 80 78 129 92 112 67 103 42 160 65 107 111 139 64 48 75 102
102 49 63 42 121 53 128 112 151 43 74 103 152 42 132 49 149 97 63 118 54 65 105 160 103 102 126 59 56 102 77 47 55 52 76 124 73 68 116 68 44 147 94 85 58 58 131 53 59 79 0 43 53 71 83 134 105 53 60 93 50 93 138 84 147 44 103 74 143 143 118 112 160 103 133 55 56 66 141 155
56 56 52 110 77 41 114 141 68 97 135 112 113 91 158 121 109 147 50 43 53 89 75 147 47 147 79 50 113 146 138 149 74 142 132 87 78 96 79 146 111 109 90 77 88 99 153 57 98 137 145 0 98 48 160 93 130 125 42 112 103 159 116 106 42 156 68 115 59 157 144 130 153 41 141 137 76 116 55 65
96 140 147 101 153 151 91 68 110 107 143 76 105 118 145 105 64 66 93 129 147 156 151 106 42 124 148 107 106 99 82 40 56 93 70 92 44 127 69 79 70 91 144 111 157 102 91 133 63 66 75 128 0 70 116 159 54 113 79 145 97 140 112 111 125 131 88 60 48 63 65 48 121 40 84 64 61 126 87 141
156 146 80 78 153 90 68 158 97 127 124 58 63 136 67 64 156 101 95 154 111 121 60 84 148 144 108 81 108 88 47 148 145 58 49 94 156 48 106 44 135 43 83 159 134 130 108 90 46 144 157 48 57 0 59 73 106 82 76 89 99 96 106 119 90 90 138 96 152 111 96 114 83 135 87 159 101 93 143 42
123 77 114 111 135 89 49 97 105 153 124 45 145 74 73 129 109 147 70 127 43 135 45 137 116 103 109 91 118 42 85 75 55 67 102 75 56 90 108 97 82 106 90 75 87 148 126 60 66 60 136 95 132 160 0 117 120 51 120 155 123 125 127 120 105 124 58 54 63 51 128 150 137 106 79 95 125 51 137 90
99 40 84 150 138 147 103 75 49 81 56 73 93 116 80 151 123 70 40 146 98 111 73 144 129 45 113 158 139 54 53 158 148 67 67 125 106 143 92 81 47 61 116 47 79 88 159 117 157 71 147 95 158 102 55 0 42 68 100 89 42 107 83 142 46 131 82 57 69 126 128 53 136 57 131 141 86 72 99 154
146 141 51 80 50 131 81 63 154 150 150 42 89 62 57 40 71 83 122 59 124 76 87 66 160 146 143 88 47 130 52 56 43 99 48 79 82 42 112 128 126 131 46 84 49 84 53 127 103 93 95 82 115 118 144 55 0 55 122 44 136 157 108 68 89 47 59 47 105 103 101 128 116 107 76 49 152 103 70 122
120 123 124 64 148 157 102 139 45 128 82 107 107 156 76 90 96 120 96 143 144 109 133 87 76 91 148 85 45 157 154 90 54 136 133 90 57 149 130 154 143 44 153 150 110 54 153 75 149 46 96 41 131 56 78 150 135 0 114 124 66 126 85 58 128 96 60 68 142 154 68 94 42 132 100 147 131 91 109 96
158 50 139 76 50 136 98 43 79 157 49 148 67 70 45 43 71 62 127 159 101 151 114 87 65 152 160 43 107 129 55 82 70 76 92 89 146 143 114 151 113 45 146 134 157 159 49 117 53 160 104 116 111 81 147 60 156 156 0 93 109 92 63 99 51 72 127 70 89 79 45 111 98 71 104 145 43 137 102 50
144 110 134 119 156 40 115 137 69 46 92 85 155 86 138 122 72 77 68 83 81 46 64 66 100 158 159 80 145 99 69 116 143 46 114 64 86 104 106 158 90 127 86 116 46 108 134 71 110 45 71 147 121 57 125 119 43 76 78 0 148 154 47 71 48 143 155 143 43 97 98 98 139 105 149 67 92 51 97 109
66 144 125 63 64 125 91 105 76 137 138 146 43 133 134 136 88 58 91 112 112 93 128 153 67 143 68 149 92 101 100 102 146 53 89 120 97 92 78 158 143 135 50 45 110 68 54 149 146 42 44 54 66 62 138 120 149 92 150 132 0 139 43 108 68 98 56 133 53 133 42 140 72 128 45 102 122 114 55 56
149 131 71 107 75 148 140 65 133 143 105 46 59 62 46 91 65 111 76 116 54 94 76 69 140 93 96 65 89 160 156 60 103 72 90 100 150 51 65 78 124 154 97 103 158 117 117 133 100 59 108 58 102 50 137 75 56 78 96 101 114 0 49 85 51 71 49 110 118 69 45 136 55 142 109 78 71 88 71 74
127 40 57 160 88 142 157 124 93 153 105 126 135 70 160 43 146 145 88 105 78 82 114 86 87 75 137 69 131 67 111 50 71 109 108 146 49 56 87 147 47 109 48 59 91 142 63 81 145 62 115 127 91 139 125 142 157 83 58 119 129 80 0 54 83 109 57 125 99 97 125 52 54 73 154 123 57 71 41 80
91 50 88 153 82 127 89 153 84 130 126 103 116 63 49 126 58 149 48 147 110 139 87 105 45 53 99 113 80 134 93 151 40 155 106 84 119 128 41 153 118 139 124 69 41 81 131 103 75 46 144 63 131 90 121 135 85 114 158 139 102 138 103 0 107 107 40 146 106 95 84 105 78 109 132 59 94 109 104 154
123 49 125 75 83 117 44 116 59 110 139 159 72 121 54 63 60 91 135 91 79 70 42 128 88 118 120 146 153 88 120 87 141 85 149 152 142 117 68 101 143 113 159 104 141 49 68 49 85 99 46 145 72 120 62 97 137 63 71 158 99 103 136 72 0 62 47 92 84 64 57 142 54 78 117 143 122 76 59 84
126 69 73 134 73 50 109 137 134 143 145 144 83 138 74 134 59 141 152 138 136 49 73 48 106 134 139 67 128 155 110 48 53 125 52 81 110 50 103 47 82 158 141 137 131 121 41 157 94 70 72 133 115 148 51 96 112 86 127 47 125 115 90 106 105 0 79 145 150 80 115 86 158 109 51 77 69 132 48 129
157 81 51 141 54 86 114 137 53 154 50 139 71 160 117 56 57 151 48 127 44 89 51 75 44 116 46 82 88 68 110 96 125 151 159 113 126 153 101 43 42 103 84 131 88 66 114 119 62 111 112 154 118 151 93 47 109 87 44 110 144 112 100 55 108 127 0 83 119 90 128 108 81 88 105 110 157 45 133 130
85 77 145 151 56 118 119 40 55 153 91 62 118 43 105 72 61 93 94 112 123 57 137 51 78 107 117 159 115 73 58 152 119 146 89 93 97 56 70 47 42 137 134 126 44 140 120 55 147 77 125 68 147 65 42 99 133 119 115 64 151 62 114 49 130 155 121 0 155 144 125 72 76 77 93 105 44 134 119 89
126 107 57 122 51 77 80 151 145 44 129 137 49 123 47 135 116 157 56 75 44 148 65 150 125 155 135 84 56 60 140 53 149 80 85 141 41 153 67 80 134 113 152 133 73 118 61 69 88 47 105 44 88 149 69 73 160 125 130 68 97 128 48 147 117 49 63 58 0 147 114 130 88 60 96 134 73 147 135 44
140 111 88 69 157 112 139 41 119 127 60 64 82 48 72 139 66 103 97 52 138 44 82 72 137 111 99 73 74 152 70 81 142 74 51 160 111 59 101 49 73 118 148 139 48 87 89 53 155 69 103 123 156 84 45 109 105 104 71 67 120 110 94 71 131 65 82 116 134 0 62 78 49 78 160 129 54 94 66 157
108 48 94 149 140 64 94 73 156 125 60 127 133 111 141 92 86 70 160 102 115 91 59 48 152 79 122 156 98 124 142 136 143 62 139 116 52 146 108 122 131 75 100 143 158 47 105 129 140 152 65 122 151 41 68 79 89 117 146 133 114 63 72 130 139 84 128 128 144 62 0 98 87 88 153 117 40 40 132 112
56 68 117 103 43 155 88 71 112 121 69 147 109 84 150 41 79 108 74 67 129 148 42 78 97 64 61 112 64 63 76 49 132 136 145 89 100 95 88 40 151 144 97 127 48 99 64 90 144 94 100 142 111 78 143 69 101 150 109 76 123 71 136 133 65 45 124 119 65 52 155 0 120 129 41 82 76 150 74 66
155 96 47 57 110 66 68 136 69 152 50 80 121 52 49 81 60 47 71 130 46 149 98 64 54 122 128 148 154 79 139 82 81 52 98 94 131 114 139 108 61 45 111 150 40 101 156 135 113 85 73 90 157 153 78 133 65 133 68 78 100 68 89 122 75 111 150 113 148 83 70 141 0 132 110 126 149 68 52 74
128 156 121 57 43 146 59 110 120 122 155 60 52 113 81 83 56 95 126 64 121 105 119 50 142 139 117 129 57 148 83 127 81 138 144 98 86 59 135 148 68 82 124 99 72 59 63 142 152 101 56 155 132 100 106 150 154 108 99 74 101 150 42 144 147 60 49 132 127 152 143 132 49 0 90 78 145 154 65 143
141 64 91 96 146 151 150 102 71 89 92 113 50 106 146 118 100 143 106 126 116 76 123 145 53 63 98 119 58 140 147 95 49 75 107 117 62 79 112 61 67 131 148 143 99 122 157 99 148 62 78 113 83 59 68 147 121 149 138 131 117 74 159 83 120 72 41 104 86 155 134 140 133 53 0 44 54 86 149 149
86 139 91 148 155 139 40 94 47 98 146 130 46 133 85 72 49 102 70 63 127 144 157 102 148 131 132 114 88 89 56 113 43 91 95 113 139 133 41 148 85 146 48 144 80 81 91 46 51 108 114 84 94 94 82 160 79 105 62 114 112 133 127 157 116 149 121 141 90 120 86 121 55 74 122 0 61 41 144 98
144 133 109 74 96 66 147 84 75 53 86 150 75 144 139 135 87 129 95 141 50 85 112 154 118 141 82 103 143 98 110 133 42 40 72 110 131 137 124 130 74 45 117 61 59 149 123 59 103 96 47 147 154 44 155 68 73 111 123 50 93 68 120 136 125 65 160 157 120 53 49 90 141 63 53 98 0 158 148 43
98 99 40 53 70 152 134 132 152 123 135 124 116 116 42 41 128 59 59 160 59 112 74 95 53 117 103 125 100 49 68 155 42 89 116 61 118 91 51 70 86 86 53 114 121 47 57 51 137 118 46 157 112 58 87 92 138 42 136 64 150 134 133 135 73 54 44 41 110 147 123 126 60 82 117 113 143 0 105 72
99 69 74 124 45 120 103 94 48 50 130 116 160 84 100 79 116 97 66 101 77 123 153 108 154 78 133 142 60 99 148 78 71 109 48 87 134 40 112 139 57 134 108 155 133 144 154 97 100 68 62 103 107 49 61 109 72 113 65 79 107 118 158 115 81 120 120 122 144 99 153 153 124 122 67 58 44 122 0 82
149 123 126 133 114 106 150 48 54 115 127 102 158 147 103 91 56 135 97 110 153 42 52 82 149 52 59 139 136 142 151 133 62 94 138 129 51 132 90 138 138 91 115 60 76 149 134 43 98 108 90 58 91 72 57 48 99 92 119 109 142 113 158 148 54 64 128 152 80 153 41 110 131 97 103 146 130 56 127 0
