80
0 17 10 10 11 12 10 8 8 15 6 17 17 15 16 12 16 12 6 12 6 17 12 12 20 17 15 5 12 6 11 14 6 20 13 11 10 19 12 14 15 10 8 18 8 7 16 20 10 10 9 13 19 18 15 18 17 10 20 15 15 6 18 8 12 9 15 16 17 17 11 9 5 12 8 18 11 8 10 19
0 999  238 399  53 122  258 348  174 294  139 241  156 259  108 269  139 412  137 227  224 425  245 361  116 321  277 334  207 429  156 208  95 344  160 246  130 252  140 349  257 531  267 556  66 352  103 387  215 407  264 534  211 411  122 279  212 247  207 386  238 338  210 241  293 364  156 401  208 374  286 322  119 362  163 301  167 414  310 602  231 412  161 343  136 218  91 132  176 365  163 197  173 248  208 307  156 225  170 227  183 222  151 340  217 421  266 553  224 443  201 249  157 301  127 240  229 426  84 378  237 464  251 370  150 232  199 429  122 192  183 471  256 424  124 386  97 247  171 313  205 472  184 222  247 527  124 252  204 438  147 201  179 404  91 176  107 259  141 227
0 152 41 123 147 78 103 86 132 114 137 110 110 125 147 129 55 122 115 102 138 133 42 81 150 151 71 71 105 152 160 58 135 96 68 151 76 75 99 160 145 109 59 63 66 106 65 160 86 91 72 97 134 157 108 129 112 53 117 47 133 128 55 49 64 122 146 106 92 90 70 77 154 81 145 74 131 72 100 75
42 0 70 46 53 152 64 78 111 62 134 135 103 75 89 76 86 152 52 149 138 44 142 48 46 106 119 80 64 98 110 114 90 152 74 128 42 72 62 121 95 103 143 79 85 150 111 83 156 56 75 144 77 135 47 84 103 124 45 69 56 138 139 136 51 53 61 149 153 135 40 113 58 108 69 154 111 123 160 52
118 119 0 71 41 158 76 160 54 96 137 73 63 53 67 126 129 151 63 58 123 104 80 121 88 95 97 96 69 136 112 75 70 126 108 41 141 124 133 122 103 62 128 127 72 81 47 145 82 88 64 83 81 137 134 81 113 133 94 100 134 59 150 80 160 46 83 59 40 41 156 151 116 101 44 138 113 123 106 73
58 77 118 0 143 145 67 113 44 116 45 74 121 104 77 48 158 143 92 48 85 71 41 123 43 53 54 51 72 122 87 113 52 109 69 49 45 102 155 158 61 158 131 148 67 150 106 86 41 144 125 136 111 154 147 61 140 153 71 54 119 57 79 59 122 78 103 122 41 56 90 158 73 92 118 69 152 63 58 93
117 146 43 69 0 44 134 54 56 73 42 63 47 40 83 131 142 42 51 71 153 120 95 103 151 98 128 109 156 117 157 76 110 104 137 51 52 57 137 129 68 98 77 97 103 57 84 83 128 106 147 123 152 81 141 71 105 118 139 126 69 66 155 108 71 64 101 61 49 155 156 98 129 44 103 102 149 74 99 58
113 137 48 65 118 0 71 150 118 132 82 78 78 69 77 95 107 73 148 136 138 153 91 80 112 108 104 80 110 66 98 116 65 142 45 130 147 146 151 127 41 113 130 78 148 128 89 66 88 46 91 76 118 113 117 108 106 147 73 77 88 134 46 111 101 50 120 71 84 71 105 99 109 133 92 90 151 96 147 62
75 100 65 49 139 79 0 152 73 126 109 156 156 135 110 94 144 79 51 108 148 90 159 130 152 63 154 95 47 120 148 55 95 103 80 50 105 89 69 116 143 44 60 93 119 127 44 148 52 57 126 59 71 106 76 108 78 115 159 47 153 119 91 94 100 113 83 106 65 43 120 142 142 121 114 61 109 83 97 55
90 150 145 89 149 90 123 0 85 100 111 122 83 52 93 61 120 113 74 140 105 87 58 73 113 130 158 126 157 66 157 86 68 148 73 51 105 71 87 135 157 47 61 150 150 131 137 68 131 108 96 64 142 49 47 136 79 113 51 145 51 111 47 124 135 54 108 99 47 106 127 79 94 80 157 55 90 154 47 72
41 146 72 122 106 92 125 46 0 86 150 68 159 60 71 103 98 130 116 74 61 93 124 99 105 88 72 42 48 158 42 142 140 117 120 145 146 50 85 135 62 97 104 116 71 144 98 55 95 66 100 138 154 64 119 142 102 57 41 117 58 153 125 141 140 53 50 108 153 143 102 114 132 40 53 106 97 155 90 137
77 101 147 74 68 110 118 71 73 0 44 70 41 127 96 148 42 59 74 131 108 50 141 142 73 68 128 128 94 98 61 159 84 127 145 123 152 148 138 160 90 141 97 41 90 134 50 50 127 69 127 156 89 129 116 112 100 102 150 63 118 153 155 119 106 62 122 75 41 116 125 74 42 97 51 135 154 117 52 117
147 91 136 42 122 145 118 154 65 70 0 146 71 145 67 83 69 160 149 155 124 54 151 129 70 90 141 45 108 72 63 95 126 135 87 104 100 46 77 108 154 111 82 124 118 43 84 110 104 146 59 112 52 85 51 101 125 110 123 44 122 87 97 82 116 107 62 62 47 158 135 70 157 102 139 112 85 129 71 129
95 102 119 124 60 62 67 141 121 55 151 0 91 156 87 117 160 156 93 129 117 74 108 127 106 159 126 67 122 53 129 148 135 160 158 93 47 127 90 105 129 87 117 96 84 129 60 146 57 75 95 118 112 143 48 66 107 157 121 43 82 116 41 77 53 125 62 74 141 138 149 72 103 77 103 109 131 157 106 83
147 158 109 69 93 107 156 44 108 79 140 84 0 155 86 89 152 57 46 121 44 137 55 80 74 104 75 55 50 70 54 62 99 66 43 82 80 41 75 144 80 111 123 92 122 76 129 114 157 118 147 49 94 124 44 81 83 108 57 121 73 63 137 67 66 82 132 97 160 104 90 135 104 130 125 158 62 120 100 123
157 128 50 151 132 56 132 53 127 158 152 116 127 0 90 141 72 124 95 124 99 128 105 91 150 59 159 55 84 55 144 146 107 94 81 123 96 147 74 83 66 88 114 106 74 98 70 123 122 78 152 134 122 85 122 139 54 43 149 41 94 119 136 140 151 149 103 154 97 148 90 66 123 74 124 63 157 42 133 103
121 116 152 89 76 108 48 119 160 75 135 84 150 158 0 45 113 66 90 106 153 68 56 110 48 108 41 93 131 154 65 102 113 119 153 87 80 101 158 75 142 106 148 46 127 103 58 160 55 103 100 41 62 67 127 50 143 63 106 109 148 124 114 108 157 152 84 133 105 136 83 51 144 141 94 56 49 113 157 139
84 50 111 113 126 145 110 119 139 78 153 66 91 85 63 0 46 119 142 125 73 111 106 137 106 90 111 59 116 159 45 60 70 160 86 130 55 61 106 112 78 119 150 74 49 95 136 154 43 133 160 107 56 99 157 125 71 153 93 97 149 157 135 144 55 120 83 68 155 104 106 123 160 159 103 156 88 119 157 128
108 146 103 126 122 134 64 136 125 86 65 46 127 134 142 124 0 49 144 111 87 126 118 73 127 134 126 135 52 62 150 79 140 108 125 158 87 157 92 75 102 140 100 154 106 150 67 142 89 83 54 155 122 57 122 150 105 158 76 50 65 57 80 130 94 144 55 42 101 62 144 56 61 99 99 110 132 63 157 90
125 63 58 100 51 149 90 95 99 49 148 42 112 108 123 83 105 0 74 128 141 139 75 62 108 112 48 99 51 154 143 148 46 145 130 50 92 149 52 152 124 121 154 91 54 134 136 87 116 118 80 78 75 49 45 72 85 105 41 52 133 111 147 55 59 48 145 69 43 63 97 81 58 68 43 150 61 130 53 49
76 87 82 127 134 100 65 119 146 81 144 74 119 58 116 40 122 82 0 57 123 129 42 146 48 67 132 69 106 154 117 158 73 115 102 42 110 102 92 154 70 141 137 126 157 76 70 109 81 45 160 126 135 149 52 47 122 126 92 44 116 149 154 101 94 48 136 82 135 142 95 125 56 133 101 123 106 81 76 45
154 95 78 50 85 123 101 148 141 120 81 111 114 45 91 79 82 74 43 0 95 112 70 135 55 69 51 128 117 143 149 150 56 86 73 61 91 74 110 73 103 122 127 47 154 91 119 113 107 137 91 156 76 81 99 104 156 44 159 106 87 126 129 127 71 76 68 71 118 54 91 81 100 71 141 140 103 64 156 56
82 52 133 115 148 115 41 141 156 79 130 130 70 43 122 67 92 160 130 50 0 79 150 64 123 119 67 72 136 102 91 80 148 99 79 142 41 114 58 95 51 154 118 146 73 125 50 52 87 95 130 135 107 53 154 108 156 89 125 119 54 129 69 101 159 158 98 155 134 55 64 48 83 111 88 107 120 47 151 97
78 110 125 140 154 127 147 124 43 72 145 45 97 71 138 118 131 136 126 94 65 0 133 104 148 71 78 152 107 46 43 149 102 68 136 80 76 50 132 78 124 131 49 86 91 147 123 66 131 79 66 99 52 141 123 114 61 88 94 149 150 119 85 106 89 159 48 65 149 142 156 105 126 72 87 156 68 132 96 112
126 130 57 146 75 57 46 69 56 62 112 129 110 97 83 151 159 146 67 81 52 98 0 135 125 88 78 118 75 59 64 116 55 96 157 98 152 116 58 97 84 45 146 119 55 130 108 61 152 67 82 91 110 151 83 98 86 99 139 150 143 124 99 68 68 94 68 56 73 152 40 54 48 70 66 146 43 84 148 40
112 102 45 89 86 120 87 117 67 54 71 95 80 109 104 126 157 78 54 43 98 132 95 0 124 110 118 41 131 152 43 82 146 110 49 129 124 136 150 52 120 88 160 146 64 130 160 130 142 58 140 49 95 79 67 157 62 53 110 106 96 50 138 92 160 46 129 71 141 75 116 159 119 96 139 129 108 125 124 125
48 147 153 132 85 143 138 53 109 156 106 42 70 66 144 82 95 44 94 105 68 135 117 80 0 85 156 133 128 154 78 158 72 57 124 71 109 118 85 65 49 56 50 134 127 108 124 152 84 75 115 127 134 153 122 144 130 109 86 124 114 40 154 70 61 132 117 155 78 59 59 60 115 156 77 138 116 123 149 124
127 156 106 89 124 68 146 110 50 66 44 99 155 78 65 140 106 104 149 102 158 145 65 107 128 0 100 83 61 136 140 41 127 109 53 140 110 61 106 115 108 102 66 126 144 148 81 123 90 116 48 63 46 70 157 124 143 136 83 137 129 90 63 48 105 45 113 55 115 97 153 128 95 44 68 144 154 150 133 116
144 58 86 149 60 138 135 48 87 126 65 90 54 51 146 78 111 71 153 101 80 122 144 51 91 142 0 76 136 144 134 115 160 126 135 136 74 81 139 125 43 145 49 71 98 77 120 85 95 86 131 72 72 41 53 44 66 49 41 160 99 108 69 56 92 146 67 41 126 122 104 110 147 142 78 89 61 108 51 146
140 60 142 43 149 112 111 141 87 99 52 78 87 86 100 46 52 103 97 121 104 69 160 76 73 144 73 0 138 145 110 120 143 143 88 43 103 69 130 54 143 47 68 121 78 44 63 105 129 44 87 103 78 69 87 68 137 40 151 155 119 57 160 137 83 78 59 79 157 96 137 155 158 158 86 129 66 75 71 120
103 160 156 95 125 45 116 143 153 130 154 144 137 78 68 41 62 81 122 40 110 128 45 108 62 156 151 72 0 70 154 44 58 70 91 60 115 123 141 92 126 115 148 61 43 126 139 66 97 42 82 149 53 47 101 149 75 139 77 61 51 127 132 75 132 68 89 126 121 43 122 67 48 42 78 115 108 157 95 88
111 55 125 154 42 70 61 106 55 69 85 58 60 135 89 145 66 150 99 105 82 125 70 76 95 159 107 56 157 0 139 105 114 65 70 157 76 77 139 96 98 122 142 79 45 66 119 46 62 71 148 70 140 107 80 75 73 157 104 106 97 144 95 40 155 138 84 140 67 73 46 116 69 53 146 111 52 64 84 92
63 120 142 109 91 97 68 125 129 134 94 152 98 114 134 133 91 81 135 46 76 118 119 126 126 108 116 48 126 42 0 65 57 48 64 116 76 56 148 89 95 77 139 58 141 49 83 61 158 149 134 117 100 41 139 89 83 67 149 113 46 98 69 67 113 59 117 97 40 92 105 136 78 96 157 128 58 53 83 147
87 135 146 143 49 127 94 57 54 107 138 77 100 159 84 122 132 106 112 130 61 102 141 47 66 54 118 131 97 94 111 0 158 74 159 132 78 81 55 70 118 102 53 120 120 142 138 67 104 75 96 79 133 121 51 44 102 154 119 72 86 86 43 74 69 85 145 71 54 117 44 75 138 106 48 106 51 89 103 147
155 155 154 115 129 142 42 92 55 88 135 151 109 79 104 76 141 133 102 46 159 150 154 42 94 84 80 110 82 148 77 95 0 142 131 122 124 86 53 83 57 154 67 155 88 91 129 79 64 122 43 41 60 67 140 92 120 71 132 62 68 96 54 147 104 92 131 141 101 106 86 113 64 128 88 116 135 108 139 95
127 57 96 96 88 128 118 150 75 43 111 157 102 103 121 130 138 63 98 88 57 94 79 68 100 94 58 141 120 94 151 59 41 0 71 52 154 45 136 122 128 145 73 155 123 99 135 146 43 79 48 137 124 96 120 87 61 140 95 121 143 112 80 130 82 139 84 57 145 138 103 99 59 60 91 106 46 55 67 70
137 113 85 49 108 158 112 83 72 115 143 109 127 89 159 40 43 93 44 144 159 64 47 123 73 108 159 160 44 140 48 148 105 45 0 119 111 149 133 72 150 99 126 102 63 76 96 152 108 134 115 63 110 64 62 148 123 124 45 55 42 139 69 99 158 127 110 146 49 158 49 123 110 152 103 98 53 56 55 58
145 68 99 156 139 76 147 119 99 146 43 40 99 102 157 152 61 45 104 160 149 144 153 140 108 102 59 67 69 121 150 144 141 140 65 0 137 116 150 149 88 83 148 158 144 149 158 92 146 76 70 149 62 96 145 43 52 115 116 114 136 100 100 158 61 93 116 121 115 149 71 94 95 88 52 157 56 41 130 144
79 146 112 141 71 113 93 91 60 65 131 61 133 112 57 43 118 120 139 152 104 152 86 107 104 58 40 160 129 81 83 42 151 117 50 65 0 139 57 84 89 58 137 136 110 47 63 67 56 40 160 139 40 91 150 62 90 158 73 139 142 120 142 46 136 155 58 152 103 100 77 51 64 87 110 126 40 54 109 86
125 98 76 80 85 113 69 97 55 121 93 78 98 88 61 92 107 60 53 137 113 64 133 78 43 116 98 75 145 103 108 136 109 124 119 43 95 0 91 62 41 79 94 115 144 112 158 88 40 87 152 113 70 45 137 62 67 155 157 104 102 67 48 146 156 160 62 51 145 88 106 98 125 120 151 121 138 104 150 93
146 54 108 124 151 134 155 86 150 113 141 85 58 51 67 46 71 105 97 40 144 116 59 157 56 43 75 126 95 129 41 47 123 68 102 79 58 74 0 75 107 80 64 145 95 49 51 103 126 93 149 55 141 92 43 60 42 60 158 57 137 86 145 153 92 54 134 103 53 95 130 151 67 127 105 41 112 90 120 127
71 153 146 108 155 77 68 139 160 69 124 111 115 102 96 66 75 133 93 61 84 93 43 70 87 146 82 147 148 114 59 98 89 96 131 93 154 120 59 0 123 98 111 127 98 104 114 92 108 65 99 137 74 58 123 83 117 107 144 89 137 94 139 104 82 67 75 57 42 78 114 82 111 79 140 122 141 135 50 83
148 101 157 43 146 99 80 137 75 126 112 149 43 105 108 111 56 54 87 130 158 50 43 47 77 51 76 148 145 83 116 96 44 76 118 135 138 109 119 42 0 98 131 98 42 93 145 73 115 49 69 157 62 81 77 65 129 88 143 97 40 96 103 112 70 110 69 136 109 53 130 91 74 133 123 149 69 102 158 62
48 71 95 147 100 72 118 159 76 49 60 63 61 149 45 64 112 64 124 119 153 128 85 114 139 54 55 90 116 107 159 58 102 118 64 120 59 75 129 142 141 0 143 66 122 144 143 89 97 103 63 140 125 139 40 110 101 44 159 83 129 149 147 154 41 89 86 60 91 126 147 46 128 114 61 152 116 96 73 122
159 53 131 131 64 73 79 122 120 70 146 69 118 49 41 102 157 127 79 64 62 71 91 135 141 57 71 101 88 85 153 43 46 108 127 73 106 125 64 107 85 117 0 48 122 73 116 54 81 54 120 109 131 48 112 87 154 146 132 156 66 123 120 45 160 118 147 64 122 62 50 131 51 102 45 148 133 61 146 66
151 144 60 120 96 130 81 70 146 150 153 43 84 65 151 78 129 56 62 67 61 136 66 79 111 119 73 119 105 146 90 153 147 116 130 121 85 99 47 103 124 135 49 0 130 55 78 137 66 155 97 79 49 118 65 51 157 126 43 88 118 124 72 43 53 100 60 42 138 77 100 61 156 153 47 57 75 86 146 56
89 78 123 118 134 75 118 141 79 66 45 79 135 54 70 119 134 65 76 101 43 70 140 151 90 62 71 83 129 49 96 45 119 66 55 138 78 149 128 106 43 58 117 43 0 80 107 138 56 152 126 45 56 119 110 45 68 84 154 94 74 46 106 94 52 138 116 155 105 131 60 43 104 105 108 130 66 125 140 156
113 155 134 154 94 131 130 54 98 132 152 72 88 136 52 62 133 88 91 83 41 72 112 82 98 97 102 156 67 86 92 71 84 103 119 97 100 40 49 84 100 128 40 143 58 0 93 94 117 128 48 51 127 44 136 45 121 116 73 132 151 106 79 71 155 58 42 43 107 90 55 44 89 71 149 151 57 57 152 144
74 100 89 62 145 86 69 108 40 130 45 124 109 122 128 86 146 60 73 95 103 46 74 156 96 42 43 133 157 110 145 131 155 137 146 129 70 101 78 59 63 156 130 135 89 158 0 130 56 80 67 88 130 50 110 61 41 128 49 40 56 128 60 65 48 91 101 47 148 72 112 65 152 128 136 136 129 47 146 146
52 123 151 108 118 123 104 126 119 143 131 121 80 122 113 106 42 71 112 64 148 148 93 66 60 69 65 63 68 83 117 153 46 104 157 112 66 129 156 50 109 153 123 108 127 75 142 0 159 85 152 75 128 57 128 49 142 86 158 53 103 90 45 91 92 45 43 61 143 108 107 91 117 107 47 64 129 56 97 160
50 155 125 140 137 80 116 100 72 85 62 147 126 82 99 45 95 99 79 134 98 119 79 50 60 82 72 43 99 65 63 56 80 70 73 146 70 108 44 52 155 70 119 130 102 149 67 122 0 126 48 47 89 44 113 150 93 113 61 82 45 110 137 115 83 112 97 60 109 107 73 49 155 146 74 57 113 75 42 94
101 127 84 132 65 51 160 53 48 121 57 104 64 116 94 137 84 119 97 104 69 89 121 127 152 59 146 135 81 114 72 69 61 139 142 149 118 98 49 111 131 40 77 106 87 94 154 147 158 0 154 98 108 146 105 142 76 56 105 41 152 69 95 155 43 81 42 77 100 141 99 128 150 91 159 139 100 42 88 96
122 121 51 133 64 146 118 118 91 45 153 159 147 145 132 131 136 77 105 59 90 143 140 66 151 154 112 95 146 51 105 121 91 44 62 84 63 113 51 89 115 124 135 136 85 140 99 90 147 44 0 129 84 116 45 45 64 127 115 65 85 160 83 86 121 91 40 101 52 130 41 59 63 123 116 113 84 152 93 84
77 79 61 106 45 111 54 98 108 149 128 147 65 68 106 43 84 108 117 146 57 49 93 137 71 61 47 125 149 143 66 49 142 46 149 126 86 56 119 93 121 55 56 85 92 139 158 101 41 69 128 0 41 44 45 79 128 77 115 103 146 88 116 86 67 153 160 45 117 94 141 89 54 123 75 52 93 142 99 156
123 115 54 77 145 132 52 85 57 109 59 57 55 115 99 102 63 90 96 106 145 66 99 160 119 124 83 92 144 76 100 72 141 128 138 86 82 41 153 100 155 141 49 56 110 59 158 121 40 74 109 125 0 44 114 84 64 152 104 50 123 103 122 47 77 90 54 104 55 151 99 124 75 110 152 125 50 112 146 137
61 136 73 62 96 92 150 140 111 128 53 79 75 152 76 116 137 61 64 63 61 111 78 57 104 58 71 106 145 99 88 65 47 65 116 57 70 131 43 54 113 117 68 52 117 156 45 115 86 43 80 142 76 0 77 42 149 105 59 82 125 141 159 121 118 94 73 139 82 101 102 140 68 131 73 55 56 148 40 130
150 58 106 41 127 153 123 137 135 49 58 143 55 52 128 68 119 103 95 67 88 115 61 47 115 108 76 133 126 71 133 123 109 53 80 48 151 103 79 113 106 105 90 100 136 116 108 157 80 100 155 146 131 71 0 107 154 141 131 137 98 99 122 54 55 95 156 154 42 70 95 107 119 71 80 49 101 83 75 109
112 93 139 57 148 94 114 138 106 57 132 116 135 110 80 153 119 98 130 47 142 62 74 89 113 94 41 85 71 41 86 45 104 114 159 126 151 88 103 56 112 131 148 120 160 61 146 45 119 122 107 76 99 158 130 0 97 137 65 111 83 69 60 83 91 160 156 109 134 99 147 145 112 132 131 114 69 42 77 149
110 112 137 47 104 73 79 77 140 56 66 137 140 98 109 124 158 49 147 156 41 158 81 129 96 132 70 102 42 153 138 92 66 110 84 129 96 67 47 73 122 51 117 153 145 74 114 75 70 134 76 90 143 48 89 69 0 69 115 107 116 45 155 88 105 57 47 121 141 78 106 42 49 152 152 40 110 127 108 80
101 61 144 88 79 108 40 73 100 60 41 59 56 106 128 53 92 142 89 108 86 142 40 100 94 107 75 84 125 146 145 60 44 101 96 104 113 77 107 43 89 117 154 133 71 100 69 45 73 108 122 47 45 160 157 134 130 0 66 130 107 44 137 83 87 127 41 93 48 64 116 62 157 62 71 80 100 157 99 110
128 50 125 93 149 88 40 46 57 121 117 97 93 63 43 116 84 52 63 86 56 103 80 104 120 90 60 151 125 86 52 151 125 152 82 141 111 93 134 158 77 95 100 124 104 159 96 40 84 66 126 107 42 138 132 40 88 72 0 103 152 158 53 64 144 75 79 120 122 134 80 47 126 130 40 124 110 137 90 127
96 64 88 116 55 93 135 83 157 123 153 63 159 50 90 78 137 48 144 100 71 159 101 54 128 143 44 114 152 51 128 123 125 80 45 41 66 130 121 49 78 83 87 155 142 117 157 44 55 132 156 57 87 74 135 125 52 92 61 0 68 98 115 92 47 110 84 43 62 119 156 79 49 84 60 55 96 75 80 125
107 153 68 63 154 129 95 140 45 55 148 115 86 74 66 159 89 132 56 48 127 46 83 51 54 157 97 76 114 47 75 141 101 97 117 75 159 40 45 81 156 111 92 128 111 132 131 105 129 107 93 78 44 55 133 92 137 55 114 96 0 139 152 68 83 106 75 130 73 137 157 136 87 117 146 51 101 62 138 110
74 51 132 132 93 94 142 89 145 74 123 114 110 117 131 121 102 109 124 48 155 104 59 86 153 93 63 71 113 144 51 68 144 44 126 154 136 82 61 87 86 150 150 114 54 103 45 128 145 50 110 105 76 73 83 81 147 118 106 146 51 0 86 158 111 153 57 135 102 103 75 74 98 141 76 66 69 74 107 49
125 58 78 132 137 65 59 84 111 123 137 154 78 120 129 41 86 123 70 68 131 93 46 152 122 123 154 113 77 113 153 123 49 50 97 65 99 82 116 82 151 112 45 58 65 89 100 63 63 115 104 62 142 83 87 135 44 42 127 105 160 151 0 156 41 113 48 86 83 94 107 136 48 120 92 48 111 130 66 130
141 53 48 85 138 131 144 140 73 117 143 118 93 109 58 75 121 151 122 73 80 83 68 63 114 127 64 42 87 100 128 77 89 94 84 155 110 138 124 135 60 129 71 113 108 90 44 157 88 65 95 154 88 93 86 157 67 50 53 47 45 69 50 0 76 88 85 128 68 137 47 160 84 123 153 124 118 100 111 156
144 88 45 82 156 150 110 147 127 86 48 45 64 103 67 85 54 144 88 82 66 99 132 45 68 124 63 106 100 113 122 68 96 117 144 95 89 77 144 93 102 53 98 146 119 68 116 45 86 149 44 49 130 73 117 149 146 121 143 152 70 90 62 109 0 82 80 96 109 50 122 154 91 49 64 78 129 82 106 59
65 71 60 44 66 58 52 151 64 116 109 139 59 65 119 41 41 100 50 71 99 45 125 158 93 140 118 153 127 80 51 132 75 78 119 69 83 56 83 78 43 153 154 134 151 142 93 132 160 132 60 99 153 136 86 82 101 44 104 99 106 114 123 144 45 0 48 155 121 98 98 67 135 101 131 40 94 149 47 61
87 62 134 92 120 40 135 143 87 113 53 150 63 113 133 62 152 156 93 149 119 144 97 91 59 90 97 79 151 103 135 47 58 134 110 81 70 149 52 46 126 62 140 53 57 82 145 105 82 151 94 138 108 108 103 154 152 142 87 88 150 145 139 113 142 122 0 93 58 90 131 44 70 43 159 138 110 138 152 157
92 115 126 146 146 127 85 74 74 86 104 47 107 147 127 62 124 126 103 64 124 96 129 123 56 106 97 147 153 90 47 97 119 134 81 152 85 94 67 141 135 137 47 122 87 102 157 41 48 88 101 74 97 83 140 139 157 72 130 148 75 119 129 100 96 95 94 0 153 47 61 149 50 62 158 144 69 76 43 134
112 97 123 60 111 87 85 137 105 85 55 76 137 70 44 124 152 87 63 73 68 62 126 61 90 79 91 79 137 132 118 150 121 114 43 134 132 151 50 123 54 72 110 131 122 70 113 74 157 43 73 52 122 103 156 56 86 114 41 89 46 151 40 75 113 96 82 104 0 155 107 159 129 118 58 96 124 46 148 117
98 75 134 98 106 49 47 71 112 87 108 121 110 80 135 93 127 73 60 78 121 106 48 124 148 130 111 153 53 98 57 66 112 91 78 79 66 108 122 140 149 114 133 122 62 80 57 130 158 57 100 149 123 126 136 92 145 118 156 142 136 143 52 88 145 105 61 66 115 0 59 43 143 53 47 147 136 139 41 110
41 103 55 94 40 133 127 146 59 135 92 84 61 71 160 85 78 90 56 124 83 153 72 94 85 97 92 78 112 75 120 117 109 159 64 99 66 88 70 62 131 140 132 115 139 103 46 134 91 44 142 126 95 47 55 115 115 146 48 69 130 56 124 51 89 51 71 141 71 51 0 93 72 100 145 64 42 113 119 110
125 106 64 96 119 109 88 73 125 62 149 43 142 88 101 102 133 51 68 122 140 137 40 64 118 46 134 78 56 154 95 131 157 117 105 67 153 62 75 143 151 129 145 75 119 90 82 68 157 82 121 148 160 137 151 122 90 108 70 56 160 69 53 152 67 62 158 95 76 118 131 0 147 78 42 132 68 101 45 117
159 78 153 141 128 81 130 48 97 127 108 72 115 132 44 129 76 98 136 98 97 118 74 64 129 75 96 115 133 136 132 106 126 47 46 44 157 108 149 109 65 62 154 110 137 82 64 150 46 79 104 154 155 53 117 70 117 52 41 110 129 139 146 143 72 150 41 131 70 80 108 55 0 149 143 124 158 142 103 112
119 63 130 128 158 124 145 103 108 117 87 141 67 58 138 142 57 136 113 139 64 104 91 141 151 134 130 143 152 93 103 89 105 118 153 57 137 41 47 154 40 153 146 128 72 159 87 155 97 96 117 132 137 47 122 120 86 146 76 150 45 114 86 112 136 132 87 135 64 81 152 129 151 0 155 68 69 114 77 80
114 42 67 41 127 44 118 144 75 76 42 142 97 69 159 71 116 121 126 42 120 94 57 125 103 138 51 102 63 133 51 80 141 102 130 103 91 156 114 98 132 77 69 127 150 146 53 101 160 113 49 70 50 160 89 152 150 119 47 98 119 72 63 69 150 109 104 145 49 149 68 134 77 99 0 99 111 93 102 77
120 140 101 91 97 57 53 112 88 97 97 54 119 157 152 114 97 109 64 43 90 157 79 118 50 124 65 81 89 82 64 96 70 57 136 67 88 113 65 67 142 56 94 106 44 131 140 105 93 130 58 118 52 153 105 80 155 48 137 128 92 84 56 125 131 114 134 114 127 95 48 79 77 145 58 0 77 78 70 149
139 74 85 43 123 65 64 45 68 110 119 68 158 48 150 157 58 124 152 61 100 140 117 90 101 121 159 61 101 156 41 126 64 117 40 94 76 71 159 154 93 124 107 65 75 64 156 103 127 65 158 135 152 114 124 96 50 40 43 130 118 154 139 70 90 131 116 128 54 145 51 61 125 149 160 101 0 77 150 114
138 66 131 80 137 71 111 131 92 41 42 41 158 53 76 149 71 83 133 101 152 143 68 131 43 85 110 72 138 60 61 48 116 71 126 127 134 41 76 68 51 107 52 121 139 81 58 52 107 108 71 82 44 157 113 62 160 124 129 156 92 64 139 142 101 58 129 157 55 151 157 68 115 96 58 111 89 0 126 114
40 48 58 120 46 89 66 92 66 108 95 41 84 157 102 148 90 125 69 83 59 160 96 160 77 110 147 107 41 64 143 156 73 78 132 95 74 135 75 121 47 117 126 43 113 115 41 148 111 117 97 102 40 62 140 87 110 83 133 143 144 69 85 159 153 132 57 154 125 100 144 40 66 149 41 133 122 48 0 84
124 93 121 86 115 50 99 158 122 153 122 132 41 76 73 150 72 77 119 60 143 157 41 71 54 137 113 125 62 99 146 58 140 128 135 42 69 150 123 126 59 84 96 125 143 100 88 48 59 47 155 81 84 96 116 63 119 140 97 83 54 100 93 71 125 105 46 141 155 89 85 137 117 77 128 71 79 98 131 0
