80
0 18 20 11 18 19 7 17 12 6 6 13 17 11 16 15 17 20 13 6 11 7 17 8 12 13 6 13 17 6 7 15 14 9 11 11 16 7 10 20 20 10 14 6 15 14 9 13 10 14 15 5 19 19 17 12 9 12 19 15 13 18 19 13 8 19 7 12 13 12 9 13 10 7 5 11 7 18 19 20
0 999  217 431  199 332  257 490  224 284  136 430  271 479  160 246  152 198  162 370  171 243  232 357  220 362  75 280  262 307  140 331  78 355  126 373  272 386  173 273  243 441  165 229  243 306  162 364  95 169  187 306  240 466  62 190  128 370  204 496  271 469  123 221  280 342  201 463  86 202  134 382  217 480  82 278  112 153  187 374  275 393  183 219  250 506  113 399  260 309  215 491  171 347  146 214  156 275  98 186  159 290  154 331  194 243  225 470  214 308  216 423  179 439  195 481  139 351  147 412  276 427  285 359  274 343  239 436  119 227  246 328  80 138  189 446  285 510  130 161  249 548  141 350  171 319  151 422  201 366  64 204  105 395  185 357  165 275  178 431
0 107 46 147 104 121 156 116 75 92 150 72 74 52 158 135 48 48 134 121 131 127 87 95 66 116 121 41 75 76 114 43 157 154 47 118 144 69 74 103 120 75 90 43 141 99 48 105 98 85 131 61 159 75 126 100 88 106 100 124 144 125 125 120 94 97 48 103 132 82 131 116 96 120 116 48 47 151 137 139
73 0 117 115 64 148 133 67 149 157 65 61 145 118 127 45 42 100 142 152 143 86 102 40 139 56 101 127 86 130 104 91 147 150 69 109 49 128 149 89 110 75 79 108 76 158 82 74 69 41 47 44 93 67 68 104 145 72 77 106 85 77 84 117 132 158 105 111 160 149 154 43 97 110 86 132 58 47 43 107
85 72 0 150 100 159 155 128 128 123 142 114 141 118 146 105 143 92 155 53 157 85 108 119 106 49 45 124 125 114 129 138 82 84 110 57 150 146 152 150 50 93 66 52 44 96 122 115 90 46 68 156 41 96 85 140 92 45 87 106 83 63 51 68 110 142 76 75 160 89 106 73 65 94 80 100 83 107 151 69
139 72 133 0 85 128 74 127 59 124 98 93 67 47 142 67 135 41 110 115 121 121 154 149 108 159 143 102 159 59 111 112 50 125 107 152 97 148 96 98 116 126 45 99 111 48 113 105 57 85 94 108 60 137 133 51 111 78 59 155 134 105 93 105 160 120 57 144 70 51 42 129 130 86 42 55 85 122 74 62
158 100 128 83 0 116 120 88 87 83 101 73 92 96 99 110 158 118 67 103 57 103 114 66 81 98 82 122 142 106 109 108 138 61 81 160 135 112 95 98 62 131 107 159 54 98 81 58 59 46 44 112 96 50 77 157 113 122 46 112 90 100 160 64 106 138 57 108 75 146 138 56 123 113 48 75 53 105 98 142
76 84 51 42 135 0 109 113 141 145 108 68 110 119 97 129 117 136 120 119 72 133 110 90 84 87 124 55 75 131 57 43 95 138 41 61 59 49 58 101 72 117 71 74 157 47 65 148 43 43 114 136 110 78 123 146 64 80 101 122 85 113 87 155 75 146 48 43 43 155 70 146 47 145 141 118 78 54 140 109
160 76 145 72 63 148 0 69 67 126 87 79 43 94 42 132 134 112 128 131 52 83 145 124 140 101 45 113 85 96 71 66 107 145 143 130 131 144 116 86 108 127 148 154 78 154 76 155 138 46 48 158 69 119 156 56 68 114 130 79 69 50 128 48 119 150 148 57 49 92 90 103 96 119 58 79 122 121 137 83
110 87 123 61 99 48 56 0 157 128 142 62 111 53 112 102 58 105 138 141 132 139 113 40 136 142 75 98 129 81 49 155 138 154 136 55 100 54 115 55 49 131 141 123 72 43 146 91 51 88 142 83 77 85 138 48 41 93 150 132 104 106 160 142 101 45 154 99 158 130 149 158 116 127 149 89 83 102 121 132
85 144 156 121 108 40 141 118 0 131 101 110 154 44 140 44 80 157 135 82 67 116 41 139 129 121 120 103 123 129 104 118 147 157 88 156 40 59 136 47 147 62 149 87 83 40 126 41 112 132 61 55 106 155 140 101 76 153 58 129 90 58 130 101 131 120 53 63 69 57 65 55 60 46 87 157 100 99 77 75
110 108 113 125 79 122 73 65 97 0 156 81 158 62 103 45 144 130 79 121 156 125 151 75 81 66 89 94 128 114 40 63 90 101 119 146 73 68 87 88 153 71 75 128 53 94 51 97 152 53 74 89 78 156 159 155 101 157 113 82 159 160 81 51 51 59 94 55 68 51 101 118 105 46 85 134 154 64 51 106
52 151 156 115 138 86 117 155 147 76 0 151 135 102 46 48 97 114 130 136 75 74 113 159 66 140 112 158 144 53 100 133 151 106 135 113 96 85 93 145 86 152 152 158 45 43 134 48 111 40 99 64 67 59 154 117 113 101 134 146 139 147 133 86 95 135 127 97 132 106 76 117 79 156 90 141 158 45 119 56
102 125 112 67 68 98 49 98 124 132 116 0 75 150 45 74 111 121 137 103 79 42 160 126 48 66 158 76 94 123 144 65 52 95 158 157 112 109 79 151 159 136 146 139 88 93 66 111 110 143 156 132 133 120 101 143 105 137 159 142 68 125 98 68 96 59 130 80 56 58 135 67 94 104 148 96 72 117 118 158
56 56 98 142 119 71 76 91 106 130 63 40 0 125 48 51 124 69 67 96 158 100 44 42 48 85 148 69 97 46 132 127 111 119 135 88 117 83 121 51 151 117 49 73 108 44 158 64 139 69 92 56 64 67 96 88 50 157 76 157 117 64 73 54 145 95 143 55 132 53 133 93 157 110 139 140 118 75 74 138
133 160 107 53 160 63 149 155 69 60 105 72 135 0 71 85 46 85 141 126 71 155 160 148 148 55 116 104 112 121 152 58 128 53 51 119 111 129 83 101 115 134 137 146 121 139 113 146 60 145 136 137 73 151 53 140 50 150 79 42 61 133 142 97 51 145 132 160 97 82 92 127 57 117 58 42 81 76 97 123
128 109 44 106 128 86 123 121 133 159 96 67 63 151 0 51 143 112 121 87 151 87 45 154 83 79 66 76 118 42 123 115 94 133 136 143 58 62 108 146 58 101 93 84 149 113 51 52 49 150 60 67 113 46 135 48 40 55 152 125 117 158 155 80 43 118 126 137 55 62 42 100 153 77 117 138 50 137 88 74
129 58 105 148 93 106 68 115 79 136 107 103 62 121 102 0 107 84 105 100 54 108 157 98 62 159 125 97 73 52 112 102 151 93 48 103 50 143 75 51 74 115 117 151 119 108 126 101 147 141 53 110 140 89 142 85 105 73 125 147 120 152 68 98 130 80 143 91 78 51 68 145 110 92 145 130 146 67 122 47
160 72 111 86 67 60 129 131 136 121 147 88 84 50 72 132 0 141 135 132 108 92 72 159 68 116 109 75 150 141 159 63 73 106 71 84 92 110 45 94 121 65 94 87 75 48 115 143 133 95 108 145 41 95 100 138 99 57 54 117 63 45 100 88 136 159 137 113 63 44 70 107 116 125 120 136 61 83 56 120
43 144 48 122 62 118 76 53 76 123 111 142 105 57 115 116 42 0 48 132 139 79 151 151 66 104 50 53 128 86 72 113 133 75 121 117 133 145 129 104 131 81 128 91 51 148 85 63 132 115 156 130 143 111 159 49 87 145 99 42 87 139 145 103 62 132 108 64 92 147 40 160 120 146 160 64 57 63 145 134
139 108 108 80 70 101 108 51 66 42 137 121 57 114 41 155 103 98 0 78 45 54 77 90 154 126 80 151 126 101 118 105 89 106 109 90 89 135 158 127 95 102 148 157 103 126 50 79 160 52 149 47 69 73 102 154 142 131 49 135 112 128 122 131 44 81 64 154 128 61 158 143 142 114 67 74 113 71 112 101
147 135 139 152 85 71 124 118 140 70 125 136 64 121 54 42 61 101 120 0 96 134 101 46 120 83 115 53 72 81 96 52 154 114 146 95 131 91 109 146 64 127 62 132 51 110 67 149 123 45 117 111 135 83 151 69 40 77 115 115 112 125 113 88 113 50 147 104 58 62 100 148 89 131 123 118 155 48 101 143
63 143 128 69 40 60 160 42 134 66 100 96 155 80 137 133 116 116 113 58 0 74 159 145 46 134 100 123 143 144 114 88 126 55 91 64 125 85 106 151 151 116 42 157 115 141 73 53 73 135 62 72 131 140 103 148 131 73 83 121 147 157 123 54 139 147 41 134 45 156 109 137 150 139 142 150 71 82 138 67
54 133 94 143 40 71 54 132 66 138 133 111 91 69 133 118 94 146 50 131 144 0 114 151 135 113 149 133 153 66 46 69 94 51 82 87 124 157 92 77 46 52 145 72 84 64 52 63 141 69 160 130 85 147 150 56 52 83 100 114 115 140 107 148 44 87 63 129 43 160 68 127 88 155 148 57 72 115 145 137
75 94 152 107 47 150 94 129 149 86 51 100 152 128 146 96 135 76 98 72 47 158 0 129 56 143 99 73 128 43 67 55 43 87 105 111 60 50 124 63 51 51 96 43 107 123 123 90 128 144 138 102 81 60 128 48 134 91 79 113 144 79 117 94 128 152 62 159 127 110 43 44 153 42 76 116 119 127 160 45
96 109 118 91 40 144 136 112 130 48 41 115 127 152 77 144 149 125 55 93 121 90 129 0 134 155 102 84 140 149 50 97 106 90 113 133 71 121 70 144 131 42 105 71 137 56 86 67 114 49 157 98 88 113 152 154 112 108 89 148 151 91 60 98 110 130 138 89 144 89 61 63 148 60 149 142 88 53 72 62
123 88 85 64 149 44 63 54 136 155 82 87 62 134 88 86 133 82 99 56 40 113 159 134 0 69 72 57 92 71 127 100 82 98 73 81 112 155 123 98 115 148 108 72 85 82 120 41 64 55 65 150 61 91 137 144 56 66 105 134 110 121 70 136 158 135 64 55 155 100 142 45 152 50 108 153 92 95 105 91
44 113 87 125 156 140 142 110 143 141 61 152 134 53 48 77 143 70 42 125 145 84 47 48 85 0 58 155 131 125 94 87 136 129 125 120 71 81 129 150 114 106 54 78 103 90 147 107 101 132 61 134 109 66 119 102 144 102 125 114 49 61 152 109 147 78 64 118 91 111 41 83 62 122 83 100 85 148 79 62
95 77 115 131 69 46 104 151 85 96 133 142 129 117 41 76 95 101 56 80 130 72 62 62 122 108 0 154 134 93 50 73 95 71 160 51 120 98 156 97 73 144 90 115 111 139 160 158 72 109 113 144 125 127 98 94 67 70 116 87 147 117 148 58 105 119 76 127 155 146 56 128 100 72 88 79 123 137 73 81
145 51 69 128 67 71 66 141 64 94 63 131 104 97 67 49 142 45 106 143 135 90 79 133 48 144 111 0 90 53 156 92 54 113 129 142 103 57 148 158 127 51 107 147 121 99 68 68 116 154 130 160 49 140 89 122 148 131 71 77 67 60 88 115 157 148 61 96 68 122 65 41 83 101 49 64 68 90 137 144
48 116 159 124 139 136 83 135 50 70 74 60 124 114 56 123 153 123 65 139 73 157 106 135 85 47 93 104 0 157 47 80 150 91 126 155 119 78 40 115 49 83 122 102 55 70 119 130 138 95 119 40 135 147 139 102 136 56 66 55 55 148 59 136 91 95 97 88 96 46 150 44 150 151 142 140 145 74 109 125
64 133 103 138 150 99 120 53 50 76 60 139 115 82 73 132 137 160 155 40 103 63 66 154 155 116 88 56 45 0 82 134 101 72 56 120 85 52 103 97 65 46 125 126 80 148 96 54 126 62 70 121 56 45 79 115 138 82 131 158 76 142 59 132 136 59 72 106 122 42 73 111 131 58 93 88 53 88 47 83
94 102 98 99 148 102 101 99 144 68 81 111 75 119 51 88 43 102 75 54 85 158 56 122 100 59 57 151 74 101 0 132 149 51 73 47 91 51 66 101 63 152 112 133 53 75 51 118 152 51 57 131 68 159 117 61 107 113 54 141 136 156 87 85 141 99 139 99 160 71 100 46 89 48 48 132 84 124 69 141
132 145 51 104 160 126 79 65 102 81 97 96 102 150 110 71 41 150 123 88 40 68 97 48 116 145 117 88 50 159 135 0 48 120 96 152 64 78 101 159 97 92 111 142 40 116 151 110 96 65 118 138 62 108 63 91 83 131 40 64 82 152 40 81 67 130 145 99 159 114 152 85 71 125 144 67 131 121 113 124
109 107 116 41 101 136 137 72 112 47 122 122 110 160 92 74 55 45 54 85 129 44 125 131 90 147 127 124 108 64 159 155 0 43 82 96 50 137 51 99 132 150 100 88 110 64 61 130 102 43 156 148 95 150 72 156 74 86 111 131 56 128 160 122 57 112 146 64 77 109 145 122 121 152 53 159 85 78 128 122
82 84 65 98 45 98 141 154 156 70 112 70 58 108 84 97 131 76 107 126 90 65 40 113 51 145 124 134 57 40 140 135 118 0 76 90 98 98 75 72 109 109 94 149 58 158 129 57 65 139 60 89 60 42 135 44 144 133 112 152 70 43 127 62 106 64 117 79 82 78 158 81 65 116 99 127 93 79 143 113
65 60 159 75 96 55 127 98 85 94 75 46 97 80 125 130 118 123 115 77 68 104 62 48 81 150 121 74 50 59 76 98 43 125 0 99 107 156 109 141 120 51 82 69 84 62 85 136 117 118 55 65 140 60 78 51 159 145 158 101 44 97 95 99 47 68 61 77 135 115 147 60 76 82 145 47 59 92 137 144
44 152 125 123 67 46 41 139 132 157 133 61 135 84 139 69 146 58 102 108 134 99 53 100 41 65 88 135 80 101 76 41 153 52 48 0 114 75 59 97 82 58 69 142 57 91 121 80 104 133 146 127 148 41 128 89 67 149 85 61 61 155 41 145 62 157 84 114 77 84 103 98 65 155 110 90 92 70 51 158
46 77 106 133 44 140 111 43 125 104 129 108 136 150 98 52 110 117 102 57 56 51 77 149 50 73 118 118 40 129 125 158 129 150 148 118 0 105 114 67 125 147 60 51 50 90 59 77 82 131 104 73 75 155 139 80 86 85 98 81 151 134 155 46 107 144 124 111 157 160 159 132 56 131 136 83 103 110 160 66
51 58 41 102 102 110 49 102 146 111 145 60 154 135 97 106 132 157 119 79 113 80 63 118 135 127 130 87 63 82 149 144 123 69 128 57 121 0 64 141 155 146 155 158 159 96 160 44 151 51 147 109 75 126 47 71 117 145 89 78 77 139 50 137 66 77 144 81 44 119 99 138 151 56 119 58 107 79 128 141
150 99 75 137 148 126 160 55 153 120 97 58 63 144 113 134 137 120 142 64 107 94 59 116 110 98 56 123 151 125 56 62 80 42 123 42 130 106 0 102 83 133 120 120 139 43 156 43 110 110 129 99 49 140 75 127 128 84 40 139 89 77 101 70 75 97 47 155 137 70 160 159 72 126 104 123 103 149 50 104
146 102 150 141 85 117 141 65 69 146 79 81 101 135 115 128 88 127 123 149 45 87 80 45 59 79 52 82 156 148 83 144 95 146 157 151 130 97 73 0 108 132 92 98 97 74 54 42 98 133 125 41 152 97 50 132 95 100 74 127 151 62 76 58 79 73 45 55 136 68 51 64 129 93 49 78 116 154 75 56
147 118 110 132 92 44 55 127 151 160 79 75 51 86 86 98 42 148 152 155 109 109 90 55 79 121 130 50 145 74 72 109 67 115 123 76 157 118 122 136 0 144 147 156 51 119 120 107 74 75 76 94 150 104 148 85 130 97 46 66 98 86 90 94 94 156 45 77 68 79 73 86 71 88 76 134 148 69 66 151
40 115 47 134 141 92 112 55 91 55 48 145 130 73 120 137 127 74 87 95 158 130 72 91 59 144 117 115 118 46 114 61 40 70 56 94 43 137 146 159 61 0 125 52 140 69 101 51 129 122 108 61 96 54 138 148 85 86 120 154 81 123 100 69 52 54 152 51 114 45 109 71 51 76 132 140 115 103 59 134
76 128 156 71 55 137 62 129 145 96 103 144 54 89 44 97 45 81 133 65 108 52 59 103 121 129 81 69 112 153 151 52 128 151 41 110 49 43 123 82 107 45 0 61 126 89 66 148 118 92 133 109 45 145 83 93 93 89 81 106 135 66 118 90 149 56 106 148 82 105 90 108 130 92 100 71 84 49 116 112
66 74 82 120 111 53 75 83 87 90 130 156 71 71 128 70 124 140 122 108 75 154 105 143 93 56 115 80 124 99 77 90 41 98 54 50 83 160 67 69 93 118 65 0 43 61 56 139 40 150 106 99 71 102 46 91 126 111 42 129 127 50 132 68 69 149 70 158 66 132 142 159 61 82 51 73 83 114 66 103
112 106 114 105 119 131 69 58 107 99 84 68 124 51 97 85 124 109 59 98 77 42 75 41 100 96 68 117 123 54 149 117 123 147 43 149 92 61 135 88 121 45 130 104 0 119 159 138 72 50 57 61 134 133 78 159 140 73 160 110 110 139 115 44 153 148 123 107 65 150 54 46 96 78 71 141 157 149 126 75
150 76 85 63 73 86 89 85 138 43 63 111 147 122 71 143 149 109 127 62 44 134 59 115 73 110 128 85 86 64 90 41 47 41 69 122 94 127 152 137 84 85 41 66 159 0 104 46 126 67 160 115 127 101 83 56 146 59 46 139 127 93 125 114 45 53 85 147 121 114 67 150 64 73 102 100 41 89 153 57
43 103 158 92 60 111 142 129 113 105 116 102 111 94 135 62 44 77 115 48 159 133 50 59 105 69 158 99 70 40 72 155 57 147 71 157 93 115 75 146 99 157 160 99 52 42 0 62 79 130 76 107 108 129 123 118 61 83 60 134 108 89 121 100 85 69 130 86 119 88 82 55 51 151 79 111 143 94 88 83
82 63 101 111 136 87 106 94 127 54 63 67 52 86 155 105 96 156 58 95 113 143 61 99 149 62 43 120 111 59 121 82 116 106 149 148 108 43 76 91 151 54 88 159 97 160 108 0 139 135 144 129 113 132 96 61 96 47 111 153 73 138 72 116 46 53 112 40 94 55 103 40 64 106 141 40 89 154 100 65
156 100 132 131 71 94 143 131 43 90 100 59 103 126 65 124 125 51 150 73 85 149 130 93 51 45 57 124 95 87 88 69 62 103 101 146 62 114 145 100 81 127 157 54 52 63 125 134 0 136 80 113 74 120 141 132 130 128 61 53 130 154 70 152 41 117 159 138 82 89 78 156 43 89 106 79 106 95 144 80
135 74 112 116 138 64 64 149 112 62 137 159 71 110 73 131 82 101 99 96 98 130 68 129 117 114 48 94 71 102 114 137 96 42 80 124 86 41 94 48 115 62 104 135 139 113 156 100 116 0 86 77 134 76 130 150 118 88 64 60 42 128 125 55 135 129 59 131 65 46 45 152 145 131 69 58 153 152 64 103
67 160 159 91 139 50 78 66 85 70 73 129 99 102 80 41 160 81 132 119 155 136 78 73 118 62 86 115 59 69 55 60 65 127 133 44 73 105 58 79 125 75 41 157 90 84 118 59 85 54 0 146 133 158 129 101 101 156 52 91 131 133 90 113 65 104 81 125 91 67 98 151 138 75 43 104 149 142 120 78
63 118 68 115 149 42 40 131 56 157 115 43 63 134 133 94 109 113 49 105 108 52 91 99 142 49 98 95 123 65 77 58 68 52 138 104 153 119 56 61 137 142 101 148 114 73 110 83 117 116 110 0 159 86 106 47 54 88 66 108 155 100 52 84 134 63 133 154 150 41 105 152 129 41 103 60 62 123 52 153
152 129 76 101 44 41 138 91 127 150 46 84 101 158 135 77 151 47 127 124 123 101 58 58 66 131 69 133 104 140 151 56 75 57 135 61 133 132 77 68 79 51 135 54 149 88 115 98 141 112 98 85 0 114 152 125 57 120 64 118 123 159 122 141 127 53 51 121 96 135 148 93 154 79 144 127 128 120 116 84
81 112 156 105 41 106 128 111 121 137 131 100 94 120 150 76 145 85 84 105 134 121 76 156 103 100 116 150 143 63 57 71 121 150 157 141 117 142 105 100 148 149 43 122 103 157 101 148 149 81 111 66 80 0 92 105 159 159 99 113 88 93 126 96 49 57 139 158 117 71 49 51 95 137 89 68 65 160 131 100
133 65 63 158 71 132 150 88 46 58 141 149 60 148 80 48 45 91 49 157 149 82 79 96 150 135 70 84 116 115 125 125 126 130 123 82 83 94 115 158 111 117 61 107 53 57 96 158 85 109 64 65 50 47 0 158 152 124 110 124 139 132 148 135 80 101 56 41 42 59 91 118 70 127 76 56 63 59 58 92
44 120 121 65 41 106 50 48 71 58 41 54 154 43 108 154 126 151 84 87 124 140 139 93 153 64 56 109 59 122 92 105 110 80 89 67 97 108 147 132 65 103 66 160 102 49 46 105 137 92 136 87 122 128 133 0 125 124 84 156 92 136 120 157 127 49 96 61 137 160 91 122 115 131 59 117 129 72 158 132
119 58 150 82 151 49 85 102 69 50 90 57 130 70 96 129 59 98 123 130 60 89 59 69 140 52 49 96 95 131 61 110 46 66 157 131 98 89 110 64 135 64 146 107 128 41 127 111 112 146 71 104 88 130 159 109 0 125 146 53 128 158 114 72 145 142 105 50 137 151 134 147 51 119 102 62 98 84 152 96
148 71 64 80 80 108 136 135 112 128 136 103 111 89 143 87 72 41 83 52 44 107 63 160 90 137 154 87 92 53 82 108 81 70 61 157 63 51 132 101 45 88 133 72 103 160 145 123 64 108 144 71 47 102 66 45 59 0 73 95 67 156 66 54 155 44 68 40 128 43 65 114 45 138 63 127 53 121 83 140
138 112 109 135 146 45 76 92 129 138 155 84 145 96 69 67 57 122 61 121 134 157 94 51 90 151 56 73 59 118 58 127 92 107 93 88 116 64 82 57 73 84 51 111 43 115 96 51 128 42 116 132 131 102 139 108 72 98 0 107 155 138 97 94 93 88 112 50 146 93 139 113 53 53 109 126 66 59 96 108
44 120 124 86 104 41 123 152 113 99 51 131 154 81 47 84 152 59 46 68 136 75 83 135 132 104 95 55 160 115 134 71 157 127 113 91 111 107 89 155 156 91 148 41 65 71 87 96 92 142 133 144 121 51 112 56 125 147 152 0 83 52 116 134 102 40 50 101 80 77 46 55 77 130 104 104 119 153 81 149
94 48 120 46 94 159 121 107 141 131 104 151 59 111 41 79 119 42 51 115 149 57 72 99 121 57 51 95 98 157 81 63 98 128 55 66 149 93 57 101 97 77 159 108 112 42 151 43 150 43 159 119 51 131 112 133 121 98 127 76 0 88 45 131 109 60 147 98 120 90 81 54 130 140 94 114 42 127 106 63
85 108 77 68 127 154 40 55 129 42 131 105 153 92 110 115 92 89 77 141 85 55 92 99 90 65 112 113 71 55 63 135 153 74 105 67 55 125 50 78 53 82 101 101 79 116 107 131 116 134 109 145 53 91 127 47 82 99 66 85 67 0 80 114 132 47 85 89 108 122 139 91 159 126 103 141 117 142 116 120
84 84 68 52 108 142 87 113 94 60 123 40 77 155 92 45 101 124 123 120 47 157 106 94 63 49 60 110 123 62 50 46 86 97 150 81 114 114 71 112 98 49 134 47 42 140 91 148 128 56 159 58 122 47 157 57 51 115 138 44 122 148 0 63 100 155 138 61 83 68 104 54 154 48 67 148 153 81 98 59
114 99 59 90 95 84 59 88 149 90 116 109 132 80 151 138 45 128 139 80 112 117 47 134 46 113 139 60 108 119 140 126 104 59 101 106 155 110 98 57 43 142 84 86 134 160 155 103 127 99 126 79 146 74 58 72 131 144 73 139 107 60 99 0 89 52 121 145 112 121 99 141 157 55 146 144 129 146 69 120
46 47 91 45 65 160 77 123 76 47 77 54 64 105 151 71 127 93 83 115 45 50 120 51 61 48 157 76 46 137 54 117 45 122 62 139 95 42 125 69 156 123 64 137 132 130 89 49 77 48 99 58 134 120 85 148 143 154 57 159 155 152 108 78 0 139 68 88 133 66 135 44 146 43 140 59 124 101 79 46
87 157 143 45 120 63 81 144 153 78 142 45 85 100 48 136 109 87 92 69 73 123 151 99 145 54 57 80 90 132 149 153 86 109 126 141 52 46 42 100 46 158 64 115 71 78 82 77 41 79 91 72 142 73 150 116 42 108 68 109 92 71 40 60 51 0 118 77 107 65 140 131 123 98 59 154 120 50 158 91
47 152 112 57 91 124 143 50 130 57 71 115 75 129 70 88 111 42 108 89 103 134 47 115 126 158 123 50 108 44 143 145 49 47 64 114 98 116 112 137 133 95 82 157 55 81 53 115 55 86 103 56 67 90 54 146 52 48 155 154 90 88 97 40 62 68 0 54 78 122 132 42 82 145 59 99 49 144 105 62
159 91 152 151 155 112 120 42 158 41 138 154 61 156 99 73 117 42 97 145 84 125 154 51 127 82 62 48 127 151 130 80 141 114 148 106 62 95 108 76 55 90 157 103 84 139 99 104 53 80 104 134 145 140 60 84 58 131 108 82 97 95 117 133 75 113 140 0 61 55 153 158 80 120 56 81 136 115 151 145
137 160 113 135 63 157 149 117 142 70 140 47 107 127 141 42 101 45 129 75 98 55 104 129 104 72 89 71 54 96 63 64 49 54 57 143 152 130 40 160 143 141 57 63 136 47 150 60 117 46 117 51 57 95 74 99 114 129 147 98 147 81 66 98 71 86 113 137 0 143 91 147 138 101 143 52 124 113 81 72
46 98 80 43 86 115 66 93 61 160 64 102 126 132 45 140 156 104 86 55 45 130 150 71 160 106 104 158 153 108 119 109 101 106 148 53 124 147 86 68 84 123 101 108 82 58 57 130 56 142 145 104 106 109 70 66 108 123 118 75 67 121 95 108 85 41 151 148 90 0 153 100 118 90 157 57 150 141 156 128
139 42 133 53 134 72 76 74 41 153 125 41 111 88 40 74 87 53 60 48 88 62 125 145 80 51 43 75 146 52 67 133 104 130 134 85 136 136 114 54 130 158 152 153 76 75 113 82 95 92 62 52 44 82 104 135 60 100 58 120 128 129 100 123 50 52 54 44 138 139 0 140 45 118 111 122 92 41 101 150
116 77 75 132 111 61 150 82 131 79 114 129 66 117 55 110 99 109 128 47 89 117 67 55 144 156 53 105 120 55 127 132 156 122 95 151 60 125 155 122 99 135 113 73 110 68 143 141 107 66 144 114 109 42 50 86 72 89 133 147 95 109 133 86 89 43 55 75 88 122 43 0 81 135 67 117 100 140 134 146
93 92 79 83 85 52 102 79 105 47 122 81 102 77 149 160 110 47 76 147 75 54 43 107 149 58 101 128 63 148 137 60 45 98 62 123 104 151 90 102 53 77 157 64 43 135 121 109 60 134 123 67 125 129 47 49 51 88 147 137 139 139 157 75 107 94 148 146 74 137 50 141 0 92 89 151 143 80 68 77
50 147 89 55 121 88 58 143 140 154 84 100 112 86 141 154 110 79 76 126 97 83 123 93 64 108 108 140 126 108 59 48 127 128 120 93 86 41 95 124 112 114 72 130 78 88 124 134 72 121 105 79 87 73 136 90 143 104 145 94 78 51 46 48 106 96 113 81 91 61 64 76 144 0 131 149 80 59 146 43
47 122 137 73 115 82 119 128 114 42 128 83 58 154 141 114 48 90 125 106 81 98 149 147 51 120 128 107 114 110 58 104 93 141 47 61 94 111 48 151 62 110 136 98 132 95 135 48 96 98 108 48 52 54 69 67 78 80 128 111 57 82 65 62 106 101 109 103 65 149 148 64 121 80 0 145 149 144 147 80
76 122 104 108 137 109 103 145 69 75 152 103 79 119 118 93 105 148 67 141 89 131 53 147 52 158 151 90 59 103 72 148 102 137 94 149 54 90 100 64 157 55 125 81 152 81 103 146 87 130 54 143 49 57 100 146 113 70 91 40 156 142 62 70 127 101 148 58 95 105 55 114 41 109 118 0 145 94 85 120
140 117 116 143 90 122 133 147 135 89 141 59 147 122 94 54 65 138 87 70 84 48 130 69 60 138 132 114 151 112 76 89 156 146 64 46 144 110 84 66 51 87 116 63 72 133 58 59 153 115 59 41 139 65 107 160 52 108 141 128 68 152 45 94 124 65 113 141 72 145 153 136 121 68 118 66 0 55 68 119
118 98 117 145 47 159 130 111 61 89 99 66 53 67 111 120 67 145 155 86 59 55 43 55 144 140 86 42 72 74 42 156 143 77 150 127 121 130 138 146 96 151 141 43 54 58 123 56 56 68 89 82 122 52 145 152 151 60 157 79 50 85 58 97 96 118 132 125 83 68 74 70 151 102 84 75 40 0 40 136
139 50 141 160 120 135 51 59 111 153 91 98 101 91 79 143 104 68 151 101 107 84 84 43 146 74 74 49 66 100 118 62 47 65 124 138 43 91 145 146 97 90 156 56 148 144 117 127 107 107 144 113 49 57 126 110 94 97 128 67 96 94 116 116 51 157 158 51 159 91 160 51 81 138 80 84 136 40 0 112
152 66 148 86 128 143 66 75 106 43 64 85 113 107 76 86 55 156 148 116 70 60 114 122 129 113 114 75 103 153 75 116 156 116 53 103 77 100 157 77 107 95 134 43 112 93 70 118 54 144 76 146 48 47 88 125 66 93 52 90 155 157 78 125 85 72 50 135 98 153 48 121 54 122 114 71 114 55 70 0
