80
0 16 10 18 20 20 6 5 15 16 15 17 12 18 20 15 9 18 19 17 17 10 11 17 13 8 7 13 9 17 6 6 7 13 7 12 13 19 17 18 8 9 5 16 17 6 7 5 18 16 11 16 15 9 15 13 17 18 15 9 5 20 11 8 18 20 7 6 9 5 13 9 10 6 5 16 12 20 14 18
0 999  183 401  149 195  60 306  190 461  164 249  297 536  200 458  216 385  133 199  160 434  182 446  271 564  189 435  138 389  196 359  237 372  199 387  141 312  74 268  258 507  243 438  167 381  228 359  150 296  73 224  138 358  238 353  108 394  49 251  133 180  123 181  213 490  161 292  203 272  267 361  204 278  264 504  127 218  193 334  176 361  98 164  143 177  117 281  246 496  213 268  252 468  213 326  196 488  122 292  129 271  148 283  142 378  93 351  118 159  210 418  79 196  116 389  247 387  181 254  88 122  225 360  146 180  265 556  213 508  196 250  110 340  246 331  248 529  200 359  118 214  129 321  191 422  271 549  227 484  199 435  227 411  191 381  191 228  221 416
0 119 108 52 105 116 144 131 115 111 58 69 121 143 98 127 123 131 100 60 105 83 85 111 111 57 78 115 72 41 79 110 141 91 146 116 151 149 93 94 144 70 105 80 133 77 113 108 90 81 100 99 67 64 107 139 46 44 117 138 82 121 73 141 62 40 59 127 148 54 93 62 120 121 78 125 78 133 56 102
120 0 97 137 59 72 98 40 158 54 45 127 45 46 105 133 80 40 138 114 149 128 109 84 61 99 106 119 91 146 75 142 52 136 45 73 86 160 60 150 124 134 137 141 44 123 151 73 131 65 93 150 46 120 148 87 81 107 107 138 47 44 117 149 53 69 157 73 107 122 132 118 142 48 90 139 139 103 109 96
91 63 0 137 120 84 116 107 82 120 126 133 134 80 90 147 49 80 91 97 45 147 123 140 153 100 98 103 63 103 85 153 153 104 125 105 83 103 110 107 111 80 50 85 47 88 95 131 55 156 43 68 73 53 89 75 130 106 125 114 147 51 136 60 124 116 64 131 67 77 153 113 116 80 48 127 121 97 48 135
66 81 81 0 111 126 57 158 123 150 154 127 81 69 126 155 135 107 128 154 64 151 59 64 129 134 108 142 138 135 81 145 50 75 151 143 54 160 53 55 44 123 101 64 101 82 156 139 147 107 58 57 131 43 107 141 103 159 143 83 140 52 156 146 80 111 86 84 158 46 52 96 125 108 119 72 63 106 72 107
49 48 54 80 0 120 144 107 70 59 46 121 117 87 153 40 42 152 112 90 143 141 153 82 45 72 57 121 80 87 75 73 60 120 128 156 71 116 131 100 126 102 80 130 50 129 42 107 94 125 154 99 51 75 57 87 145 109 48 98 90 121 138 61 85 137 147 42 90 147 97 93 101 90 64 128 102 65 67 91
85 89 119 153 98 0 40 75 76 61 146 89 118 104 136 62 87 73 59 142 158 140 63 122 68 91 109 85 87 125 125 55 69 76 85 74 139 56 65 48 56 108 75 50 82 139 70 75 158 125 91 92 55 120 79 79 118 118 105 43 48 151 69 126 41 69 129 95 150 53 144 96 72 69 147 62 84 148 88 92
68 81 73 123 56 110 0 156 78 77 133 86 131 158 78 135 117 114 118 80 58 72 120 151 131 79 43 143 46 117 76 90 113 45 54 99 74 115 88 94 52 117 103 119 105 157 102 126 76 103 117 110 145 107 91 129 104 123 112 64 75 95 99 143 130 134 99 51 89 64 85 138 59 100 155 84 92 124 158 40
106 142 95 46 48 108 49 0 117 112 138 109 150 127 141 118 147 96 143 141 62 75 154 114 93 85 101 61 94 79 57 149 119 110 58 75 105 125 133 140 150 46 102 157 80 117 128 137 103 152 62 48 80 77 45 98 144 139 138 143 51 48 51 80 94 63 101 117 146 75 105 147 76 104 107 109 158 155 47 158
126 85 68 151 112 100 53 79 0 157 158 156 131 153 153 146 70 98 41 150 94 73 109 122 142 45 61 135 120 127 119 60 92 51 58 67 50 41 70 127 107 122 108 114 62 65 123 42 93 109 151 103 137 131 51 82 111 59 98 128 41 66 87 82 42 74 81 126 49 46 71 93 142 112 98 97 82 156 61 117
48 145 98 40 123 146 122 47 105 0 44 66 118 154 142 144 130 55 126 40 93 98 140 41 110 82 60 80 149 59 42 54 114 155 159 61 90 137 115 118 114 113 151 87 132 74 47 42 129 62 138 116 69 74 130 142 147 42 149 156 160 106 137 153 107 92 155 147 91 58 57 91 89 80 40 136 103 41 56 64
82 149 113 96 132 89 71 104 141 55 0 93 62 135 60 101 158 142 92 51 95 139 43 52 128 54 60 145 83 41 118 70 59 48 110 104 72 54 74 63 117 96 154 87 104 115 51 160 140 91 59 79 50 63 61 68 116 140 139 47 125 61 86 146 83 107 118 65 129 63 138 146 114 148 148 109 108 117 70 67
133 131 132 94 68 100 69 138 120 64 139 0 100 56 112 112 117 50 110 51 143 154 47 105 55 60 106 157 54 45 84 139 104 119 108 89 69 40 123 143 46 103 144 116 52 151 94 51 104 90 58 117 55 112 120 129 83 87 116 94 78 104 127 78 153 89 75 160 145 102 51 54 63 96 93 78 83 117 109 155
115 43 119 61 74 68 149 84 96 48 108 121 0 91 104 100 157 143 86 147 81 142 70 82 134 80 118 120 90 76 105 153 92 79 65 113 147 129 51 133 108 132 143 94 101 92 101 50 112 51 40 75 48 141 47 125 52 46 60 90 62 129 123 79 65 52 67 98 79 114 74 144 65 136 56 106 99 123 144 86
130 138 96 65 78 109 141 42 44 82 102 98 129 0 131 100 159 119 122 86 63 59 113 150 51 53 141 41 89 64 147 76 147 140 154 129 84 84 63 126 158 80 49 80 80 90 123 131 59 46 141 81 111 119 145 61 52 92 57 155 55 56 103 154 124 104 53 153 138 108 83 128 142 78 110 48 120 84 66 71
85 136 132 124 69 131 51 111 160 160 74 108 71 86 0 109 100 88 82 59 82 50 122 148 87 54 143 87 132 46 58 58 62 43 72 53 104 140 141 47 76 41 137 119 115 115 45 144 119 129 129 124 57 132 119 136 52 91 135 54 150 42 85 78 119 144 93 60 101 109 61 92 43 90 43 96 143 59 130 103
73 150 50 140 141 144 70 117 106 67 75 56 47 107 112 0 94 142 135 150 154 125 88 143 40 122 157 49 98 54 129 67 84 119 41 127 71 56 102 51 111 132 64 149 116 96 134 79 127 129 40 153 109 143 149 116 47 80 78 81 114 65 131 159 47 81 95 59 147 53 145 127 132 127 145 113 75 96 41 40
81 99 53 129 136 47 132 108 84 117 126 81 122 121 129 106 0 155 94 44 145 105 116 133 129 66 83 99 66 128 59 57 50 111 140 56 129 72 52 128 139 44 40 95 112 57 145 133 138 87 94 89 73 130 101 88 40 55 87 58 100 86 51 48 96 101 73 91 40 78 88 112 147 127 159 160 152 144 61 80
151 159 71 102 158 101 85 87 159 97 156 51 155 102 64 150 48 0 103 126 47 72 109 69 120 95 158 148 57 80 153 153 100 140 82 160 147 47 118 63 82 136 123 133 112 77 55 145 44 114 105 102 160 147 84 111 48 57 53 124 46 148 128 136 101 55 102 139 65 107 136 143 49 60 104 142 92 60 151 131
149 43 118 132 131 121 71 50 149 92 48 41 97 67 136 89 122 148 0 145 64 131 124 111 96 46 108 81 86 150 107 157 108 61 89 147 68 94 152 152 146 120 60 105 100 71 83 55 91 55 60 98 126 157 75 89 100 85 148 73 72 147 135 99 111 94 108 69 72 103 131 57 52 51 63 118 56 104 141 42
160 51 155 41 99 124 41 122 42 108 118 78 48 50 115 106 59 41 106 0 114 139 144 93 155 100 108 139 92 117 157 95 45 51 142 72 139 155 48 97 71 109 135 97 97 69 109 90 152 139 46 108 40 148 53 49 138 62 71 66 137 148 81 66 146 106 65 116 149 152 101 151 105 80 137 91 124 124 146 152
82 82 90 108 106 84 135 63 158 151 51 44 62 146 77 110 112 52 88 155 0 47 105 149 107 122 77 81 72 50 138 48 58 97 45 127 66 103 108 121 145 47 48 118 105 63 57 85 146 94 96 137 146 112 119 84 138 72 153 87 105 79 114 64 84 151 136 67 111 57 110 65 135 143 153 58 101 98 120 44
143 121 53 82 149 159 51 63 50 117 54 87 160 49 68 90 121 88 113 102 91 0 72 120 58 105 131 86 119 107 137 47 140 128 105 133 122 127 96 124 48 159 148 149 120 120 58 108 122 61 152 123 137 49 122 76 128 112 146 83 90 141 85 50 103 126 131 124 125 143 93 71 73 106 154 44 144 137 110 45
115 60 154 109 68 72 111 74 50 40 120 69 100 77 47 44 75 86 67 119 76 102 0 137 141 152 157 105 69 156 123 134 92 44 125 116 110 46 121 83 80 107 132 49 60 96 76 80 59 126 95 86 158 148 106 150 50 147 84 106 56 119 60 119 61 159 95 111 98 126 46 136 159 123 130 99 45 126 102 98
79 99 115 126 68 122 80 128 100 143 63 51 125 142 74 82 99 140 86 102 83 71 160 0 79 134 52 106 84 98 107 87 88 85 103 118 73 155 147 145 45 160 81 58 110 121 149 43 141 104 107 89 54 97 126 107 85 88 128 129 62 128 145 156 98 45 95 148 62 142 158 90 123 64 138 116 87 116 97 147
70 84 132 56 43 141 107 68 53 126 135 140 93 99 143 132 50 160 83 131 48 44 45 116 0 147 78 71 116 76 126 124 58 135 128 85 149 145 87 66 76 142 60 129 52 145 119 149 129 98 57 66 123 129 118 148 47 101 80 46 108 138 148 91 112 117 82 117 58 141 100 53 102 78 92 131 159 122 107 65
98 140 101 150 77 113 58 79 102 95 48 85 126 62 101 63 112 81 104 136 48 156 61 65 82 0 157 60 76 58 74 76 65 68 111 87 64 112 60 153 65 77 107 91 121 61 62 138 151 97 106 115 104 159 103 100 154 108 45 50 103 55 75 121 140 118 120 155 56 90 113 158 73 95 114 101 66 133 116 153
148 61 92 59 49 101 141 107 116 88 80 119 118 155 43 155 134 91 49 100 74 143 109 55 53 63 0 73 109 151 71 113 156 147 93 122 101 52 63 81 65 76 67 47 78 56 133 57 152 116 128 114 132 58 77 107 55 142 140 118 130 160 144 160 49 58 47 85 108 86 100 138 94 147 78 57 40 123 160 93
122 88 131 101 87 84 70 146 80 137 73 106 53 52 145 147 150 48 124 143 129 147 103 152 127 97 74 0 123 49 146 92 73 41 125 76 146 156 67 55 143 95 150 145 113 148 43 45 106 117 160 129 76 136 155 52 122 79 145 49 92 149 114 66 121 48 138 70 57 58 119 76 105 139 129 154 158 126 78 128
78 124 122 143 74 138 105 138 130 62 129 157 66 117 86 154 49 139 93 57 143 142 70 125 106 97 83 89 0 52 88 107 86 134 141 141 147 91 116 118 65 106 132 64 153 98 51 140 147 100 127 54 107 68 132 104 96 106 44 62 147 82 146 84 109 150 156 46 72 113 115 46 51 148 146 133 43 76 63 91
81 98 121 73 135 96 100 52 106 159 146 159 69 55 87 126 122 149 47 145 95 66 115 157 64 47 152 106 111 0 144 119 43 43 121 62 84 128 144 131 67 90 70 98 69 156 104 111 127 47 78 158 80 145 149 103 146 86 146 86 153 81 141 42 93 81 81 139 99 123 113 123 143 69 114 68 58 152 142 102
87 97 91 97 98 67 48 117 95 87 157 107 146 50 103 159 80 57 119 145 52 128 83 53 129 56 40 59 105 77 0 157 135 57 129 102 41 74 50 154 45 48 46 88 122 105 139 98 110 100 51 96 50 113 72 86 69 78 132 94 49 119 137 118 55 78 97 72 121 71 44 45 94 96 144 104 96 95 78 157
89 77 112 120 113 143 117 97 95 52 101 120 141 150 133 151 110 79 127 155 137 95 91 116 40 93 42 109 109 59 141 0 40 57 103 69 140 59 68 157 112 83 154 44 41 129 61 56 108 116 98 45 147 73 133 159 64 158 95 46 77 158 49 139 77 137 135 57 140 114 146 140 121 40 140 74 95 92 94 82
46 50 43 155 116 126 58 57 160 120 134 103 54 95 139 59 82 76 48 74 63 100 42 62 132 111 159 154 58 121 98 118 0 128 130 103 95 59 46 67 65 90 98 150 126 157 143 137 54 109 76 58 77 66 46 157 122 64 94 137 99 43 46 55 120 144 61 142 147 91 121 63 68 128 45 123 158 46 61 65
108 158 71 72 129 104 53 156 78 89 80 157 119 63 160 58 106 132 73 46 157 144 48 123 149 117 122 79 51 46 103 156 110 0 113 135 135 97 124 93 95 55 71 138 104 61 75 84 111 92 60 131 104 104 138 117 149 138 76 48 110 79 131 119 57 108 68 54 89 140 157 135 157 86 115 124 112 44 146 63
43 59 132 111 105 101 114 119 53 90 82 138 88 55 52 107 148 103 102 83 73 130 100 104 72 56 79 95 145 45 88 159 74 67 0 99 65 42 124 115 80 112 71 90 111 102 142 58 144 67 157 97 81 58 49 153 56 98 48 150 84 63 77 96 157 63 122 64 78 98 75 135 50 130 53 134 112 114 152 157
112 141 138 119 145 147 70 56 114 122 97 144 101 111 47 136 43 154 124 73 89 124 87 133 151 45 85 110 41 93 57 53 80 51 52 0 96 141 57 138 114 41 74 46 105 59 111 40 131 97 91 89 122 72 109 61 156 51 63 65 40 134 131 96 100 129 139 105 97 103 99 93 53 61 69 49 44 108 109 71
158 92 143 94 141 143 58 145 100 78 155 133 102 54 63 91 137 58 101 121 146 86 51 160 92 108 78 123 134 68 154 74 54 62 41 136 0 132 75 89 41 101 129 124 107 47 91 74 56 126 84 156 85 100 100 140 98 41 124 86 92 41 85 120 134 158 111 133 145 50 62 131 102 81 122 125 137 52 74 71
84 70 76 72 71 74 107 40 77 115 60 140 125 69 135 116 153 152 113 52 104 65 63 127 143 84 120 71 92 137 155 70 160 98 131 142 91 0 93 114 140 66 107 53 158 43 75 106 81 41 131 109 93 109 62 110 154 107 69 100 103 64 74 121 155 96 93 42 79 83 47 96 86 62 109 74 92 147 142 130
154 85 142 139 138 111 138 52 49 56 84 133 121 40 100 154 151 68 146 41 61 90 106 103 158 41 112 67 73 65 109 159 152 105 45 81 82 81 0 120 73 100 41 87 106 117 83 64 58 113 125 91 123 136 129 102 50 83 124 70 75 118 144 96 63 78 55 55 58 128 78 61 135 102 121 136 136 66 129 135
69 67 118 71 108 119 81 138 152 103 148 134 119 124 106 120 106 43 78 46 84 160 70 115 94 138 124 61 48 156 40 68 65 122 104 43 83 44 46 0 132 54 42 40 73 119 52 117 73 116 57 62 97 153 108 149 154 70 133 138 108 45 133 116 46 134 92 105 136 138 53 58 115 87 115 59 69 128 101 59
62 143 101 132 116 128 95 46 131 83 84 88 156 119 69 149 64 51 40 121 71 146 115 106 66 50 106 91 116 135 94 84 110 159 146 43 88 62 152 89 0 47 147 89 152 158 51 135 61 59 114 94 124 105 145 86 46 118 99 122 71 68 107 61 80 114 62 43 142 50 91 83 105 159 116 47 124 96 60 56
43 54 64 117 64 102 86 152 153 65 82 140 94 65 92 91 108 124 45 93 96 62 64 138 58 108 40 153 90 135 70 124 148 144 148 125 76 152 102 99 72 0 147 84 76 123 123 68 88 93 137 69 134 136 79 55 146 98 45 103 124 58 86 124 100 134 155 150 115 159 108 106 71 133 89 107 158 125 68 138
93 94 131 160 104 62 64 75 157 146 150 140 81 143 96 160 152 137 56 45 71 121 79 125 76 151 91 57 67 51 73 110 87 45 155 116 113 69 42 119 55 74 0 67 142 154 99 43 86 83 70 136 85 119 126 99 132 123 120 71 100 76 92 147 152 86 140 52 58 105 107 91 122 71 68 122 120 96 48 86
121 101 67 43 113 154 82 140 160 93 116 69 57 63 90 114 108 96 75 153 105 44 147 139 41 67 106 128 98 145 122 126 76 157 117 108 54 52 43 157 129 86 71 0 125 80 135 67 45 74 54 140 99 153 68 42 101 100 75 41 113 74 92 114 127 121 61 50 110 40 87 97 143 93 71 81 75 140 56 142
83 82 44 110 91 89 141 61 147 83 96 146 121 148 79 47 40 155 109 144 111 77 101 49 41 103 119 129 95 77 45 132 85 158 135 100 150 130 49 91 109 145 144 45 0 79 79 84 53 122 45 159 109 48 66 110 114 143 91 105 101 85 136 133 103 43 92 129 108 94 103 86 131 49 98 98 90 56 50 98
51 75 82 116 91 144 143 135 114 109 113 144 83 78 47 119 126 50 79 65 133 145 51 134 65 59 153 99 68 137 150 140 115 46 135 56 145 45 130 133 95 152 128 158 67 0 105 115 73 122 126 95 74 158 71 48 77 159 61 115 126 148 90 71 121 110 139 69 52 104 129 121 134 45 68 45 154 117 85 83
87 73 87 99 40 60 80 71 109 98 69 88 131 73 54 117 133 124 117 96 88 91 138 77 160 67 90 95 44 97 130 107 94 116 96 80 56 49 71 85 48 47 118 50 109 151 0 106 138 77 109 157 76 141 41 112 42 134 148 112 106 61 74 157 74 131 48 140 61 54 94 117 128 131 77 117 124 147 89 65
109 98 71 153 122 48 134 152 81 124 59 89 84 150 102 133 143 154 144 141 127 138 101 57 131 118 150 86 59 96 48 159 149 55 52 152 88 128 52 104 80 52 137 97 52 91 121 0 56 67 128 98 72 101 67 145 100 146 67 86 58 144 43 156 77 102 69 72 97 150 91 109 49 45 141 147 125 130 91 56
139 40 143 126 71 87 121 102 69 64 55 60 120 40 60 144 70 148 139 103 131 46 159 92 130 93 159 140 134 126 90 43 52 58 122 84 155 102 105 68 115 70 44 122 76 58 55 156 0 86 142 55 131 56 118 159 56 107 108 115 154 62 89 97 54 144 53 106 83 136 51 155 145 42 108 90 98 44 123 143
159 71 65 135 147 136 132 102 153 89 42 41 105 98 137 69 127 156 142 47 49 143 113 120 49 107 56 151 142 46 158 142 160 101 154 146 76 126 127 66 71 99 106 64 130 110 106 61 151 0 112 90 142 59 109 68 108 157 127 149 56 117 122 96 125 78 114 64 93 67 47 80 148 157 49 108 141 66 86 141
124 99 40 98 141 134 129 160 55 79 46 89 107 130 68 43 84 156 41 58 155 98 146 119 135 104 156 152 109 110 102 126 74 66 43 81 67 83 154 45 131 55 76 85 120 159 77 119 111 137 0 141 67 120 92 87 95 142 69 100 79 116 57 59 142 115 157 87 75 58 78 94 74 94 51 153 147 63 133 154
69 136 111 45 93 125 160 52 96 44 55 154 132 63 84 47 65 132 105 74 76 126 144 135 100 153 68 91 103 149 55 158 65 74 77 124 77 152 48 59 60 78 152 160 83 121 87 98 74 65 100 0 129 62 40 78 107 134 101 92 88 96 79 158 82 128 90 108 75 101 75 145 142 55 69 141 123 52 98 125
76 118 65 134 125 114 70 115 79 142 142 120 78 100 108 152 141 140 40 43 51 146 102 120 137 95 146 156 74 82 56 137 61 77 78 61 145 122 41 103 136 115 127 80 138 157 93 146 98 138 73 144 0 44 79 70 103 59 80 105 109 130 160 112 90 104 40 142 68 144 49 46 106 117 66 149 98 146 128 65
49 49 50 63 72 42 80 160 152 108 157 56 86 67 124 101 60 88 66 97 149 160 128 84 65 117 106 98 92 53 85 159 70 67 121 59 152 144 70 102 42 107 68 49 99 130 153 100 159 85 125 109 149 0 129 98 67 87 158 116 144 142 157 75 109 58 107 153 72 79 64 145 97 118 58 51 61 52 120 158
118 121 86 130 57 57 153 155 159 52 64 90 91 138 105 58 129 111 138 117 55 154 56 149 79 114 146 81 147 52 74 92 121 60 56 59 73 146 144 141 84 68 64 45 134 56 136 134 126 43 160 96 141 111 0 48 78 99 160 52 109 96 43 46 144 90 86 136 106 114 65 109 87 47 131 50 134 55 138 104
73 86 40 44 84 90 150 72 158 85 83 67 44 44 80 68 41 91 97 88 43 77 49 75 160 83 49 112 140 145 45 132 87 72 122 80 44 121 62 83 74 112 51 97 86 69 143 113 44 92 99 59 141 122 68 0 47 121 119 58 66 75 148 139 149 77 44 92 91 117 92 68 74 61 160 109 126 149 144 69
77 40 73 144 88 70 140 94 80 109 146 136 75 101 151 60 76 59 114 77 101 115 96 55 110 53 107 70 129 121 100 103 49 137 143 82 67 152 135 85 89 95 97 98 121 50 56 125 103 143 98 70 59 96 146 95 0 143 107 87 45 97 93 64 78 102 100 110 56 89 117 155 111 148 100 58 96 121 107 105
80 90 74 44 116 153 79 155 54 99 145 70 100 47 54 117 150 140 115 154 93 106 147 78 75 92 72 150 94 144 53 102 154 150 119 50 90 86 43 118 93 105 90 147 75 48 66 121 106 124 89 81 93 115 131 82 123 0 84 118 111 87 76 148 149 71 117 116 146 135 133 159 81 67 75 79 58 127 90 106
65 144 156 104 128 67 80 60 107 144 92 88 105 118 141 53 54 54 99 58 70 45 150 150 148 61 71 137 71 75 84 96 133 146 43 54 83 147 80 48 106 123 101 136 58 56 123 72 54 117 152 151 100 96 100 106 96 60 0 98 92 70 98 117 86 90 79 132 147 62 52 125 110 115 154 62 153 128 113 61
101 52 126 104 68 94 145 114 111 74 99 119 53 81 56 110 54 66 140 107 106 132 42 75 41 107 112 95 136 107 86 120 147 149 81 83 56 106 129 140 118 118 113 152 85 120 113 153 57 68 91 69 111 84 136 147 121 124 76 0 149 150 78 51 88 74 140 69 107 135 57 133 115 83 76 98 101 66 135 87
158 65 45 115 86 155 140 146 52 96 88 78 139 113 121 133 70 124 68 127 133 69 47 86 94 104 144 149 149 130 117 157 55 72 151 122 43 150 160 80 100 128 74 46 131 148 46 105 138 128 100 132 90 112 126 158 153 128 63 127 0 117 139 109 119 54 78 157 149 53 89 89 126 138 70 153 43 128 135 124
114 110 122 79 92 151 133 71 81 73 144 85 104 141 40 103 114 61 134 144 55 145 52 59 151 159 144 59 64 156 145 118 87 132 58 109 70 124 121 96 124 106 157 93 129 98 118 126 101 136 133 140 101 73 73 129 89 50 102 84 48 0 153 109 146 152 61 97 108 121 103 74 126 101 147 75 141 124 59 102
42 118 137 41 138 47 67 72 104 46 57 65 159 159 129 92 99 83 138 141 67 74 89 45 93 104 152 106 91 77 114 143 49 106 96 80 105 141 102 42 124 46 73 58 83 99 148 42 87 159 82 155 140 67 153 65 81 46 61 124 61 71 0 130 160 138 126 157 112 159 159 160 157 124 130 74 133 80 147 128
43 80 159 60 154 97 131 40 99 86 84 55 138 100 96 62 106 44 107 71 137 105 95 121 140 65 54 155 77 54 142 68 52 137 57 108 148 89 143 65 62 135 160 128 160 115 132 48 118 108 135 131 53 99 52 101 126 50 128 106 49 68 145 0 84 152 62 51 66 76 149 46 82 130 67 84 114 58 87 114
65 125 137 135 71 51 41 81 80 129 77 103 154 41 47 146 129 145 140 74 151 98 92 49 115 76 158 107 132 44 82 123 83 64 155 88 83 56 96 47 143 102 62 58 141 134 70 85 125 117 112 72 67 155 65 76 88 94 138 47 156 77 93 42 0 84 121 155 101 142 98 50 100 102 42 134 148 105 46 76
102 138 84 77 156 138 89 152 79 113 90 65 136 77 114 72 124 129 135 44 123 60 143 121 71 77 88 156 112 90 155 149 151 64 78 72 145 66 158 48 153 50 126 96 146 144 108 59 123 118 49 46 130 137 92 40 87 87 118 50 60 42 78 49 78 0 91 126 99 80 139 66 97 115 83 106 60 132 68 66
159 98 48 95 134 43 106 75 95 78 116 139 134 151 87 126 106 93 158 97 119 110 132 71 129 135 139 64 137 147 154 127 112 131 41 92 106 136 131 124 47 69 45 115 82 143 67 41 130 145 152 75 122 76 106 111 109 55 124 93 90 83 110 141 106 139 0 73 142 131 160 94 113 52 102 130 127 57 102 43
45 91 40 153 79 142 99 66 132 155 75 140 75 157 52 58 72 122 54 144 63 52 101 122 92 52 44 115 52 96 41 149 131 147 74 72 120 110 111 68 94 41 111 115 156 62 73 153 114 138 134 61 148 41 95 114 142 101 48 72 115 156 73 61 48 91 46 0 148 156 100 135 138 74 121 102 128 129 60 117
144 145 115 105 148 128 159 96 143 69 41 144 52 83 110 75 140 84 76 53 156 107 126 160 118 95 41 110 89 48 128 147 40 99 101 62 104 89 133 128 95 131 70 151 48 159 57 70 54 86 75 129 133 76 107 82 142 143 88 126 78 61 70 143 123 51 92 108 0 134 85 73 134 122 137 95 68 86 75 89
154 130 110 115 155 92 151 114 106 132 105 130 68 116 62 142 142 40 154 149 124 92 45 157 45 101 69 61 69 94 42 125 59 83 82 111 81 97 54 102 146 145 113 72 101 150 140 42 49 76 144 106 89 68 71 58 126 117 90 41 86 128 146 106 103 91 68 125 52 0 56 130 159 81 104 41 128 135 145 125
82 56 77 89 157 77 129 95 102 106 134 85 126 107 94 53 87 52 127 72 56 81 82 61 75 55 56 62 44 52 63 117 136 130 114 139 84 129 89 113 67 57 114 151 83 146 88 49 99 113 88 130 67 104 55 84 77 128 42 136 113 61 157 102 73 156 74 136 55 41 0 146 118 56 78 79 129 93 92 49
70 159 95 122 45 119 107 111 97 81 41 139 51 149 136 154 136 83 70 141 82 56 121 151 82 57 112 65 61 124 57 129 50 102 75 65 50 62 143 75 126 80 141 53 154 74 40 84 54 55 101 80 76 77 55 70 149 112 148 121 40 50 96 133 148 146 100 131 131 59 87 0 58 156 128 93 95 79 86 42
122 94 53 70 64 144 110 71 67 59 150 44 47 158 109 99 110 137 46 155 70 119 103 135 71 59 58 140 51 107 126 83 63 86 80 65 90 131 128 79 50 114 75 43 48 122 91 42 143 59 43 111 56 112 111 84 109 139 102 53 53 124 156 105 61 110 76 147 147 68 100 59 0 48 154 90 121 50 120 99
99 147 152 128 59 119 102 62 117 96 143 72 46 128 122 112 77 146 104 131 79 155 104 70 138 142 49 115 123 93 110 53 115 82 105 144 143 118 67 47 107 131 152 132 146 100 83 111 128 106 154 155 145 147 79 48 126 128 40 88 80 89 108 43 73 46 77 59 91 59 135 107 152 0 80 123 91 133 56 61
85 101 41 154 66 96 107 100 111 142 41 113 141 132 160 80 146 44 137 54 136 125 136 99 143 123 120 160 50 107 114 60 57 112 50 126 158 158 70 120 104 119 143 40 105 113 70 76 63 101 81 87 85 128 76 61 154 128 89 141 132 133 120 65 92 83 128 79 136 121 142 147 60 117 0 74 132 98 144 97
43 132 101 58 100 83 136 48 109 143 107 151 144 106 55 85 77 122 73 44 157 56 118 132 141 63 43 94 53 138 138 132 105 111 81 143 155 59 101 73 109 139 114 144 50 61 68 83 127 115 114 104 128 65 159 41 131 69 82 43 141 74 141 119 76 85 150 94 145 88 158 136 150 76 132 0 97 130 149 137
43 111 88 88 67 61 86 133 147 54 137 120 137 47 68 103 58 67 143 64 136 48 81 114 104 129 72 110 106 66 60 52 81 89 85 83 103 105 68 115 120 132 109 40 117 132 93 138 69 145 144 105 122 90 58 95 144 63 74 102 66 50 128 81 87 121 49 148 60 94 52 66 86 50 101 142 0 117 78 117
99 107 153 49 65 128 78 141 126 136 88 116 139 148 154 158 72 98 89 57 59 62 126 103 49 51 128 90 83 158 77 106 106 118 123 49 82 46 158 147 150 88 84 86 66 145 128 52 154 122 92 79 43 55 104 99 82 40 72 96 133 103 158 125 126 98 159 52 76 145 72 47 106 139 114 105 140 0 103 150
99 69 88 72 107 115 63 159 46 41 82 127 84 53 124 65 59 104 156 153 135 133 67 95 122 159 131 91 137 124 112 48 60 46 52 139 150 117 66 109 44 47 99 84 151 154 160 114 72 151 40 64 150 128 79 100 134 143 66 121 123 106 113 55 74 61 64 151 73 97 117 82 122 121 83 86 82 157 0 78
113 62 119 122 83 96 129 132 58 160 160 156 159 123 145 60 160 111 151 97 59 82 92 129 83 111 113 59 115 81 119 67 46 134 56 136 63 124 54 134 56 135 137 54 76 128 49 104 117 92 118 83 153 115 112 109 48 96 94 121 122 107 118 55 77 141 136 148 55 159 128 63 46 128 89 71 97 48 68 0
