80
0 15 6 13 14 16 5 5 7 16 8 20 7 15 8 8 10 7 6 19 17 10 13 11 11 18 14 6 6 13 5 13 18 17 20 16 20 13 8 10 11 6 13 17 17 13 15 13 19 5 10 13 13 8 7 13 12 8 7 17 14 11 11 16 20 6 13 15 13 16 8 15 6 6 5 18 17 14 6 13
0 999  229 516  91 275  185 306  203 469  287 538  204 321  166 364  175 225  168 425  236 419  183 279  212 496  132 245  212 340  235 447  302 587  251 354  220 387  162 348  228 366  286 374  151 296  167 415  149 217  202 271  262 560  117 322  196 435  283 328  126 297  218 283  195 483  173 468  149 406  171 201  243 525  61 229  156 279  248 534  223 274  192 460  226 386  302 360  189 288  62 308  177 284  217 260  164 289  69 339  93 272  206 437  173 401  63 196  238 521  262 426  232 340  199 448  223 364  253 387  229 505  109 151  211 269  162 400  157 438  200 500  279 459  199 309  107 144  211 393  306 411  223 269  155 418  203 402  172 289  137 393  140 340  264 518  161 456  79 273
0 105 42 71 137 131 84 146 52 47 83 59 82 95 79 113 145 92 71 45 97 129 138 93 138 93 158 44 45 131 45 157 129 68 41 97 94 52 48 124 94 56 73 156 96 56 87 81 141 58 43 135 160 52 109 140 122 102 69 112 107 94 150 81 131 133 149 92 102 103 156 144 133 74 44 123 99 158 119 44
75 0 144 112 124 136 137 138 108 96 111 127 100 45 57 79 79 141 44 146 73 71 103 59 117 69 122 105 134 135 124 113 157 77 79 44 134 127 47 76 71 109 121 97 146 57 154 159 94 128 96 96 120 90 125 87 145 160 107 121 62 116 92 135 156 157 44 94 137 97 53 96 92 104 51 52 94 91 123 157
144 150 0 126 100 43 102 74 64 44 123 130 116 123 99 111 141 41 80 147 106 76 127 76 100 140 99 131 77 121 108 115 111 157 65 136 60 130 73 115 49 117 48 72 121 92 52 139 115 53 143 131 118 112 91 127 139 112 140 143 118 91 148 107 136 90 87 145 117 156 119 96 91 93 127 74 138 124 54 131
117 105 126 0 73 72 114 81 82 66 97 52 146 71 97 125 136 76 76 60 146 80 121 44 143 41 45 138 100 51 160 126 98 71 76 153 55 114 117 63 55 125 114 159 101 100 40 149 58 81 136 63 160 55 90 42 92 70 49 155 81 139 136 89 143 55 91 108 150 82 160 84 105 106 158 42 102 64 117 135
43 124 120 48 0 146 80 108 79 107 83 71 128 95 148 59 56 137 91 121 54 121 90 126 122 111 97 158 102 53 157 42 155 105 142 132 84 84 96 126 56 57 102 140 48 153 82 45 42 95 132 133 137 45 74 101 81 102 51 87 101 83 159 82 104 154 123 88 112 102 136 56 80 61 57 159 72 61 145 157
158 90 45 157 140 0 113 85 58 122 135 62 69 119 66 129 45 125 140 134 151 146 104 72 129 98 46 45 144 81 56 142 43 90 98 97 69 74 56 114 64 105 127 102 153 55 134 59 63 109 111 74 84 155 47 125 74 88 85 123 41 123 69 50 97 55 64 52 46 46 114 41 154 76 159 124 74 45 113 67
139 61 94 59 123 69 0 158 114 160 73 115 128 119 68 96 125 48 106 97 41 137 59 119 49 98 56 87 157 57 65 54 154 156 93 50 131 91 118 120 41 143 114 97 50 77 46 87 125 107 76 54 120 75 150 70 66 56 63 150 87 127 76 120 123 61 143 60 40 69 107 86 145 61 146 76 83 41 47 45
79 136 105 58 117 130 47 0 146 99 117 105 77 131 46 144 142 80 112 58 144 135 63 91 69 54 59 158 151 59 72 114 143 85 158 111 72 84 88 81 124 127 59 156 62 66 89 140 88 108 149 124 132 67 125 41 122 47 141 56 113 123 48 61 81 128 79 159 130 97 135 85 89 77 140 118 113 64 62 94
47 80 63 127 105 95 86 53 0 131 142 104 150 97 49 73 143 148 49 77 115 100 111 67 87 73 124 125 98 116 139 65 110 45 138 111 89 109 77 95 74 102 90 85 147 103 135 159 152 92 51 64 89 127 140 92 96 154 51 90 118 111 82 56 87 114 56 157 119 154 139 86 101 83 110 103 41 89 100 129
47 117 129 97 137 121 83 120 87 0 155 98 43 90 94 82 72 126 130 143 92 62 109 62 77 114 111 86 106 120 128 85 155 93 132 93 85 77 67 123 42 73 112 55 93 95 118 70 64 141 145 117 160 138 45 48 64 69 110 105 46 118 128 75 88 153 141 128 57 52 95 107 50 106 102 95 149 69 90 75
65 72 160 132 160 158 143 62 80 48 0 119 43 134 115 40 121 97 143 84 97 139 124 152 116 150 136 150 56 60 104 144 45 78 57 86 72 137 127 148 76 96 51 42 144 48 46 82 134 141 54 133 65 59 49 160 73 78 47 113 146 94 97 134 77 79 71 59 107 83 43 73 54 93 115 146 72 70 79 137
139 152 157 132 152 89 144 104 52 136 120 0 59 58 154 46 129 89 140 148 93 156 145 129 103 133 62 128 64 122 83 117 141 64 69 45 47 85 71 41 133 63 106 43 156 87 85 59 51 89 141 68 157 81 123 79 61 92 119 58 103 122 132 70 42 80 122 108 79 65 41 86 130 63 48 111 151 108 105 113
154 100 156 139 48 154 150 67 110 82 90 137 0 40 47 148 158 140 131 122 68 69 133 106 52 128 115 128 98 58 154 157 151 104 133 128 101 157 71 102 152 90 92 102 95 56 130 85 158 155 43 124 91 49 109 44 59 40 121 80 114 123 129 71 116 123 136 125 134 147 68 53 82 83 134 119 54 103 136 111
119 67 140 90 136 152 112 49 107 54 107 128 89 0 88 133 136 46 119 52 101 57 141 155 112 130 69 123 111 85 152 46 83 141 44 147 142 76 43 74 49 66 117 46 121 159 143 96 150 87 40 97 61 100 156 117 44 44 47 40 152 111 63 122 107 66 97 51 132 67 130 62 136 86 64 59 66 131 98 78
154 139 66 137 101 131 50 97 139 92 40 62 133 108 0 72 48 137 129 103 160 152 160 151 83 116 92 94 73 117 108 145 134 45 154 147 94 98 58 101 89 58 48 140 122 154 94 143 138 158 58 147 129 128 73 82 88 146 73 46 78 135 125 97 41 89 58 110 65 91 51 147 119 132 100 111 124 47 112 111
147 79 145 64 42 100 142 49 82 109 98 118 154 52 64 0 96 106 118 159 114 67 45 125 93 72 69 52 112 65 63 62 143 160 143 143 121 62 100 147 72 57 78 90 145 115 102 143 56 156 55 65 78 144 137 129 140 52 88 142 112 51 102 72 141 95 74 83 125 73 140 75 58 44 124 99 160 53 111 70
72 107 94 145 121 122 64 71 50 95 131 61 96 62 155 111 0 62 150 112 85 79 46 44 142 74 145 111 88 94 48 132 90 117 48 126 99 121 151 64 69 118 84 89 72 146 100 82 111 97 142 53 152 125 160 69 123 123 113 104 66 66 69 97 147 106 75 117 138 81 156 135 122 91 104 40 105 157 71 78
79 102 83 60 146 73 79 128 79 97 125 69 126 132 111 79 40 0 80 146 85 43 140 92 69 61 93 65 42 138 67 67 88 155 98 49 69 42 156 140 88 114 74 139 145 76 84 144 84 55 86 108 47 145 55 115 52 67 90 64 97 141 64 85 44 99 141 134 118 137 111 124 139 149 46 130 136 60 158 50
111 147 109 132 52 110 124 98 70 74 97 61 96 110 51 50 97 65 0 76 99 49 82 103 111 83 65 86 48 120 142 44 157 151 139 42 149 123 105 62 59 140 124 97 85 150 112 57 58 155 80 124 95 150 87 132 110 157 96 82 122 41 96 126 117 149 68 98 118 64 113 122 142 48 106 119 149 114 57 129
152 148 84 49 57 123 116 105 85 61 60 131 61 139 99 52 80 61 132 0 61 136 80 67 94 47 40 116 69 70 153 71 145 73 63 116 100 56 147 86 123 60 84 56 155 94 115 59 76 61 156 57 110 130 114 47 132 68 59 74 119 123 49 131 45 155 99 114 98 123 135 60 50 43 102 88 116 158 144 145
114 106 68 96 111 154 133 99 83 112 154 128 118 141 82 113 128 105 137 74 0 128 71 101 133 72 53 51 54 131 64 113 112 82 144 131 95 107 85 116 55 150 159 42 104 104 49 160 155 87 69 100 112 138 42 137 131 130 154 126 94 46 128 77 137 121 122 51 102 114 147 121 108 64 92 138 87 97 69 160
90 81 59 76 73 99 53 160 143 60 101 125 141 47 122 108 49 118 113 121 143 0 138 77 46 152 131 83 146 111 88 140 134 48 137 107 90 79 125 65 114 128 95 147 136 103 134 116 149 52 113 136 65 159 100 159 150 141 122 73 158 85 93 60 48 155 101 63 90 140 158 124 80 55 86 56 86 112 90 70
59 70 118 46 76 110 71 99 42 91 75 98 122 90 141 68 108 130 111 94 73 107 0 104 135 81 85 58 80 130 119 60 117 134 138 42 75 59 143 73 113 123 147 56 155 109 101 59 92 93 140 68 87 116 132 112 71 96 77 117 150 134 150 56 80 42 53 107 81 42 76 112 72 132 129 112 60 69 113 78
148 94 122 76 46 137 71 103 55 61 148 149 108 60 122 57 160 151 140 43 151 64 148 0 76 49 86 122 64 82 122 52 155 69 88 120 131 78 127 50 100 42 148 140 67 85 145 147 124 76 123 147 126 126 88 81 104 154 74 81 106 102 57 120 144 155 157 102 133 62 119 142 85 84 51 124 123 144 51 113
128 98 41 153 65 72 84 109 93 65 91 56 123 95 67 98 119 98 118 136 131 98 57 83 0 153 91 57 51 144 137 53 77 72 107 147 116 141 104 92 78 93 69 129 71 83 106 50 42 69 50 132 149 114 105 48 45 41 82 56 79 60 89 141 118 124 104 93 131 78 139 75 50 47 114 126 140 57 70 131
142 84 51 86 157 65 68 109 160 107 54 147 125 70 126 132 122 87 44 151 119 44 54 64 55 0 77 80 107 151 149 66 103 47 89 133 152 51 88 129 44 141 135 117 111 46 150 71 62 55 124 129 154 118 82 51 137 112 149 105 81 107 66 48 93 63 42 92 65 89 86 59 145 55 75 96 72 74 88 53
58 114 127 114 77 144 58 149 130 63 87 50 88 48 52 120 58 83 105 47 140 81 70 40 74 112 0 153 42 153 93 113 98 103 70 92 110 86 136 99 128 68 58 73 94 66 121 81 142 106 136 52 100 85 130 92 43 74 121 121 107 159 96 149 102 109 105 58 146 134 115 125 119 150 101 146 159 99 117 128
49 105 142 50 56 150 138 81 148 146 144 72 93 74 99 114 49 65 89 67 135 99 119 158 74 53 112 0 70 62 118 85 66 159 148 71 43 106 50 47 153 122 70 82 92 92 86 156 154 88 113 128 90 49 114 100 72 100 138 101 145 97 115 79 76 158 66 70 82 100 140 124 48 109 54 84 102 81 55 135
47 125 81 96 71 90 46 50 158 99 134 112 106 126 70 47 104 72 146 99 70 78 63 135 91 66 61 80 0 60 67 91 128 100 147 153 74 56 61 90 59 44 127 101 48 131 85 53 74 97 50 112 118 112 89 156 111 131 51 102 119 43 138 81 111 142 70 109 128 65 42 107 148 130 70 79 92 103 147 66
103 87 75 55 58 44 120 49 64 69 108 61 46 101 142 136 147 56 137 88 93 116 73 122 102 127 145 113 127 0 128 149 49 61 88 140 82 150 75 98 56 158 119 130 114 81 136 119 49 143 88 43 102 81 78 127 99 126 59 48 92 109 72 123 143 61 135 114 150 160 151 111 143 131 108 91 42 61 137 63
54 47 159 48 83 56 152 115 156 98 63 140 54 131 107 65 112 70 51 157 129 78 43 96 66 70 110 40 157 124 0 131 150 70 47 131 73 54 102 70 45 80 51 130 149 114 111 133 138 92 141 101 62 69 150 47 69 95 141 159 137 60 73 52 133 133 138 147 42 82 84 76 119 95 136 75 69 98 153 102
41 108 72 112 81 41 129 109 92 100 109 119 152 56 84 113 103 99 125 101 93 106 57 88 64 146 120 152 43 72 48 0 157 76 75 97 160 87 105 160 153 53 129 125 93 127 151 100 115 107 131 49 107 65 117 151 90 148 122 88 150 95 141 154 94 115 71 131 41 118 112 159 43 54 84 115 95 97 118 139
116 133 149 53 155 155 98 43 151 106 115 129 78 143 146 132 140 149 152 79 77 149 78 150 62 94 118 101 148 72 98 96 0 141 78 77 120 128 78 41 121 117 57 45 138 154 82 89 140 56 149 80 45 159 156 48 79 96 145 123 145 66 149 54 101 50 78 72 113 142 145 129 74 102 107 50 150 67 141 138
84 48 79 81 88 63 47 130 97 132 106 137 101 83 90 153 139 98 107 80 157 127 85 108 71 48 121 44 102 46 48 96 117 0 68 69 65 102 64 104 115 68 136 119 99 144 105 53 141 110 103 121 65 70 97 44 151 158 71 151 55 158 99 71 110 152 130 136 79 104 139 41 119 126 136 137 93 40 104 70
75 139 120 42 61 102 81 63 154 123 96 136 133 129 44 78 102 49 79 67 95 100 52 41 69 78 74 115 72 116 152 98 80 129 0 125 98 108 115 102 55 53 80 125 70 59 151 103 100 69 75 97 152 142 128 100 150 131 110 115 118 47 137 102 120 102 47 154 93 134 147 99 142 70 107 148 71 92 40 110
64 67 45 105 125 119 158 91 75 84 93 85 64 99 62 92 94 104 97 159 122 90 90 117 136 70 124 118 157 112 47 81 97 58 84 0 60 134 109 158 58 126 157 121 122 99 122 58 55 129 121 41 114 146 57 66 111 138 62 65 80 49 133 133 50 63 72 97 99 102 111 99 43 135 120 110 153 105 55 83
137 62 126 105 89 82 116 105 100 43 116 67 76 138 138 58 76 71 102 50 160 57 100 132 111 67 101 49 104 122 81 55 152 42 66 122 0 41 134 48 115 80 103 62 149 104 127 47 160 139 107 153 88 139 101 120 70 62 71 110 65 129 65 134 145 140 102 58 76 60 151 80 59 121 67 110 130 93 56 93
63 148 133 49 118 61 100 47 107 128 143 48 66 132 114 152 130 101 105 81 104 158 64 60 47 74 54 88 59 46 48 56 126 118 71 132 75 0 88 134 43 125 70 116 46 52 54 120 113 137 158 53 96 79 154 153 107 73 112 67 125 131 86 47 127 146 147 72 115 121 71 86 41 130 89 60 82 152 128 75
98 109 109 70 63 149 54 83 153 128 45 48 72 75 115 67 75 109 100 44 97 143 157 86 145 117 58 70 134 95 114 151 92 72 60 88 129 114 0 116 107 67 73 153 138 61 145 140 109 66 61 80 97 46 156 76 77 55 63 55 114 147 136 86 131 117 149 51 44 74 135 131 43 160 159 71 89 96 143 132
103 81 140 102 112 99 124 82 152 70 133 73 105 105 84 137 112 119 72 124 129 117 145 65 59 139 83 122 115 48 141 147 133 115 145 60 66 115 77 0 150 99 147 102 68 100 100 96 46 140 132 59 111 159 118 121 125 77 135 117 144 121 150 115 138 71 55 101 108 90 142 83 83 49 88 139 130 40 129 96
94 153 103 122 105 78 94 97 46 92 87 147 118 59 110 131 86 80 74 41 96 101 110 136 101 112 42 105 52 131 107 146 104 135 132 113 93 87 142 118 0 102 159 111 107 64 83 86 72 134 77 135 55 144 57 141 89 102 55 96 122 90 157 49 87 41 160 69 96 127 82 130 140 131 58 125 92 95 118 68
90 147 110 93 43 62 89 103 125 148 123 79 129 130 92 71 143 46 117 134 117 42 149 153 76 100 120 126 87 105 129 138 141 92 43 150 81 57 62 95 131 0 150 88 117 134 46 119 48 102 123 146 80 150 119 145 73 69 113 50 89 61 153 72 101 106 117 97 78 150 134 80 159 153 49 118 40 99 146 87
58 135 153 46 109 150 129 123 90 105 84 96 86 135 97 82 130 132 87 40 128 61 75 46 115 119 61 44 109 59 105 61 160 57 106 76 78 78 109 132 110 51 0 138 127 137 72 128 120 71 117 151 120 97 51 98 100 111 95 46 125 103 140 80 66 156 67 118 75 140 87 75 98 42 142 58 63 88 92 46
97 46 94 41 87 138 73 60 138 100 126 124 119 140 141 76 44 156 111 147 152 93 156 111 108 120 84 140 113 99 95 118 141 159 80 141 131 81 60 136 127 48 57 0 87 90 83 69 87 91 42 40 159 144 153 103 107 119 155 92 46 115 43 93 148 45 124 103 92 55 141 76 41 63 145 148 96 107 139 137
119 87 85 153 70 47 126 98 160 107 46 76 102 104 68 107 42 107 138 139 101 62 145 133 103 63 52 138 131 42 83 120 101 96 99 134 82 78 85 92 114 157 101 73 0 151 70 61 113 71 144 115 137 102 55 78 61 68 51 127 143 140 155 88 158 112 77 64 113 98 114 105 134 160 146 139 72 92 90 60
117 82 134 133 101 58 63 138 71 129 111 148 62 133 113 63 136 129 120 68 155 49 99 110 94 73 117 112 157 123 133 125 157 75 65 45 122 91 73 144 153 139 48 60 74 0 153 50 132 143 84 132 65 49 77 113 62 44 125 133 160 156 87 111 146 52 96 159 115 134 137 94 111 88 52 133 54 155 118 143
107 159 153 102 124 71 96 127 145 131 120 141 54 42 110 141 96 146 133 144 147 128 77 64 72 93 92 86 100 96 50 157 44 92 101 145 157 40 104 91 66 150 49 121 140 151 0 43 123 142 112 63 145 137 122 120 124 53 154 116 48 149 55 88 114 78 72 80 57 122 54 46 134 50 148 121 117 85 73 137
85 41 97 127 158 114 70 48 138 49 144 70 92 51 91 96 147 106 53 128 118 61 98 69 104 70 138 97 153 63 73 104 141 40 158 40 125 118 88 128 126 154 98 133 132 91 62 0 50 90 63 46 154 136 101 44 96 94 82 59 98 44 152 132 98 78 114 113 48 127 119 55 106 135 124 47 149 65 126 58
63 156 62 126 144 58 51 116 72 123 150 84 40 79 73 158 117 140 57 136 124 94 82 159 94 46 149 138 85 116 87 141 76 94 128 43 112 133 139 134 157 153 126 99 59 92 125 59 0 139 59 47 67 122 101 138 67 141 160 102 48 95 48 78 46 141 53 77 143 110 149 68 137 141 71 137 95 160 135 42
159 73 152 109 87 151 58 76 105 77 145 101 107 76 117 155 99 154 110 62 125 127 96 88 42 140 122 112 146 130 112 102 151 51 97 43 83 104 109 50 124 130 142 57 151 80 42 81 101 0 90 73 109 70 101 88 96 77 99 68 55 149 158 68 80 96 105 68 144 123 100 126 94 99 64 60 120 50 50 67
151 83 113 130 136 156 90 111 113 45 55 113 101 87 81 143 98 88 42 59 143 157 43 97 135 48 64 104 139 126 102 59 97 61 85 83 160 97 152 44 75 86 126 91 90 83 133 157 145 154 0 77 104 149 153 48 109 146 54 121 74 130 56 152 139 46 142 143 114 130 149 144 92 63 136 105 105 73 150 49
44 44 105 94 132 86 133 44 44 117 116 126 44 77 103 104 160 49 66 123 156 103 152 44 112 111 76 91 112 117 81 155 160 70 145 47 77 61 141 150 85 125 95 52 152 101 93 120 144 97 100 0 144 81 43 141 105 68 71 84 72 65 124 79 147 155 82 110 67 91 73 108 50 133 44 72 80 75 84 105
61 47 155 110 145 99 142 102 136 102 138 86 56 53 55 152 90 120 143 53 106 154 61 118 69 82 84 44 112 153 99 99 80 118 92 42 42 158 157 55 67 47 152 98 139 86 147 75 48 143 85 101 0 42 48 140 100 153 120 127 139 68 80 41 142 41 158 140 138 50 72 78 99 81 75 61 47 74 108 52
40 104 47 74 91 110 96 77 53 160 118 72 80 69 57 77 156 69 112 74 141 116 57 66 157 158 91 122 134 55 97 42 116 96 46 129 80 72 135 129 61 70 74 42 53 60 87 124 120 77 87 127 62 0 111 96 110 69 127 135 131 143 52 121 98 158 125 89 88 152 43 119 72 60 92 99 92 138 92 136
81 55 134 133 131 70 102 52 78 128 123 104 82 130 129 154 143 61 58 108 145 77 87 149 89 50 134 79 76 57 142 131 101 128 72 49 138 98 122 80 50 111 116 73 143 126 78 69 74 138 105 145 82 112 0 111 153 83 153 67 50 158 121 125 118 93 59 88 46 90 65 130 148 73 74 133 85 43 57 71
42 122 153 135 136 104 159 95 58 130 114 60 43 150 144 90 143 59 92 122 75 107 103 107 151 96 135 80 117 58 145 48 70 129 95 134 105 119 72 111 57 148 93 147 71 40 99 83 94 116 80 99 150 72 113 0 93 104 45 50 150 92 98 61 115 104 65 85 72 53 145 81 129 97 150 58 113 107 108 67
128 45 151 95 125 124 101 124 50 139 75 118 134 89 96 97 78 48 51 89 53 93 101 56 77 155 67 67 116 158 68 89 49 46 157 102 43 61 42 71 151 71 99 74 151 153 91 52 73 107 51 54 120 43 45 98 0 105 45 104 126 46 145 155 112 155 117 124 158 42 77 115 129 107 87 76 157 132 156 107
84 80 51 57 45 158 75 51 131 47 59 153 90 122 81 86 93 55 149 117 64 143 124 148 154 95 48 69 133 146 72 74 106 69 91 126 123 74 67 42 60 132 69 43 142 74 145 140 80 82 119 80 125 106 106 101 151 0 89 159 57 90 47 96 74 145 63 159 52 61 51 152 105 134 70 133 155 114 156 58
97 42 160 46 156 124 66 72 64 43 160 49 45 65 64 93 69 54 65 47 96 134 73 129 126 84 144 128 120 156 107 106 58 54 145 69 123 84 76 139 79 90 70 73 74 124 94 54 110 158 80 139 66 124 140 139 83 119 0 139 150 71 127 111 154 117 121 80 123 142 82 74 83 68 70 133 84 66 75 133
73 117 117 118 111 151 102 156 119 103 49 132 105 140 156 65 110 100 86 144 100 157 90 144 54 69 149 150 102 156 101 81 142 45 119 115 91 120 129 89 153 65 45 52 82 61 88 81 92 121 127 41 55 42 75 48 56 83 66 0 138 117 112 41 147 138 145 42 77 119 92 106 153 53 120 97 130 58 51 146
50 140 49 123 134 56 86 136 77 106 61 90 68 153 117 149 101 69 136 145 83 47 147 98 44 41 42 65 154 94 103 69 63 76 89 50 135 142 155 133 110 57 153 139 48 102 83 103 121 114 95 129 101 58 84 42 106 94 141 118 0 134 60 147 115 47 66 66 83 146 145 139 128 48 91 94 104 81 75 73
117 53 68 139 141 54 157 142 154 75 154 149 56 160 84 118 56 117 121 49 120 126 49 130 50 130 72 146 140 41 81 91 126 116 87 64 123 124 60 146 86 152 151 57 79 67 111 108 96 110 80 97 52 158 63 117 67 129 144 125 57 0 125 109 48 113 56 148 153 111 153 86 160 140 49 150 82 114 153 59
146 97 118 156 70 134 134 134 138 58 86 112 68 57 83 159 122 72 75 48 63 42 146 126 47 128 50 94 71 53 82 126 97 69 75 47 94 92 127 147 66 102 76 125 58 116 67 146 113 144 89 101 141 120 56 76 117 121 65 106 44 63 0 154 103 44 134 118 123 116 86 55 141 48 102 46 124 86 141 73
137 133 124 102 67 40 71 76 141 95 150 126 156 123 58 66 81 72 85 135 97 70 142 129 126 86 55 92 121 142 129 66 77 51 82 82 152 111 131 55 122 132 53 78 155 77 157 110 61 65 47 154 43 101 102 41 45 64 57 88 61 140 153 0 159 83 43 76 99 83 123 79 103 141 62 81 118 55 51 103
96 85 143 108 72 112 125 126 51 49 131 91 121 66 96 116 61 103 90 115 117 76 40 40 135 152 83 64 137 142 80 124 42 49 102 42 60 115 92 117 74 128 105 136 127 60 61 128 68 73 158 63 156 88 66 101 75 153 76 129 143 81 145 76 0 111 84 158 144 97 57 78 48 70 122 107 85 52 145 145
44 63 73 102 131 74 153 100 109 137 111 121 138 92 81 59 150 120 43 50 118 147 115 44 43 132 46 57 46 104 133 80 64 116 138 132 112 56 69 95 150 133 57 128 107 90 143 123 119 105 126 103 51 44 122 87 70 58 108 130 73 69 72 117 50 0 115 74 151 143 77 108 75 66 43 74 140 99 67 112
76 123 118 43 67 122 138 130 40 62 47 74 116 145 122 73 78 93 154 114 44 88 128 124 139 89 147 154 113 159 137 145 124 160 46 97 154 83 150 119 156 104 144 124 143 83 134 116 159 46 63 42 103 54 106 107 56 66 139 79 97 136 73 52 42 137 0 94 71 138 88 138 104 112 48 156 159 143 115 114
45 85 111 121 118 51 139 87 78 100 152 54 107 158 92 156 149 63 49 131 59 54 104 86 51 61 59 96 86 80 52 80 58 54 59 156 63 124 139 50 45 121 127 141 160 153 98 108 43 87 158 110 65 101 88 147 43 125 43 106 54 103 70 99 64 74 147 0 71 139 119 119 96 52 135 150 154 108 127 109
103 81 145 149 103 87 88 49 147 111 67 74 151 46 101 100 140 127 148 43 73 92 154 79 81 56 98 154 98 101 152 98 103 70 60 101 74 155 91 100 89 119 154 47 91 40 76 65 72 88 67 160 140 73 73 143 59 73 146 61 150 118 75 133 59 93 101 101 0 158 83 96 135 93 73 113 66 109 91 129
150 131 113 50 46 103 71 114 133 132 135 102 44 97 123 120 80 57 108 127 111 92 90 109 69 78 71 154 51 76 112 116 117 96 90 49 144 111 44 61 74 51 133 109 46 88 132 152 48 46 113 153 152 106 155 51 124 47 97 126 70 97 132 144 156 154 74 135 73 0 53 135 117 127 102 156 56 143 53 55
137 49 102 89 104 144 158 125 107 127 79 132 143 51 132 122 132 141 109 134 107 52 79 61 77 57 61 71 57 53 49 131 118 58 126 145 101 71 110 106 72 143 61 101 79 138 114 42 108 69 105 67 81 156 68 96 124 49 80 70 47 47 114 105 100 149 76 149 149 86 0 79 109 59 121 128 82 66 123 61
70 63 140 102 68 142 124 65 114 91 113 160 150 143 112 61 155 95 54 140 116 110 71 43 47 108 108 152 74 88 74 92 142 69 128 109 82 44 57 110 121 150 45 138 133 54 45 150 71 115 64 77 77 106 52 89 90 128 150 83 160 135 142 72 104 79 153 49 146 64 155 0 90 64 120 109 57 79 87 143
129 122 72 58 56 50 156 81 105 118 88 113 119 139 69 68 53 153 67 130 94 79 72 78 97 64 56 160 91 60 128 109 155 45 152 139 155 98 70 123 87 58 105 51 101 129 110 84 110 135 147 106 100 127 135 126 65 103 93 44 56 55 101 77 117 75 58 85 133 159 84 93 0 76 82 116 80 115 99 151
96 64 105 132 89 76 149 156 150 99 82 156 49 58 120 106 59 72 160 99 55 124 51 85 99 121 130 51 96 83 153 54 51 42 140 73 57 153 62 78 55 100 144 153 105 112 89 54 61 47 81 143 160 48 49 73 92 41 91 159 134 103 108 95 89 40 62 83 63 89 53 101 129 0 54 112 65 81 119 75
44 109 89 45 87 42 98 63 156 94 61 154 86 81 111 68 156 95 149 40 112 111 47 55 152 130 60 113 83 147 50 141 106 43 58 72 152 118 113 55 143 84 54 88 155 158 93 120 68 53 79 86 146 82 51 58 125 62 43 147 96 41 64 46 139 40 83 64 93 122 109 42 86 47 0 113 69 71 69 69
85 51 63 120 112 69 41 98 59 141 134 140 145 145 79 130 54 113 82 101 136 84 47 152 48 61 121 149 93 68 99 75 147 83 115 83 129 124 114 110 87 132 51 48 75 65 49 129 124 74 74 97 125 59 149 147 156 61 125 126 144 69 78 150 139 79 155 103 114 82 148 123 71 62 44 0 116 97 99 54
117 159 91 153 137 157 88 74 54 46 74 54 128 143 45 48 57 154 108 140 49 122 55 51 114 152 127 122 126 118 83 71 98 59 114 62 62 47 108 55 160 149 78 146 128 62 59 143 158 128 110 160 92 157 153 86 128 105 102 149 117 46 148 109 71 98 55 74 98 85 154 73 106 66 125 93 0 137 75 91
131 157 65 133 117 107 42 126 81 52 146 137 144 80 108 106 51 158 66 57 89 91 124 54 73 52 127 54 91 132 158 46 56 142 125 66 149 70 45 102 156 135 116 158 95 113 52 131 72 107 157 156 101 98 132 89 149 133 130 82 43 67 101 132 150 72 88 118 95 89 81 105 82 99 69 62 123 0 153 132
80 83 86 75 151 155 74 160 113 155 134 98 100 142 135 110 155 150 45 63 132 42 114 46 114 142 160 123 58 59 92 47 157 60 56 66 107 101 157 49 93 154 51 105 125 153 116 60 45 74 144 150 82 132 42 132 122 67 67 45 100 160 41 80 128 143 55 66 89 109 107 159 117 138 90 118 56 52 0 123
64 69 159 124 53 105 135 127 80 111 47 151 62 47 127 106 93 98 66 89 46 101 126 101 68 44 115 77 140 155 99 129 118 77 110 123 85 136 68 103 154 139 107 84 83 111 82 123 152 134 93 55 70 110 77 151 83 145 59 160 123 106 152 45 128 67 155 150 114 68 106 45 64 52 129 57 110 65 127 0
