2
116
0 22 22 22 15 18 12 16 6 10
0 7 6 8 10 2 4 12 7 12
11 0 3 10 9 6 7 8 6 4
4 11 0 2 5 4 11 9 3 5
5 10 10 0 4 7 12 5 10 9
5 10 9 11 0 7 6 5 7 8
8 3 8 4 12 0 8 10 11 3
3 5 5 8 7 5 0 6 3 12
9 2 12 9 11 11 3 0 12 3
9 7 12 8 10 9 11 8 0 11
8 6 5 3 4 3 11 2 10 0
121
0 19 5 20 6 22 9 19 10 19
0 3 9 8 7 4 4 8 4 4
6 0 6 8 10 12 5 12 5 4
7 5 0 5 12 4 8 8 5 4
3 10 11 0 8 12 10 5 10 7
12 5 10 5 0 9 3 6 10 3
9 5 9 9 9 0 12 2 10 2
3 8 5 4 2 6 0 11 8 11
3 9 11 7 7 7 10 0 2 7
7 7 11 2 3 4 10 7 0 4
11 10 9 8 9 11 10 6 4 0
