3
142
0 21 15 25 22 14 12 7 24 16
0 3 4 3 10 7 11 4 12 11
10 0 6 11 6 11 8 10 12 2
5 3 0 3 3 9 12 10 12 4
11 5 11 0 5 12 6 9 2 11
8 8 5 8 0 12 3 5 9 9
4 6 4 7 5 0 7 5 7 10
9 2 7 3 6 4 0 8 6 8
7 3 7 5 4 9 10 0 6 7
8 7 9 3 3 5 5 6 0 8
2 4 9 11 3 5 4 6 4 0
136
0 5 11 10 16 14 20 14 21 16
0 6 10 2 4 11 10 3 7 10
3 0 9 9 7 12 10 8 4 5
9 9 0 6 7 7 4 4 6 3
12 12 3 0 11 4 7 5 10 10
8 6 9 6 0 6 6 4 6 5
6 4 9 10 10 0 5 6 9 9
6 3 10 9 9 11 0 8 4 5
4 3 5 10 12 6 12 0 11 5
9 10 3 2 10 11 8 12 0 10
6 12 3 8 8 11 5 6 5 0
125
0 19 11 7 22 16 11 17 14 17
0 2 12 8 8 8 7 11 3 9
12 0 8 4 6 10 6 12 8 4
3 8 0 11 8 5 8 10 3 2
3 5 7 0 7 12 10 7 11 7
9 10 12 5 0 11 8 4 12 10
7 7 6 3 11 0 3 3 3 9
12 8 11 7 8 11 0 10 11 11
9 7 3 9 6 10 6 0 10 4
8 12 3 11 7 11 12 5 0 10
4 4 3 5 6 3 4 10 9 0
