5
100
0 13 25 24 17 17 23 15 16 25
0 10 11 2 6 2 7 10 7 5
6 0 3 10 5 7 12 12 11 9
2 5 0 9 5 7 10 12 6 12
4 8 12 0 4 10 5 7 6 2
6 7 3 6 0 3 8 8 3 5
11 10 3 10 4 0 9 2 5 12
4 5 11 10 11 12 0 2 10 9
9 4 7 10 6 9 11 0 6 11
7 9 4 10 9 10 9 9 0 6
5 11 7 7 10 8 3 9 7 0
122
0 23 15 20 24 17 19 15 6 7
0 10 5 3 3 7 3 2 12 7
9 0 4 8 10 5 9 9 8 8
9 3 0 7 5 12 12 10 12 7
4 5 11 0 7 5 6 4 8 4
4 8 3 11 0 11 9 11 3 4
3 10 9 3 12 0 12 5 12 2
7 11 6 8 4 11 0 12 8 8
6 8 5 10 8 5 10 0 4 10
4 7 10 8 8 4 3 6 0 5
8 7 9 4 5 6 9 8 12 0
144
0 11 13 5 13 16 8 20 12 20
0 10 12 3 10 9 4 12 5 5
6 0 3 12 7 2 9 12 12 10
4 8 0 9 5 3 7 12 6 11
9 12 3 0 12 4 4 7 4 7
5 11 2 5 0 10 7 6 10 5
4 3 7 6 8 0 5 9 12 8
11 6 10 3 12 7 0 6 6 2
3 9 6 11 5 6 5 0 3 7
5 3 5 10 7 4 8 2 0 5
3 7 9 4 3 5 7 3 2 0
130
0 11 15 7 23 23 8 15 8 14
0 12 4 11 3 9 11 5 4 6
3 0 10 6 12 4 2 11 10 11
5 5 0 8 9 9 2 10 7 10
9 9 5 0 3 4 10 8 2 6
12 3 6 5 0 5 9 4 12 4
8 5 5 3 8 0 3 9 3 7
2 8 11 3 7 4 0 11 10 5
3 12 4 6 12 8 12 0 11 5
4 9 8 9 3 6 3 9 0 11
4 6 9 3 9 7 8 4 7 0
141
0 12 25 7 8 17 13 7 12 5
0 12 3 8 4 4 4 5 9 3
3 0 9 5 4 9 6 9 11 6
10 3 0 7 8 10 7 3 11 12
2 9 9 0 6 12 4 3 12 2
6 12 8 12 0 11 12 12 8 3
6 3 10 7 5 0 12 10 2 7
3 8 3 12 11 8 0 6 12 4
11 10 8 10 12 12 4 0 4 8
7 6 3 4 10 10 6 8 0 3
5 9 3 10 6 6 11 9 4 0
